Results for:	
File:	C:\Users\User\OneDrive - Massachusetts Institute of Technology\Documents\MIT\Grad School\Classes\2.156\Lens Project\Prime Lenses\KR1020180065114_Example04P.zmx
Title:	KR 10-2018-0065114 Example 4 (Samyang AF 35mm F2.8 FE)
Date:	11/7/2025 5:33:26 PM

0 message(s) in output.
3 series table(s) in output.

Table series: Data for wavelength : 0.486133 µm.
   Y Angle (deg)       Tan Shift       Sag Shift     Real Height     Ref. Height      Distortion
  --------------  --------------  --------------  --------------  --------------  --------------
      0.00000000 -3.2515003E-003 -3.2515003E-003      0.00000000      0.00000000      0.00000000
      0.31659487 -3.2662979E-003 -3.2802711E-003      0.19686221      0.19686173  2.4820067E-004
      0.63318973 -3.3003838E-003 -3.3663686E-003      0.39373941      0.39373547  1.0005177E-003
      0.94978460 -3.3511782E-003 -3.5091505E-003      0.59064658      0.59063327  2.2547428E-003
       1.2663795 -3.4144689E-003 -3.7075574E-003      0.78759873      0.78756714  4.0113911E-003
       1.5829743 -3.4845154E-003 -3.9601280E-003      0.98461087      0.98454913  6.2711214E-003
       1.8995692 -3.5541901E-003 -4.2650210E-003       1.1816980       1.1815913  9.0346804E-003
       2.2161641 -3.6151551E-003 -4.6200422E-003       1.3788753       1.3787057     0.012302828
       2.5327589 -3.6580721E-003 -5.0226774E-003       1.5761577       1.5759044     0.016076249
       2.8493538 -3.6728392E-003 -5.4701294E-003       1.7735605       1.7731995     0.020355453
       3.1659487 -3.6488528E-003 -5.9593589E-003       1.9710986       1.9706032     0.025140662
       3.4825435 -3.5752869E-003 -6.4871302E-003       2.1687874       2.1681276     0.030431692
       3.7991384 -3.4413867E-003 -7.0500584E-003       2.3666419       2.3657849     0.036227821
       4.1157332 -3.2367694E-003 -7.6446588E-003       2.5646775       2.5635873     0.042527660
       4.4323281 -2.9517260E-003 -8.2673995E-003       2.7629093       2.7615470     0.049329014
       4.7489230 -2.5775215E-003 -8.9147512E-003       2.9613524       2.9596764     0.056628747
       5.0655178 -2.1066820E-003 -9.5832391E-003       3.1600222       3.1579878     0.064422640
       5.3821127 -1.5332678E-003    -0.010269495       3.3589339       3.3564935     0.072705265
       5.6987076 -8.5312560E-004    -0.010970303       3.5581025       3.5552061     0.081469852
       6.0153024 -6.4113248E-005    -0.011682648       3.7575432       3.7541379     0.090708170
       6.3318973  8.3370562E-004    -0.012403755       3.9572710       3.9533014      0.10041041
       6.6484922  1.8379027E-003    -0.013131133       4.1573009       4.1527094      0.11056510
       6.9650870  2.9435647E-003    -0.013862605       4.3576477       4.3523744      0.12115899
       7.2816819  4.1432147E-003    -0.014596338       4.5583263       4.5523092      0.13217700
       7.5982768  5.4267775E-003    -0.015330867       4.7593512       4.7525265      0.14360212
       7.9148716  6.7815906E-003    -0.016065113       4.9607370       4.9530392      0.15541542
       8.2314665  8.1924613E-003    -0.016798396       5.1624978       5.1538602      0.16759597
       8.5480614  9.6417692E-003    -0.017530435       5.3646479       5.3550025      0.18012082
       8.8646562     0.011109615    -0.018261352       5.5672012       5.5564792      0.19296504
       9.1812511     0.012574013    -0.018991663       5.7701714       5.7583034      0.20610169
       9.4978460     0.014011123    -0.019722259       5.9735719       5.9604885      0.21950187
       9.8144408     0.015395523    -0.020454394       6.1774160       6.1630478      0.23313473
       10.131036     0.016700516    -0.021189648       6.3817166       6.3659947      0.24696758
       10.447631     0.017898469    -0.021929905       6.5864865       6.5693427      0.26096588
       10.764225     0.018961172    -0.022677305       6.7917379       6.7731056      0.27509337
       11.080820     0.019860230    -0.023434209       6.9974831       6.9772970      0.28931212
       11.397415     0.020567454    -0.024203148       7.2037339       7.1819308      0.30358264
       11.714010     0.021055283    -0.024986772       7.4105017       7.3870210      0.31786395
       12.030605     0.021297189    -0.025787795       7.6177977       7.5925817      0.33211369
       12.347200     0.021268101    -0.026608940       7.8256329       7.7986272      0.34628822
       12.663795     0.020944805    -0.027452874       8.0340177       8.0051716      0.36034269
       12.980389     0.020306343    -0.028322152       8.2429624       8.2122296      0.37423118
       13.296984     0.019334394    -0.029219153       8.4524768       8.4198158      0.38790676
       13.613579     0.018013621    -0.030146015       8.6625706       8.6279448      0.40132158
       13.930174     0.016332005    -0.031104574       8.8732530       8.8366316      0.41442695
       14.246769     0.014281134    -0.032096302       9.0845329       9.0458912      0.42717341
       14.563364     0.011856464    -0.033122245       9.2964189       9.2557389      0.43951079
       14.879959  9.0575369E-003    -0.034182965       9.5089192       9.4661899      0.45138828
       15.196554  5.8881490E-003    -0.035278482       9.7220417       9.6772598      0.46275443
       15.513148  2.3564810E-003    -0.036408218       9.9357941       9.8889642      0.47355719
       15.829743 -1.5248275E-003    -0.037570950       10.150184       10.101319      0.48374395
       16.146338 -5.7386536E-003    -0.038764755       10.365217       10.314340      0.49326148
       16.462933    -0.010263421    -0.039986972       10.580901       10.528044      0.50205595
       16.779528    -0.015073187    -0.041234155       10.797242       10.742447      0.51007290
       17.096123    -0.020137782    -0.042502040       11.014245       10.957566      0.51725714
       17.412718    -0.025423014    -0.043785507       11.231916       11.173417      0.52355275
       17.729312    -0.030890927    -0.045078560       11.450260       11.390017      0.52890295
       18.045907    -0.036500118    -0.046374294       11.669281       11.607385      0.53325000
       18.362502    -0.042206118    -0.047664880       11.888984       11.825536      0.53653510
       18.679097    -0.047961830    -0.048941550       12.109372       12.044489      0.53869825
       18.995692    -0.053718027    -0.050194583       12.330449       12.264261      0.53967809
       19.312287    -0.059423909    -0.051413304       12.552216       12.484871      0.53941177
       19.628882    -0.065027721    -0.052586079       12.774677       12.706338      0.53783472
       19.945477    -0.070477427    -0.053700316       12.997832       12.928679      0.53488048
       20.262071    -0.075721444    -0.054742480       13.221681       13.151913      0.53048049
       20.578666    -0.080709426    -0.055698094       13.446226       13.376060      0.52456388
       20.895261    -0.085393114    -0.056551762       13.671464       13.601139      0.51705718
       21.211856    -0.089727222    -0.057287186       13.897395       13.827169      0.50788416
       21.528451    -0.093670385    -0.057887188       14.124016       14.054171      0.49696550
       21.845046    -0.097186151    -0.058333739       14.351322       14.282165      0.48421854
       22.161641     -0.10024401    -0.058607985       14.579310       14.511171      0.46955705
       22.478235     -0.10282046    -0.058690287       14.807972       14.741211      0.45289087
       22.794830     -0.10490011    -0.058560249       15.037303       14.972304      0.43412571
       23.111425     -0.10647683    -0.058196763       15.267293       15.204474      0.41316280
       23.428020     -0.10755485    -0.057578053       15.497933       15.437741      0.38989864
       23.744615     -0.10814995    -0.056681709       15.729210       15.672128      0.36422468
       24.061210     -0.10829064    -0.055484746       15.961111       15.907657      0.33602708
       24.377805     -0.10801927    -0.053963645       16.193621       16.144351      0.30518640
       24.694399     -0.10739319    -0.052094412       16.426724       16.382234      0.27157734
       25.010994     -0.10648589    -0.049852626       16.660399       16.621328      0.23506850
       25.327589     -0.10538805    -0.047213505       16.894627       16.861658      0.19552212
       25.644184     -0.10420863    -0.044151964       17.129382       17.103249      0.15279386
       25.960779     -0.10307591    -0.040642681       17.364639       17.346125      0.10673261
       26.277374     -0.10213841    -0.036660177       17.600369       17.590311     0.057180281
       26.593969     -0.10156594    -0.032178890       17.836542       17.835833  3.9716438E-003
       26.910564     -0.10155048    -0.027173274       18.073122       18.082718    -0.053065787
       27.227158     -0.10230723    -0.021617896       18.310073       18.330991     -0.11411189
       27.543753     -0.10407557    -0.015487560       18.547355       18.580680     -0.17935400
       27.860348     -0.10712023 -8.7574488E-003       18.784923       18.831812     -0.24898700
       28.176943     -0.11173260 -1.4032891E-003       19.022732       19.084416     -0.32321338
       28.493538     -0.11823232  6.5984458E-003       19.260731       19.338519     -0.40224319
       28.810133     -0.12696921     0.015270295       19.498866       19.594151     -0.48629415
       29.126728     -0.13832581     0.024633515       19.737079       19.851342     -0.57559161
       29.443322     -0.15272055     0.034707719       19.975309       20.110121     -0.67036860
       29.759917     -0.17061191     0.045510446       20.213491       20.370520     -0.77086585
       30.076512     -0.19250369     0.057056610       20.451553       20.632570     -0.87733193
       30.393107     -0.21895186     0.069357844       20.689423       20.896301     -0.99002337
       30.709702     -0.25057318     0.082421694       20.927021       21.161749      -1.1092049
       31.026297     -0.28805614     0.096250617       21.164264       21.428944      -1.2351500
       31.342892     -0.33217467      0.11084075       21.401063       21.697921      -1.3681411
       31.659487     -0.38380516      0.12618043       21.637323       21.968715      -1.5084708

Table series: Data for wavelength : 0.587562 µm.
   Y Angle (deg)       Tan Shift       Sag Shift     Real Height     Ref. Height      Distortion
  --------------  --------------  --------------  --------------  --------------  --------------
      0.00000000     0.022603157     0.022603157      0.00000000      0.00000000      0.00000000
      0.31659487     0.022560980     0.022561178      0.19696622      0.19696577  2.3026931E-004
      0.63318973     0.022446669     0.022435458      0.39394719      0.39394356  9.2125298E-004
      0.94978460     0.022262846     0.022226647      0.59095766      0.59094541  2.0733050E-003
       1.2663795     0.022013793     0.021935821      0.78801241      0.78798336  3.6870045E-003
       1.5829743     0.021705352     0.021564461      0.98512622      0.98506945  5.7631266E-003
       1.8995692     0.021344784     0.021114436       1.1823139       1.1822157  8.3025514E-003
       2.2161641     0.020940595     0.020587973       1.3795903       1.3794343     0.011306206
       2.5327589     0.020502328     0.019987630       1.5769702       1.5767372     0.014774979
       2.8493538     0.020040334     0.019316251       1.7744686       1.7741366     0.018709607
       3.1659487     0.019565507     0.018576933       1.9721003       1.9716447     0.023110584
       3.4825435     0.019089014     0.017772978       2.1698804       2.1692734     0.027978024
       3.7991384     0.018622004     0.016907846       2.3678237       2.3670352     0.033311544
       4.1157332     0.018175314     0.015985107       2.5659453       2.5649421     0.039110128
       4.4323281     0.017759167     0.015008391       2.7642601       2.7630065     0.045371993
       4.7489230     0.017382884     0.013981333       2.9627832       2.9612406     0.052094449
       5.0655178     0.017054597     0.012907528       3.1615296       3.1596568     0.059273769
       5.3821127     0.016780985     0.011790478       3.3605143       3.3582674     0.066905050
       5.6987076     0.016567024     0.010633545       3.5597521       3.5570850     0.074982092
       6.0153024     0.016415770  9.4399064E-003       3.7592581       3.7561219     0.083497273
       6.3318973     0.016328169  8.2125105E-003       3.9590472       3.9553907     0.092441438
       6.6484922     0.016302904  6.9540413E-003       4.1591339       4.1549041      0.10180380
       6.9650870     0.016336278  5.6668836E-003       4.3595332       4.3546746      0.11157185
       7.2816819     0.016422143  4.3530941E-003       4.5602596       4.5547151      0.12173127
       7.5982768     0.016551867  3.0143791E-003       4.7613275       4.7550382      0.13226589
       7.9148716     0.016714351  1.6520765E-003       4.9627512       4.9556568      0.14315762
       8.2314665     0.016896088  2.6714497E-004       5.1645450       5.1565839      0.15438644
       8.5480614     0.017081272 -1.1398407E-003       5.3667228       5.3578325      0.16593034
       8.8646562     0.017251945 -2.5686883E-003       5.5692984       5.5594157      0.17776537
       9.1812511     0.017388195 -4.0195798E-003       5.7722855       5.7613467      0.18986560
       9.4978460     0.017468387 -5.4930574E-003       5.9756973       5.9636386      0.20220319
       9.8144408     0.017469439 -6.9900022E-003       6.1795470       6.1663049      0.21474839
       10.131036     0.017367127 -8.5116079E-003       6.3838474       6.3693591      0.22746961
       10.447631     0.017136423    -0.010059348       6.5886112       6.5728146      0.24033350
       10.764225     0.016751856    -0.011634940       6.7938508       6.7766851      0.25330498
       11.080820     0.016187896    -0.013240300       6.9995781       6.9809844      0.26634735
       11.397415     0.015419352    -0.014877495       7.2058049       7.1857264      0.27942236
       11.714010     0.014421779    -0.016548699       7.4125427       7.3909250      0.29249032
       12.030605     0.013171890    -0.018256130       7.6198027       7.5965944      0.30551018
       12.347200     0.011647969    -0.020001997       7.8275957       7.8027487      0.31843961
       12.663795  9.8302689E-003    -0.021788442       8.0359323       8.0094023      0.33123514
       12.980389  7.7014084E-003    -0.023617477       8.2448226       8.2165697      0.34385222
       13.296984  5.2467394E-003    -0.025490925       8.4542766       8.4242656      0.35624530
       13.613579  2.4546987E-003    -0.027410353       8.6643040       8.6325046      0.36836795
       13.930174 -6.8287111E-004    -0.029377017       8.8749139       8.8413017      0.38017291
       14.246769 -4.1704323E-003    -0.031391793       9.0861155       9.0506719      0.39161218
       14.563364 -8.0084999E-003    -0.033455124       9.2979172       9.2606305      0.40263705
       14.879959    -0.012193429    -0.035566956       9.5103275       9.4711927      0.41319817
       15.196554    -0.016717246    -0.037726687       9.7233543       9.6823741      0.42324559
       15.513148    -0.021567529    -0.039933108       9.9370055       9.8941904      0.43272878
       15.829743    -0.026727330    -0.042184357       10.151288       10.106658      0.44159661
       16.146338    -0.032175159    -0.044477870       10.366210       10.319791      0.44979740
       16.462933    -0.037885011    -0.046810334       10.581776       10.533608      0.45727887
       16.779528    -0.043826459    -0.049177653       10.797995       10.748125      0.46398808
       17.096123    -0.049964790    -0.051574906       11.014871       10.963357      0.46987143
       17.412718    -0.056261208    -0.053996319       11.232410       11.179322      0.47487456
       17.729312    -0.062673093    -0.056435235       11.450617       11.396037      0.47894228
       18.045907    -0.069154315    -0.058884094       11.669498       11.613519      0.48201846
       18.362502    -0.075655609    -0.061334411       11.889057       11.831786      0.48404590
       18.679097    -0.082125011    -0.063776764       12.109297       12.050854      0.48496625
       18.995692    -0.088508344    -0.066200781       12.330222       12.270743      0.48471979
       19.312287    -0.094749777    -0.068595142       12.551834       12.491470      0.48324534
       19.628882     -0.10079242    -0.070947572       12.774137       12.713053      0.48048000
       19.945477     -0.10657901    -0.073244845       12.997131       12.935511      0.47635904
       20.262071     -0.11205262    -0.075472797       13.220818       13.158864      0.47081563
       20.578666     -0.11715741    -0.077616332       13.445197       13.383129      0.46378064
       20.895261     -0.12183951    -0.079659444       13.670270       13.608327      0.45518243
       21.211856     -0.12604786    -0.081585233       13.896033       13.834477      0.44494658
       21.528451     -0.12973514    -0.083375930       14.122485       14.061599      0.43299561
       21.845046     -0.13285877    -0.085012925       14.349623       14.289713      0.41924880
       22.161641     -0.13538189    -0.086476797       14.577442       14.518840      0.40362185
       22.478235     -0.13727442    -0.087747349       14.805936       14.749001      0.38602661
       22.794830     -0.13851414    -0.088803640       15.035100       14.980217      0.36637084
       23.111425     -0.13908780    -0.089624032       15.264925       15.212509      0.34455790
       23.428020     -0.13899223    -0.090186223       15.495402       15.445900      0.32048647
       23.744615     -0.13823546    -0.090467301       15.726519       15.680410      0.29405029
       24.061210     -0.13683788    -0.090443781       15.958263       15.916064      0.26513788
       24.377805     -0.13483333    -0.090091662       16.190622       16.152883      0.23363226
       24.694399     -0.13227020    -0.089386470       16.423577       16.390891      0.19941069
       25.010994     -0.12921254    -0.088303320       16.657110       16.630112      0.16234447
       25.327589     -0.12574108    -0.086816968       16.891202       16.870570      0.12229867
       25.644184     -0.12195426    -0.084901872       17.125829       17.112288     0.079131937
       25.960779     -0.11796918    -0.082532257       17.360967       17.355292     0.032696302
       26.277374     -0.11392255    -0.079682187       17.596587       17.599607    -0.017162987
       26.593969     -0.10997160    -0.076325638       17.832659       17.845259    -0.070607600
       26.910564     -0.10629497    -0.072436591       18.069151       18.092274     -0.12780625
       27.227158     -0.10309362    -0.067989124       18.306027       18.340679     -0.18893478
       27.543753     -0.10059181    -0.062957531       18.543247       18.590500     -0.25417622
       27.860348    -0.099038139    -0.057316453       18.780770       18.841765     -0.32372083
       28.176943    -0.098706847    -0.051041038       19.018550       19.094502     -0.39776610
       28.493538    -0.099899295    -0.044107129       19.256539       19.348739     -0.47651679
       28.810133     -0.10294590    -0.036491503       19.494685       19.604507     -0.56018484
       29.126728     -0.10820859    -0.028172139       19.732932       19.861833     -0.64898943
       29.443322     -0.11608397    -0.019128578       19.971221       20.120749     -0.74315690
       29.759917     -0.12700745 -9.3423303E-003       20.209488       20.381286     -0.84292078
       30.076512     -0.14145860  1.2025917E-003       20.447666       20.643474     -0.94852185
       30.393107     -0.15996796     0.012519048       20.685684       20.907345      -1.0602082
       30.709702     -0.18312583     0.024615979       20.923465       21.172932      -1.1782356
       31.026297     -0.21159337     0.037497436       21.160930       21.440269      -1.3028676
       31.342892     -0.24611653     0.051161407       21.397994       21.709388      -1.4343761
       31.659487     -0.28754347     0.065598334       21.634565       21.980325      -1.5730421

Table series: Data for wavelength : 0.656273 µm.
   Y Angle (deg)       Tan Shift       Sag Shift     Real Height     Ref. Height      Distortion
  --------------  --------------  --------------  --------------  --------------  --------------
      0.00000000     0.057612612     0.057612612      0.00000000      0.00000000      0.00000000
      0.31659487     0.057561053     0.057565844      0.19702617      0.19702581  1.8445560E-004
      0.63318973     0.057419353     0.057425761      0.39406700      0.39406364  8.5147204E-004
      0.94978460     0.057190158     0.057193019      0.59113715      0.59112555  1.9635868E-003
       1.2663795     0.056877791     0.056868700      0.78825132      0.78822356  3.5214477E-003
       1.5829743     0.056488151     0.056454296      0.98542418      0.98536973  5.5258503E-003
       1.8995692     0.056028573     0.055951693       1.1826705       1.1825761  7.9777353E-003
       2.2161641     0.055507656     0.055363136       1.3800049       1.3798548     0.010878101
       2.5327589     0.054935055     0.054691202       1.5774423       1.5772179     0.014227916
       2.8493538     0.054321248     0.053938764       1.7749974       1.7746774     0.018028024
       3.1659487     0.053677282     0.053108947       1.9726851       1.9722457     0.022279015
       3.4825435     0.053014492     0.052205085       2.1705202       2.1699347     0.026981148
       3.7991384     0.052344223     0.051230678       2.3685176       2.3677567     0.032134178
       4.1157332     0.051677526     0.050189335       2.5666922       2.5657240     0.037737238
       4.4323281     0.051024868     0.049084732       2.7650590       2.7638487     0.043788720
       4.7489230     0.050395837     0.047920555       2.9636328       2.9621432     0.050286125
       5.0655178     0.049798860     0.046700455       3.1624286       3.1606199     0.057225928
       5.3821127     0.049240940     0.045427993       3.3614613       3.3592911     0.064603451
       5.6987076     0.048727408     0.044106596       3.5607458       3.5581693     0.072412732
       6.0153024     0.048261707     0.042739511       3.7602970       3.7572669     0.080646404
       6.3318973     0.047845205     0.041329762       3.9601295       3.9565964     0.089295587
       6.6484922     0.047477041     0.039880114       4.1602582       4.1561706     0.098349784
       6.9650870     0.047154013     0.038393039       4.3606977       4.3560021      0.10779679
       7.2816819     0.046870504     0.036870686       4.5614625       4.5561035      0.11762263
       7.5982768     0.046618459     0.035314859       4.7625670       4.7564876      0.12781146
       7.9148716     0.046387393     0.033727002       4.9640255       4.9571674      0.13834557
       8.2314665     0.046164461     0.032108184       5.1658520       5.1581558      0.14920529
       8.5480614     0.045934559     0.030459098       5.3680607       5.3594658      0.16036904
       8.8646562     0.045680484     0.028780058       5.5706651       5.5611104      0.17181326
       9.1812511     0.045383121     0.027071015       5.7736789       5.7631029      0.18351246
       9.4978460     0.045021686     0.025331562       5.9771153       5.9654565      0.19543923
       9.8144408     0.044573994     0.023560963       6.1809875       6.1681846      0.20756431
       10.131036     0.044016770     0.021758173       6.3853083       6.3713006      0.21985657
       10.447631     0.043325985     0.019921878       6.5900903       6.5748181      0.23228315
       10.764225     0.042477220     0.018050525       6.7953458       6.7787508      0.24480948
       11.080820     0.041446047     0.016142367       7.0010869       6.9831124      0.25739937
       11.397415     0.040208429     0.014195515       7.2073253       7.1879168      0.27001512
       11.714010     0.038741125     0.012207982       7.4140724       7.3931780      0.28261757
       12.030605     0.037022105     0.010177739       7.6213394       7.5989100      0.29516622
       12.347200     0.035030954  8.1027740E-003       7.8291372       7.8051272      0.30761933
       12.663795     0.032749283  5.9811504E-003       8.0374764       8.0118438      0.31993399
       12.980389     0.030161109  3.8110658E-003       8.2463671       8.2190744      0.33206623
       13.296984     0.027253232  1.5909152E-003       8.4558194       8.4268335      0.34397112
       13.613579     0.024015584 -6.8064767E-004       8.6658428       8.6351360      0.35560282
       13.930174     0.020441543 -3.0046485E-003       8.8764467       8.8439968      0.36691469
       14.246769     0.016528227 -5.3817314E-003       9.0876401       9.0534308      0.37785934
       14.563364     0.012276742 -7.8120988E-003       9.2994316       9.2634534      0.38838870
       14.879959  7.6923939E-003    -0.010295454       9.5118296       9.4740798      0.39845406
       15.196554  2.7848545E-003    -0.012830944       9.7248423       9.6853256      0.40800610
       15.513148 -2.4317159E-003    -0.015417108       9.9384773       9.8972065      0.41699493
       15.829743 -7.9385987E-003    -0.018051826       10.152742       10.109738      0.42537010
       16.146338    -0.013712495    -0.020732271       10.367644       10.322937      0.43308058
       16.462933    -0.019725559    -0.023454866       10.583189       10.536819      0.44007475
       16.779528    -0.025945485    -0.026215245       10.799384       10.751401      0.44630034
       17.096123    -0.032335653    -0.029008217       11.016236       10.966699      0.45170445
       17.412718    -0.038855322    -0.031827733       11.233749       11.182730      0.45623339
       17.729312    -0.045459896    -0.034666862       11.451930       11.399511      0.45983266
       18.045907    -0.052101235    -0.037517763       11.670782       11.617059      0.46244682
       18.362502    -0.058728027    -0.040371672       11.890311       11.835392      0.46401939
       18.679097    -0.065286226    -0.043218888       12.110520       12.054528      0.46449273
       18.995692    -0.071719537    -0.046048757       12.331413       12.274483      0.46380784
       19.312287    -0.077969970    -0.048849678       12.552994       12.495277      0.46190426
       19.628882    -0.083978439    -0.051609093       12.775263       12.716928      0.45871985
       19.945477    -0.089685432    -0.054313498       12.998224       12.939454      0.45419062
       20.262071    -0.095031728    -0.056948446       13.221877       13.162875      0.44825049
       20.578666    -0.099959164    -0.059498564       13.446223       13.387208      0.44083112
       20.895261     -0.10441147    -0.061947568       13.671262       13.612475      0.43186166
       21.211856     -0.10833513    -0.064278282       13.896992       13.838694      0.42126846
       21.528451     -0.11168033    -0.066472666       14.123411       14.065885      0.40897492
       21.845046     -0.11440190    -0.068511838       14.350517       14.294069      0.39490111
       22.161641     -0.11646032    -0.070376109       14.578304       14.523266      0.37896360
       22.478235     -0.11782279    -0.072045016       14.806769       14.753497      0.36107515
       22.794830     -0.11846426    -0.073497358       15.035903       14.984784      0.34114440
       23.111425     -0.11836858    -0.074711235       15.265701       15.217147      0.31907567
       23.428020     -0.11752954    -0.075664091       15.496152       15.450608      0.29476862
       23.744615     -0.11595205    -0.076332759       15.727245       15.685190      0.26811798
       24.061210     -0.11365320    -0.076693505       15.958969       15.920916      0.23901332
       24.377805     -0.11066343    -0.076722076       16.191308       16.157807      0.20733875
       24.694399     -0.10702755    -0.076393753       16.424248       16.395888      0.17297269
       25.010994     -0.10280586    -0.075683402       16.657770       16.635182      0.13578763
       25.327589    -0.098075115    -0.074565532       16.891854       16.875712     0.095649914
       25.644184    -0.092929578    -0.073014351       17.126477       17.117504     0.052419509
       25.960779    -0.087481915    -0.071003834       17.361615       17.360583  5.9498602E-003
       26.277374    -0.081864127    -0.068507786       17.597242       17.604972    -0.043912286
       26.593969    -0.076228418    -0.065499919       17.833326       17.850699    -0.097327011
       26.910564    -0.070748060    -0.061953938       18.069835       18.097789     -0.15446133
       27.227158    -0.065618271    -0.057843640       18.306735       18.346269     -0.21548927
       27.543753    -0.061057139    -0.053143007       18.543987       18.596167     -0.28059191
       27.860348    -0.057306657    -0.047826363       18.781550       18.847508     -0.34995742
       28.176943    -0.054633929    -0.041868508       19.019379       19.100322     -0.42378107
       28.493538    -0.053332657    -0.035244908       19.257426       19.354637     -0.50226517
       28.810133    -0.053725017    -0.027931927       19.495640       19.610483     -0.58561908
       29.126728    -0.056164072    -0.019907091       19.733966       19.867888     -0.67405915
       29.443322    -0.061036922    -0.011149437       19.972347       20.126883     -0.76780867
       29.759917    -0.068768795 -1.6399142E-003       20.210719       20.387499     -0.86709791
       30.076512    -0.079828370  8.6381014E-003       20.449017       20.649766     -0.97216407
       30.393107    -0.094734629     0.019698177       20.687170       20.913718      -1.0832514
       30.709702     -0.11406564     0.031550056       20.925104       21.179386      -1.2006115
       31.026297     -0.13846969     0.044198709       21.162741       21.446804      -1.3245034
       31.342892     -0.16867933     0.057643152       21.399996       21.716006      -1.4551940
       31.659487     -0.20552893     0.071875015       21.636781       21.987025      -1.5929591
