Results for:	
File:	C:\Users\User\OneDrive - Massachusetts Institute of Technology\Documents\MIT\Grad School\Classes\2.156\Lens Project\Prime Lenses\US02452909-1.zmx
Title:	
Date:	11/7/2025 5:42:05 PM

0 message(s) in output.
3 series table(s) in output.

Table series: Data for wavelength : 0.486133 µm.
   Y Angle (deg)       Tan Shift       Sag Shift     Real Height     Ref. Height      Distortion
  --------------  --------------  --------------  --------------  --------------  --------------
      0.00000000     0.013507725     0.013507725      0.00000000      0.00000000      0.00000000
     0.090000000     0.013521260     0.013509552     0.039250793     0.039250795 -5.7082143E-006
      0.18000000     0.013561030     0.013515034     0.078501800     0.078501785  2.0160831E-005
      0.27000000     0.013627008     0.013524171      0.11775324      0.11775316  6.3224383E-005
      0.36000000     0.013719152     0.013536963      0.15700531      0.15700512  1.2342714E-004
      0.45000000     0.013837399     0.013553409      0.19625824      0.19625785  2.0066783E-004
      0.54000000     0.013981672     0.013573509      0.23551225      0.23551155  2.9482426E-004
      0.63000000     0.014151874     0.013597265      0.27476753      0.27476642  4.0574703E-004
      0.72000000     0.014347892     0.013624674      0.31402431      0.31402263  5.3325952E-004
      0.81000000     0.014569595     0.013655739      0.35328280      0.35328040  6.7715785E-004
      0.90000000     0.014816835     0.013690458      0.39254320      0.39253992  8.3721082E-004
      0.99000000     0.015089445     0.013728831      0.43180574      0.43180137  1.0131599E-003
       1.0800000     0.015387241     0.013770859      0.47107062      0.47106495  1.2047191E-003
       1.1700000     0.015710022     0.013816541      0.51033806      0.51033086  1.4115751E-003
       1.2600000     0.016057567     0.013865877      0.54960826      0.54959928  1.6333869E-003
       1.3500000     0.016429639     0.013918868      0.58888144      0.58887042  1.8697861E-003
       1.4400000     0.016825980     0.013975512      0.62815779      0.62814447  2.1203765E-003
       1.5300000     0.017246316     0.014035810      0.66743754      0.66742162  2.3847342E-003
       1.6200000     0.017690352     0.014099762      0.70672088      0.70670207  2.6624075E-003
       1.7100000     0.018157778     0.014167368      0.74600803      0.74598600  2.9529168E-003
       1.8000000     0.018648260     0.014238627      0.78529919      0.78527362  3.2557545E-003
       1.8900000     0.019161449     0.014313538      0.82459456      0.82456512  3.5703850E-003
       1.9800000     0.019696973     0.014392103      0.86389436      0.86386070  3.8962444E-003
       2.0700000     0.020254444     0.014474320      0.90319877      0.90316054  4.2327404E-003
       2.1600000     0.020833451     0.014560190      0.94250800      0.94246484  4.5792525E-003
       2.2500000     0.021433564     0.014649711      0.98182226      0.98177380  4.9351316E-003
       2.3400000     0.022054333     0.014742883       1.0211417       1.0210876  5.2996998E-003
       2.4300000     0.022695286     0.014839707       1.0604666       1.0604065  5.6722506E-003
       2.5200000     0.023355932     0.014940180       1.0997971       1.0997306  6.0520484E-003
       2.6100000     0.024035757     0.015044304       1.1391335       1.1390601  6.4383287E-003
       2.7000000     0.024734227     0.015152077       1.1784758       1.1783953  6.8302976E-003
       2.7900000     0.025450783     0.015263499       1.2178243       1.2177363  7.2271320E-003
       2.8800000     0.026184848     0.015378568       1.2571792       1.2570833  7.6279793E-003
       2.9700000     0.026935819     0.015497284       1.2965407       1.2964366  8.0319569E-003
       3.0600000     0.027703072     0.015619647       1.3359089       1.3357962  8.4381527E-003
       3.1500000     0.028485959     0.015745654       1.3752841       1.3751625  8.8456245E-003
       3.2400000     0.029283807     0.015875306       1.4146665       1.4145356  9.2533998E-003
       3.3300000     0.030095922     0.016008600       1.4540561       1.4539157  9.6604757E-003
       3.4200000     0.030921583     0.016145536       1.4934532       1.4933029     0.010065819
       3.5100000     0.031760045     0.016286113       1.5328581       1.5326976     0.010468365
       3.6000000     0.032610538     0.016430328       1.5722707       1.5720999     0.010867019
       3.6900000     0.033472264     0.016578181       1.6116914       1.6115099     0.011260654
       3.7800000     0.034344403     0.016729669       1.6511203       1.6509280     0.011648114
       3.8700000     0.035226104     0.016884791       1.6905575       1.6903542     0.012028207
       3.9600000     0.036116491     0.017043544       1.7300033       1.7297888     0.012399714
       4.0500000     0.037014660     0.017205928       1.7694578       1.7692320     0.012761381
       4.1400000     0.037919678     0.017371938       1.8089211       1.8086839     0.013111923
       4.2300000     0.038830586     0.017541574       1.8483934       1.8481449     0.013450021
       4.3200000     0.039746392     0.017714831       1.8878750       1.8876149     0.013774325
       4.4100000     0.040666077     0.017891709       1.9273658       1.9270944     0.014083451
       4.5000000     0.041588590     0.018072203       1.9668662       1.9665834     0.014375981
       4.5900000     0.042512850     0.018256310       2.0063761       2.0060822     0.014650466
       4.6800000     0.043437744     0.018444027       2.0458959       2.0455910     0.014905421
       4.7700000     0.044362128     0.018635351       2.0854256       2.0851099     0.015139328
       4.8600000     0.045284823     0.018830277       2.1249654       2.1246392     0.015350633
       4.9500000     0.046204620     0.019028801       2.1645153       2.1641791     0.015537749
       5.0400000     0.047120273     0.019230920       2.2040756       2.2037297     0.015699054
       5.1300000     0.048030502     0.019436628       2.2436464       2.2432912     0.015832892
       5.2200000     0.048933993     0.019645921       2.2832278       2.2828639     0.015937567
       5.3100000     0.049829396     0.019858793       2.3228199       2.3224480     0.016011353
       5.4000000     0.050715321     0.020075239       2.3624228       2.3620437     0.016052483
       5.4900000     0.051590346     0.020295253       2.4020368       2.4016511     0.016059157
       5.5800000     0.052453007     0.020518829       2.4416618       2.4412704     0.016029537
       5.6700000     0.053301802     0.020745960       2.4812980       2.4809020     0.015961748
       5.7600000     0.054135190     0.020976640       2.5209454       2.5205458     0.015853877
       5.8500000     0.054951590     0.021210861       2.5606044       2.5602023     0.015703974
       5.9400000     0.055749378     0.021448615       2.6002748       2.5998715     0.015510051
       6.0300000     0.056526891     0.021689895       2.6399568       2.6395537     0.015270082
       6.1200000     0.057282421     0.021934692       2.6796505       2.6792491     0.014982002
       6.2100000     0.058014217     0.022182997       2.7193560       2.7189578     0.014643705
       6.3000000     0.058720485     0.022434800       2.7590733       2.7586801     0.014253049
       6.3900000     0.059399385     0.022690091       2.7988026       2.7984162     0.013807849
       6.4800000     0.060049030     0.022948860       2.8385439       2.8381663     0.013305882
       6.5700000     0.060667488     0.023211095       2.8782973       2.8779305     0.012744884
       6.6600000     0.061252779     0.023476785       2.9180629       2.9177092     0.012122550
       6.7500000     0.061802873     0.023745918       2.9578407       2.9575024     0.011436532
       6.8400000     0.062315691     0.024018481       2.9976307       2.9973105     0.010684443
       6.9300000     0.062789106     0.024294459       3.0374331       3.0371335  9.8638536E-003
       7.0200000     0.063220936     0.024573840       3.0772479       3.0769718  8.9722897E-003
       7.1100000     0.063608950     0.024856607       3.1170750       3.1168255  8.0072363E-003
       7.2000000     0.063950862     0.025142745       3.1569146       3.1566947  6.9661345E-003
       7.2900000     0.064244334     0.025432238       3.1967667       3.1965799  5.8463821E-003
       7.3800000     0.064486969     0.025725068       3.2366314       3.2364810  4.6453323E-003
       7.4700000     0.064676319     0.026021217       3.2765085       3.2763984  3.3602943E-003
       7.5600000     0.064809876     0.026320666       3.3163982       3.3163322  1.9885321E-003
       7.6500000     0.064885075     0.026623394       3.3563004       3.3562827  5.2726441E-004
       7.7400000     0.064899293     0.026929382       3.3962152       3.3962501 -1.0263357E-003
       7.8300000     0.064849844     0.027238606       3.4361426       3.4362345 -2.6751413E-003
       7.9200000     0.064733985     0.027551044       3.4760825       3.4762362 -4.4220723E-003
       8.0100000     0.064548910     0.027866672       3.5160349       3.5162554 -6.2700955E-003
       8.1000000     0.064291750     0.028185465       3.5559999       3.5562923 -8.2222251E-003
       8.1900000     0.063959571     0.028507395       3.5959773       3.5963471    -0.010281523
       8.2800000     0.063549376     0.028832436       3.6359672       3.6364200    -0.012451101
       8.3700000     0.063058102     0.029160558       3.6759695       3.6765112    -0.014734117
       8.4600000     0.062482618     0.029491732       3.7159841       3.7166209    -0.017133781
       8.5500000     0.061819727     0.029825924       3.7560111       3.7567495    -0.019653350
       8.6400000     0.061066162     0.030163102       3.7960504       3.7968969    -0.022296133
       8.7300000     0.060218586     0.030503232       3.8361018       3.8370636    -0.025065489
       8.8200000     0.059273592     0.030846277       3.8761653       3.8772496    -0.027964829
       8.9100000     0.058227701     0.031192199       3.9162409       3.9174552    -0.030997613
       9.0000000     0.057077362     0.031540958       3.9563284       3.9576806    -0.034167357

Table series: Data for wavelength : 0.587562 µm.
   Y Angle (deg)       Tan Shift       Sag Shift     Real Height     Ref. Height      Distortion
  --------------  --------------  --------------  --------------  --------------  --------------
      0.00000000  2.5870154E-003  2.5870154E-003      0.00000000      0.00000000      0.00000000
     0.090000000  2.6002962E-003  2.5884958E-003     0.039240324     0.039240319  1.2471765E-005
      0.18000000  2.6389653E-003  2.5929372E-003     0.078480872     0.078480833  4.9870574E-005
      0.27000000  2.7029985E-003  2.6003398E-003      0.11772187      0.11772173  1.1215665E-004
      0.36000000  2.7923559E-003  2.6107038E-003      0.15696353      0.15696321  1.9926637E-004
      0.45000000  2.9069815E-003  2.6240297E-003      0.19620608      0.19620547  3.1110603E-004
      0.54000000  3.0468040E-003  2.6403181E-003      0.23544975      0.23544869  4.4755666E-004
      0.63000000  3.2117358E-003  2.6595697E-003      0.27469475      0.27469308  6.0847281E-004
      0.72000000  3.4016737E-003  2.6817854E-003      0.31394131      0.31393882  7.9368252E-004
      0.81000000  3.6164982E-003  2.7069660E-003      0.35318966      0.35318611  1.0029873E-003
      0.90000000  3.8560741E-003  2.7351128E-003      0.39244000      0.39243515  1.2361620E-003
      0.99000000  4.1202499E-003  2.7662269E-003      0.43169257      0.43168612  1.4929549E-003
       1.0800000  4.4088577E-003  2.8003096E-003      0.47094757      0.47093922  1.7730876E-003
       1.1700000  4.7217135E-003  2.8373625E-003      0.51020524      0.51019465  2.0762549E-003
       1.2600000  5.0586168E-003  2.8773871E-003      0.54946580      0.54945260  2.4021249E-003
       1.3500000  5.4193504E-003  2.9203851E-003      0.58872945      0.58871326  2.7503387E-003
       1.4400000  5.8036804E-003  2.9663584E-003      0.62799642      0.62797682  3.1205105E-003
       1.5300000  6.2113561E-003  3.0153089E-003      0.66726692      0.66724349  3.5122276E-003
       1.6200000  6.6421098E-003  3.0672388E-003      0.70654118      0.70651345  3.9250499E-003
       1.7100000  7.0956564E-003  3.1221501E-003      0.74581941      0.74578690  4.3585105E-003
       1.8000000  7.5716936E-003  3.1800453E-003      0.78510181      0.78506404  4.8121149E-003
       1.8900000  8.0699015E-003  3.2409268E-003      0.82438862      0.82434505  5.2853414E-003
       1.9800000  8.5899422E-003  3.3047971E-003      0.86368003      0.86363013  5.7776406E-003
       2.0700000  9.1314602E-003  3.3716589E-003      0.90297627      0.90291949  6.2884358E-003
       2.1600000  9.6940815E-003  3.4415149E-003      0.94227753      0.94221330  6.8171224E-003
       2.2500000     0.010277414  3.5143681E-003      0.98158404      0.98151177  7.3630678E-003
       2.3400000     0.010881046  3.5902214E-003       1.0208960       1.0208151  7.9256118E-003
       2.4300000     0.011504548  3.6690780E-003       1.0602136       1.0601235  8.5040659E-003
       2.5200000     0.012147471  3.7509410E-003       1.0995371       1.0994371  9.0977133E-003
       2.6100000     0.012809346  3.8358139E-003       1.1388666       1.1387561  9.7058090E-003
       2.7000000     0.013489684  3.9236999E-003       1.1782025       1.1780808     0.010327579
       2.7900000     0.014187977  4.0146025E-003       1.2175447       1.2174113     0.010962222
       2.8800000     0.014903697  4.1085255E-003       1.2568937       1.2567478     0.011608906
       2.9700000     0.015636293  4.2054725E-003       1.2962495       1.2960906     0.012266771
       3.0600000     0.016385194  4.3054473E-003       1.3356124       1.3354397     0.012934928
       3.1500000     0.017149810  4.4084537E-003       1.3749826       1.3747955     0.013612458
       3.2400000     0.017929525  4.5144958E-003       1.4143602       1.4141580     0.014298412
       3.3300000     0.018723704  4.6235775E-003       1.4537455       1.4535276     0.014991814
       3.4200000     0.019531689  4.7357030E-003       1.4931386       1.4929044     0.015691655
       3.5100000     0.020352797  4.8508766E-003       1.5325398       1.5322885     0.016396898
       3.6000000     0.021186326  4.9691023E-003       1.5719491       1.5716803     0.017106473
       3.6900000     0.022031545  5.0903847E-003       1.6113669       1.6110798     0.017819283
       3.7800000     0.022887703  5.2147280E-003       1.6507932       1.6504873     0.018534197
       3.8700000     0.023754023  5.3421368E-003       1.6902283       1.6899030     0.019250056
       3.9600000     0.024629703  5.4726155E-003       1.7296724       1.7293271     0.019965668
       4.0500000     0.025513914  5.6061687E-003       1.7691255       1.7687598     0.020679809
       4.1400000     0.026405804  5.7428011E-003       1.8085880       1.8082012     0.021391226
       4.2300000     0.027304493  5.8825172E-003       1.8480599       1.8476516     0.022098631
       4.3200000     0.028209072  6.0253217E-003       1.8875414       1.8871111     0.022800705
       4.4100000     0.029118609  6.1712194E-003       1.9270327       1.9265801     0.023496099
       4.5000000     0.030032140  6.3202149E-003       1.9665340       1.9660586     0.024183427
       4.5900000     0.030948675  6.4723132E-003       2.0060454       2.0055468     0.024861273
       4.6800000     0.031867193  6.6275187E-003       2.0455671       2.0450450     0.025528188
       4.7700000     0.032786645  6.7858365E-003       2.0850992       2.0845534     0.026182687
       4.8600000     0.033705950  6.9472712E-003       2.1246419       2.1240721     0.026823255
       4.9500000     0.034623998  7.1118275E-003       2.1641953       2.1636014     0.027448339
       5.0400000     0.035539645  7.2795103E-003       2.2037596       2.2031415     0.028056354
       5.1300000     0.036451719  7.4503242E-003       2.2433349       2.2426925     0.028645681
       5.2200000     0.037359012  7.6242739E-003       2.2829214       2.2822546     0.029214664
       5.3100000     0.038260283  7.8013640E-003       2.3225192       2.3218282     0.029761613
       5.4000000     0.039154257  7.9815992E-003       2.3621284       2.3614132     0.030284803
       5.4900000     0.040039627  8.1649839E-003       2.4017492       2.4010101     0.030782471
       5.5800000     0.040915048  8.3515226E-003       2.4413816       2.4406189     0.031252819
       5.6700000     0.041779138  8.5412197E-003       2.4810259       2.4802398     0.031694014
       5.7600000     0.042630481  8.7340794E-003       2.5206821       2.5198731     0.032104184
       5.8500000     0.043467623  8.9301060E-003       2.5603504       2.5595190     0.032481421
       5.9400000     0.044289070  9.1293036E-003       2.6000308       2.5991776     0.032823778
       6.0300000     0.045093291  9.3316759E-003       2.6397235       2.6388492     0.033129272
       6.1200000     0.045878714  9.5372270E-003       2.6794285       2.6785340     0.033395880
       6.2100000     0.046643727  9.7459603E-003       2.7191460       2.7182321     0.033621542
       6.3000000     0.047386677  9.9578795E-003       2.7588761       2.7579438     0.033804157
       6.3900000     0.048105870     0.010172988       2.7986189       2.7976693     0.033941587
       6.4800000     0.048799566     0.010391288       2.8383744       2.8374088     0.034031652
       6.5700000     0.049465984     0.010612784       2.8781427       2.8771624     0.034072133
       6.6600000     0.050103298     0.010837477       2.9179240       2.9169305     0.034060771
       6.7500000     0.050709636     0.011065370       2.9577182       2.9567131     0.033995265
       6.8400000     0.051283081     0.011296466       2.9975255       2.9965105     0.033873272
       6.9300000     0.051821667     0.011530766       3.0373459       3.0363229     0.033692410
       7.0200000     0.052323383     0.011768272       3.0771795       3.0761505     0.033450252
       7.1100000     0.052786165     0.012008985       3.1170264       3.1159936     0.033144330
       7.2000000     0.053207903     0.012252906       3.1568865       3.1558522     0.032772133
       7.2900000     0.053586435     0.012500036       3.1967599       3.1957267     0.032331105
       7.3800000     0.053919548     0.012750374       3.2366467       3.2356172     0.031818647
       7.4700000     0.054204974     0.013003920       3.2765470       3.2755239     0.031232118
       7.5600000     0.054440396     0.013260675       3.3164606       3.3154471     0.030568829
       7.6500000     0.054623439     0.013520635       3.3563877       3.3553869     0.029826047
       7.7400000     0.054751674     0.013783801       3.3963283       3.3953436     0.029000994
       7.8300000     0.054822616     0.014050169       3.4362824       3.4353174     0.028090846
       7.9200000     0.054833723     0.014319738       3.4762500       3.4753084     0.027092730
       8.0100000     0.054782394     0.014592503       3.5162310       3.5153169     0.026003730
       8.1000000     0.054665969     0.014868460       3.5562256       3.5553431     0.024820879
       8.1900000     0.054481728     0.015147606       3.5962336       3.5953872     0.023541165
       8.2800000     0.054226890     0.015429935       3.6362551       3.6354494     0.022161524
       8.3700000     0.053898612     0.015715440       3.6762900       3.6755299     0.020678848
       8.4600000     0.053493988     0.016004116       3.7163383       3.7156290     0.019089974
       8.5500000     0.053010047     0.016295954       3.7564000       3.7557468     0.017391695
       8.6400000     0.052443755     0.016590946       3.7964750       3.7958835     0.015580748
       8.7300000     0.051792009     0.016889082       3.8365632       3.8360395     0.013653824
       8.8200000     0.051051642     0.017190354       3.8766647       3.8762147     0.011607560
       8.9100000     0.050219416     0.017494748       3.9167793       3.9164096  9.4385424E-003
       9.0000000     0.049292027     0.017802254       3.9569069       3.9566243  7.1433038E-003

Table series: Data for wavelength : 0.656273 µm.
   Y Angle (deg)       Tan Shift       Sag Shift     Real Height     Ref. Height      Distortion
  --------------  --------------  --------------  --------------  --------------  --------------
      0.00000000     0.026520688     0.026520688      0.00000000      0.00000000      0.00000000
     0.090000000     0.026533890     0.026522039     0.039216120     0.039216103  4.5543970E-005
      0.18000000     0.026572194     0.026526094     0.078432467     0.078432399  8.6846136E-005
      0.27000000     0.026635578     0.026532852      0.11764926      0.11764908  1.5562744E-004
      0.36000000     0.026724003     0.026542314      0.15686674      0.15686635  2.5184686E-004
      0.45000000     0.026837415     0.026554481      0.19608512      0.19608438  3.7540089E-004
      0.54000000     0.026975744     0.026569353      0.23530463      0.23530339  5.2617200E-004
      0.63000000     0.027138907     0.026586931      0.27452549      0.27452356  7.0401648E-004
      0.72000000     0.027326803     0.026607216      0.31374793      0.31374508  9.0876443E-004
      0.81000000     0.027539318     0.026630210      0.35297217      0.35296815  1.1402197E-003
      0.90000000     0.027776320     0.026655915      0.39219844      0.39219296  1.3981600E-003
      0.99000000     0.028037663     0.026684331      0.43142697      0.43141971  1.6823364E-003
       1.0800000     0.028323185     0.026715461      0.47065796      0.47064859  1.9924740E-003
       1.1700000     0.028632709     0.026749307      0.50989166      0.50987979  2.3282712E-003
       1.2600000     0.028966040     0.026785871      0.54912827      0.54911351  2.6894000E-003
       1.3500000     0.029322969     0.026825155      0.58836803      0.58834994  3.0755058E-003
       1.4400000     0.029703269     0.026867161      0.62761115      0.62758927  3.4862075E-003
       1.5300000     0.030106700     0.026911894      0.66685785      0.66683170  3.9210972E-003
       1.6200000     0.030533001     0.026959354      0.70610835      0.70607743  4.3797402E-003
       1.7100000     0.030981899     0.027009546      0.74536288      0.74532664  4.8616750E-003
       1.8000000     0.031453100     0.027062473      0.78462164      0.78457954  5.3664130E-003
       1.8900000     0.031946295     0.027118138      0.82388486      0.82383631  5.8934386E-003
       1.9800000     0.032461159     0.027176544      0.86315275      0.86309715  6.4422092E-003
       2.0700000     0.032997347     0.027237695      0.90242553      0.90236226  7.0121546E-003
       2.1600000     0.033554498     0.027301596      0.94170341      0.94163182  7.6026773E-003
       2.2500000     0.034132234     0.027368250      0.98098660      0.98090604  8.2131525E-003
       2.3400000     0.034730157     0.027437661       1.0202753       1.0201851  8.8429275E-003
       2.4300000     0.035347852     0.027509834       1.0595698       1.0594692  9.4913219E-003
       2.5200000     0.035984883     0.027584773       1.0988702       1.0987586     0.010157627
       2.6100000     0.036640800     0.027662483       1.1381767       1.1380533     0.010841108
       2.7000000     0.037315129     0.027742969       1.1774896       1.1773537     0.011540998
       2.7900000     0.038007379     0.027826236       1.2168091       1.2166600     0.012256505
       2.8800000     0.038717038     0.027912288       1.2561353       1.2559722     0.012986808
       2.9700000     0.039443576     0.028001132       1.2954685       1.2952907     0.013731057
       3.0600000     0.040186441     0.028092773       1.3348089       1.3346155     0.014488372
       3.1500000     0.040945061     0.028187215       1.3741567       1.3739470     0.015257845
       3.2400000     0.041718842     0.028284466       1.4135120       1.4132853     0.016038540
       3.3300000     0.042507169     0.028384531       1.4528750       1.4526306     0.016829489
       3.4200000     0.043309406     0.028487415       1.4922461       1.4919830     0.017629696
       3.5100000     0.044124894     0.028593126       1.5316252       1.5313429     0.018438135
       3.6000000     0.044952952     0.028701669       1.5710127       1.5707103     0.019253751
       3.6900000     0.045792875     0.028813051       1.6104088       1.6100855     0.020075456
       3.7800000     0.046643936     0.028927278       1.6498135       1.6494687     0.020902133
       3.8700000     0.047505383     0.029044357       1.6892272       1.6888601     0.021732637
       3.9600000     0.048376441     0.029164296       1.7286499       1.7282599     0.022565788
       4.0500000     0.049256309     0.029287100       1.7680818       1.7676682     0.023400376
       4.1400000     0.050144162     0.029412777       1.8075232       1.8070853     0.024235162
       4.2300000     0.051039147     0.029541333       1.8469742       1.8465113     0.025068873
       4.3200000     0.051940389     0.029672778       1.8864350       1.8859465     0.025900205
       4.4100000     0.052846982     0.029807117       1.9259057       1.9253911     0.026727822
       4.5000000     0.053757995     0.029944358       1.9653865       1.9648452     0.027550355
       4.5900000     0.054672471     0.030084509       2.0048777       2.0043091     0.028366402
       4.6800000     0.055589420     0.030227577       2.0443792       2.0437830     0.029174531
       4.7700000     0.056507828     0.030373571       2.0838914       2.0832669     0.029973273
       4.8600000     0.057426649     0.030522497       2.1234143       2.1227613     0.030761128
       4.9500000     0.058344807     0.030674365       2.1629481       2.1622662     0.031536561
       5.0400000     0.059261198     0.030829182       2.2024930       2.2017818     0.032298005
       5.1300000     0.060174684     0.030986955       2.2420490       2.2413084     0.033043856
       5.2200000     0.061084096     0.031147694       2.2816165       2.2808462     0.033772476
       5.3100000     0.061988234     0.031311405       2.3211954       2.3203953     0.034482194
       5.4000000     0.062885864     0.031478099       2.3607859       2.3599559     0.035171302
       5.4900000     0.063775717     0.031647782       2.4003882       2.3995283     0.035838056
       5.5800000     0.064656493     0.031820462       2.4400025       2.4391126     0.036480677
       5.6700000     0.065526853     0.031996150       2.4796287       2.4787091     0.037097351
       5.7600000     0.066385426     0.032174851       2.5192671       2.5183180     0.037686224
       5.8500000     0.067230802     0.032356576       2.5589177       2.5579394     0.038245408
       5.9400000     0.068061535     0.032541331       2.5985807       2.5975736     0.038772976
       6.0300000     0.068876141     0.032729126       2.6382562       2.6372207     0.039266965
       6.1200000     0.069673097     0.032919969       2.6779443       2.6768809     0.039725373
       6.2100000     0.070450841     0.033113867       2.7176452       2.7165546     0.040146160
       6.3000000     0.071207771     0.033310830       2.7573588       2.7562418     0.040527246
       6.3900000     0.071942243     0.033510865       2.7970854       2.7959428     0.040866513
       6.4800000     0.072652574     0.033713980       2.8368249       2.8356577     0.041161803
       6.5700000     0.073337036     0.033920183       2.8765775       2.8753868     0.041410920
       6.6600000     0.073993858     0.034129483       2.9163433       2.9151303     0.041611624
       6.7500000     0.074621225     0.034341886       2.9561224       2.9548884     0.041761638
       6.8400000     0.075217279     0.034557400       2.9959147       2.9946612     0.041858642
       6.9300000     0.075780113     0.034776034       3.0357205       3.0344491     0.041900274
       7.0200000     0.076307774     0.034997793       3.0755397       3.0742521     0.041884132
       7.1100000     0.076798264     0.035222686       3.1153725       3.1140706     0.041807769
       7.2000000     0.077249534     0.035450719       3.1552188       3.1539046     0.041668698
       7.2900000     0.077659487     0.035681900       3.1950788       3.1937545     0.041464386
       7.3800000     0.078025974     0.035916234       3.2349524       3.2336204     0.041192260
       7.4700000     0.078346796     0.036153727       3.2748397       3.2735025     0.040849699
       7.5600000     0.078619703     0.036394387       3.3147408       3.3134010     0.040434040
       7.6500000     0.078842391     0.036638218       3.3546556       3.3533162     0.039942573
       7.7400000     0.079012502     0.036885226       3.3945842       3.3932482     0.039372545
       7.8300000     0.079127622     0.037135416       3.4345267       3.4331973     0.038721156
       7.9200000     0.079185283     0.037388792       3.4744829       3.4731636     0.037985559
       8.0100000     0.079182960     0.037645360       3.5144530       3.5131474     0.037162861
       8.1000000     0.079118069     0.037905122       3.5544370       3.5531489     0.036250120
       8.1900000     0.078987968     0.038168082       3.5944347       3.5931683     0.035244349
       8.2800000     0.078789956     0.038434244       3.6344463       3.6332058     0.034142510
       8.3700000     0.078521270     0.038703608       3.6744716       3.6732616     0.032941519
       8.4600000     0.078179087     0.038976179       3.7145107       3.7133359     0.031638240
       8.5500000     0.077760520     0.039251955       3.7545636       3.7534289     0.030229489
       8.6400000     0.077262618     0.039530939       3.7946301       3.7935409     0.028712031
       8.7300000     0.076682367     0.039813131       3.8347103       3.8336721     0.027082580
       8.8200000     0.076016686     0.040098529       3.8748041       3.8738226     0.025337800
       8.9100000     0.075262429     0.040387132       3.9149114       3.9139926     0.023474302
       9.0000000     0.074416381     0.040678938       3.9550322       3.9541825     0.021488646
