Results for:	
File:	C:\Users\User\OneDrive - Massachusetts Institute of Technology\Documents\MIT\Grad School\Classes\2.156\Lens Project\Prime Lenses\HandbookCamFig06.ZMX
Title:	
Date:	11/7/2025 5:23:24 PM

0 message(s) in output.
5 series table(s) in output.

Table series: Data for wavelength : 0.558000 µm.
   Y Angle (deg)       Tan Shift       Sag Shift     Real Height     Ref. Height      Distortion
  --------------  --------------  --------------  --------------  --------------  --------------
      0.00000000      0.23844675      0.23844675      0.00000000      0.00000000      0.00000000
      0.45809555      0.23847599      0.23840443      0.16670970      0.16671109 -8.3098047E-004
      0.91619110      0.23858940      0.23827748      0.33343239      0.33344349 -3.3303470E-003
       1.3742866      0.23878714      0.23806594      0.50018105      0.50021854 -7.4944643E-003
       1.8323822      0.23906947      0.23776988      0.66696871      0.66705758    -0.013322493
       2.2904777      0.23943676      0.23738938      0.83380842      0.83398199    -0.020812692
       2.7485733      0.23988949      0.23692456       1.0007133       1.0010132    -0.029962818
       3.2066688      0.24042824      0.23637556       1.1676964       1.1681727    -0.040770118
       3.6647644      0.24105372      0.23574257       1.3347711       1.3354820    -0.053231324
       4.1228599      0.24176673      0.23502577       1.5019506       1.5029628    -0.067342650
       4.5809555      0.24256819      0.23422539       1.6692484       1.6706367    -0.083099774
       5.0390510      0.24345912      0.23334170       1.8366779       1.8385256     -0.10049784
       5.4971466      0.24444068      0.23237497       2.0042528       2.0066514     -0.11953144
       5.9552421      0.24551413      0.23132554       2.1719868       2.1750361     -0.14019460
       6.4133377      0.24668083      0.23019375       2.3398938       2.3437019     -0.16248078
       6.8714332      0.24794229      0.22897999       2.5079880       2.5126712     -0.18638284
       7.3295288      0.24930013      0.22768468       2.6762835       2.6819664     -0.21189304
       7.7876243      0.25075609      0.22630828       2.8447947       2.8516101     -0.23900301
       8.2457199      0.25231203      0.22485129       3.0135363       3.0216253     -0.26770375
       8.7038154      0.25396995      0.22331426       3.1825231       3.1920349     -0.29798558
       9.1619110      0.25573200      0.22169775       3.3517702       3.3628622     -0.32983816
       9.6200065      0.25760042      0.22000241       3.5212929       3.5341307     -0.36325041
       10.078102      0.25957762      0.21822889       3.6911068       3.7058639     -0.39821054
       10.536198      0.26166616      0.21637795       3.8612277       3.8780860     -0.43470597
       10.994293      0.26386872      0.21445033       4.0316719       4.0508210     -0.47272336
       11.452389      0.26618815      0.21244690       4.2024557       4.2240935     -0.51224852
       11.910484      0.26862745      0.21036853       4.3735960       4.3979283     -0.55326641
       12.368580      0.27118978      0.20821620       4.5451100       4.5723503     -0.59576109
       12.826675      0.27387848      0.20599091       4.7170153       4.7473851     -0.63971570
       13.284771      0.27669704      0.20369378       4.8893298       4.9230583     -0.68511236
       13.742866      0.27964915      0.20132597       5.0620719       5.0993960     -0.73193223
       14.200962      0.28273866      0.19888873       5.2352604       5.2764247     -0.78015533
       14.659058      0.28596964      0.19638342       5.4089147       5.4541712     -0.82976062
       15.117153      0.28934634      0.19381146       5.5830545       5.6326628     -0.88072583
       15.575249      0.29287324      0.19117438       5.7577002       5.8119271     -0.93302749
       16.033344      0.29655502      0.18847382       5.9328728       5.9919922     -0.98664080
       16.491440      0.30039660      0.18571154       6.1085937       6.1728867      -1.0415396
       16.949535      0.30440312      0.18288939       6.2848850       6.3546396      -1.0976963
       17.407631      0.30857999      0.18000938       6.4617695       6.5372805      -1.1550819
       17.865726      0.31293288      0.17707365       6.6392708       6.7208393      -1.2136654
       18.323822      0.31746773      0.17408448       6.8174130       6.9053467      -1.2734147
       18.781918      0.32219077      0.17104433       6.9962211       7.0908338      -1.3342955
       19.240013      0.32710853      0.16795580       7.1757210       7.2773324      -1.3962716
       19.698109      0.33222787      0.16482171       7.3559394       7.4648747      -1.4593051
       20.156204      0.33755599      0.16164504       7.5369039       7.6534938      -1.5233557
       20.614300      0.34310045      0.15842903       7.7186430       7.8432233      -1.5883810
       21.072395      0.34886919      0.15517710       7.9011865       8.0340975      -1.6543362
       21.530491      0.35487055      0.15189297       8.0845650       8.2261514      -1.7211739
       21.988586      0.36111331      0.14858058       8.2688104       8.4194208      -1.7888442
       22.446682      0.36760670      0.14524420       8.4539559       8.6139421      -1.8572942
       22.904777      0.37436044      0.14188838       8.6400357       8.8097528      -1.9264679
       23.362873      0.38138478      0.13851805       8.8270857       9.0068909      -1.9963062
       23.820969      0.38869052      0.13513847       9.0151433       9.2053955      -2.0667467
       24.279064      0.39628905      0.13175532       9.2042470       9.4053064      -2.1377229
       24.737160      0.40419242      0.12837471       9.3944375       9.6066646      -2.2091647
       25.195255      0.41241335      0.12500323       9.5857570       9.8095117      -2.2809978
       25.653351      0.42096533      0.12164796       9.7782495       10.013891      -2.3531433
       26.111446      0.42986264      0.11831656       9.9719612       10.219845      -2.4255176
       26.569542      0.43912040      0.11501730       10.166940       10.427421      -2.4980318
       27.027637      0.44875472      0.11175911       10.363237       10.636662      -2.5705915
       27.485733      0.45878270      0.10855163       10.560905       10.847618      -2.6430966
       27.943828      0.46922257      0.10540534       10.759999       11.060336      -2.7154404
       28.401924      0.48009374      0.10233155       10.960578       11.274866      -2.7875093
       28.860020      0.49141699     0.099342557       11.162703       11.491259      -2.8591824
       29.318115      0.50321452     0.096451689       11.366439       11.709568      -2.9303309
       29.776211      0.51551015     0.093673447       11.571853       11.929846      -3.0008171
       30.234306      0.52832943     0.091023605       11.779018       12.152149      -3.0704943
       30.692402      0.54169987     0.088519346       11.988008       12.376533      -3.1392054
       31.150497      0.55565112     0.086179414       12.198904       12.603057      -3.2067827
       31.608593      0.57021522     0.084024280       12.411791       12.831781      -3.2730463
       32.066688      0.58542687     0.082076331       12.626758       13.062767      -3.3378035
       32.524784      0.60132372     0.080360086       12.843900       13.296079      -3.4008475
       32.982880      0.61794675     0.078902439       13.063318       13.531783      -3.4619563
       33.440975      0.63534068     0.077732935       13.285120       13.769945      -3.5208909
       33.899071      0.65355444     0.076884083       13.509420       14.010635      -3.5773943
       34.357166      0.67264173     0.076391720       13.736339       14.253926      -3.6311891
       34.815262      0.69266167     0.076295418       13.966008       14.499891      -3.6819762
       35.273357      0.71367955     0.076638964       14.198567       14.748606      -3.7294318
       35.731453      0.73576776     0.077470899       14.434164       15.000151      -3.7732059
       36.189548      0.75900680     0.078845156       14.672960       15.254606      -3.8129188
       36.647644      0.78348660     0.080821790       14.915127       15.512055      -3.8481581
       37.105739      0.80930797     0.083467834       15.160850       15.772586      -3.8784756
       37.563835      0.83658446     0.086858296       15.410330       16.036287      -3.9033825
       38.021931      0.86544450     0.091077334       15.663782       16.303252      -3.9223457
       38.480026      0.89603410     0.096219635       15.921441       16.573575      -3.9347820
       38.938122      0.92852003      0.10239206       16.183562       16.847356      -3.9400525
       39.396217      0.96309383      0.10971557       16.450421       17.124698      -3.9374555
       39.854313      0.99997670      0.11832760       16.722320       17.405706      -3.9262190
       40.312408       1.0394256      0.12838479       16.999590       17.690491      -3.9054912
       40.770504       1.0817410      0.14006645       17.282593       17.979166      -3.8743307
       41.228599       1.1272763      0.15357859       17.571727       18.271849      -3.8316937
       41.686695       1.1764504      0.16915903       17.867431       18.568662      -3.7764201
       42.144791       1.2297631      0.18708353       18.170190       18.869732      -3.7072169
       42.602886       1.2878157      0.20767352       18.480543       19.175191      -3.6226387
       43.060982       1.3513375      0.23130571       18.799089       19.485175      -3.5210650
       43.519077       1.4212203      0.25842419       19.126499       19.799827      -3.4006723
       43.977173       1.4985653      0.28955583       19.463524       20.119292      -3.2594026
       44.435268       1.5847448      0.32533008       19.811008       20.443726      -3.0949248
       44.893364       1.6814873      0.36650453       20.169908       20.773287      -2.9045883
       45.351459       1.7909928      0.41399862       20.541308       21.108140      -2.6853683
       45.809555       1.9160943      0.46893816       20.926445       21.448458      -2.4337996

Table series: Data for wavelength : 0.483000 µm.
   Y Angle (deg)       Tan Shift       Sag Shift     Real Height     Ref. Height      Distortion
  --------------  --------------  --------------  --------------  --------------  --------------
      0.00000000      0.18475173      0.18475173      0.00000000      0.00000000      0.00000000
      0.45809555      0.18478548      0.18471065      0.16654035      0.16654098 -3.7907814E-004
      0.91619110      0.18490885      0.18458740      0.33309376      0.33310325 -2.8478983E-003
       1.3742866      0.18512201      0.18438204      0.49967333      0.49970812 -6.9612383E-003
       1.8323822      0.18542519      0.18409462      0.66629217      0.66637692    -0.012718142
       2.2904777      0.18581878      0.18372524      0.83296340      0.83313100    -0.020116832
       2.7485733      0.18630323      0.18327401      0.99970023      0.99999177    -0.029155017
       3.2066688      0.18687911      0.18274107       1.1665159       1.1669807    -0.039829886
       3.6647644      0.18754711      0.18212661       1.3334237       1.3341193    -0.052138103
       4.1228599      0.18830802      0.18143081       1.5004371       1.5014292    -0.066075799
       4.5809555      0.18916272      0.18065390       1.6675695       1.6689320    -0.081638564
       5.0390510      0.19011223      0.17979615       1.8348346       1.8366496    -0.098821437
       5.4971466      0.19115765      0.17885785       2.0022460       2.0046038     -0.11761889
       5.9552421      0.19230022      0.17783930       2.1698177       2.1728167     -0.13802484
       6.4133377      0.19354128      0.17674087       2.3375636       2.3413104     -0.16003259
       6.8714332      0.19488228      0.17556294       2.5054978       2.5101073     -0.18363485
       7.3295288      0.19632481      0.17430594       2.6736348       2.6792297     -0.20882372
       7.7876243      0.19787056      0.17297033       2.8419891       2.8487004     -0.23559066
       8.2457199      0.19952135      0.17155660       3.0105753       3.0185421     -0.26392647
       8.7038154      0.20127912      0.17006530       3.1794085       3.1887778     -0.29382126
       9.1619110      0.20314594      0.16849702       3.3485038       3.3594308     -0.32526446
       9.6200065      0.20512402      0.16685237       3.5178765       3.5305245     -0.35824478
       10.078102      0.20721570      0.16513204       3.6875426       3.7020825     -0.39275015
       10.536198      0.20942345      0.16333676       3.8575178       3.8741288     -0.42876773
       10.994293      0.21174988      0.16146731       4.0278186       4.0466876     -0.46628390
       11.452389      0.21419776      0.15952453       4.1984614       4.2197833     -0.50528415
       11.910484      0.21677001      0.15750931       4.3694633       4.3934407     -0.54575313
       12.368580      0.21946969      0.15542263       4.5408416       4.5676847     -0.58767454
       12.826675      0.22230002      0.15326550       4.7126140       4.7425409     -0.63103114
       13.284771      0.22526440      0.15103904       4.8847985       4.9180348     -0.67580471
       13.742866      0.22836640      0.14874443       5.0574138       5.0941926     -0.72197594
       14.200962      0.23160976      0.14638292       5.2304787       5.2710407     -0.76952446
       14.659058      0.23499840      0.14395587       5.4040129       5.4486058     -0.81842873
       15.117153      0.23853644      0.14146471       5.5780362       5.6269153     -0.86866601
       15.575249      0.24222821      0.13891100       5.7525692       5.8059967     -0.92021230
       16.033344      0.24607821      0.13629638       5.9276329       5.9858780     -0.97304226
       16.491440      0.25009120      0.13362261       6.1032491       6.1665880      -1.0271292
       16.949535      0.25427215      0.13089159       6.2794401       6.3481554      -1.0824448
       17.407631      0.25862626      0.12810532       6.4562289       6.5306099      -1.1389593
       17.865726      0.26315898      0.12526597       6.6336391       6.7139814      -1.1966414
       18.323822      0.26787603      0.12237583       6.8116952       6.8983005      -1.2554579
       18.781918      0.27278341      0.11943739       6.9904226       7.0835984      -1.3153739
       19.240013      0.27788737      0.11645329       7.1698471       7.2699066      -1.3763523
       19.698109      0.28319451      0.11342636       7.3499958       7.4572576      -1.4383543
       20.156204      0.28871173      0.11035962       7.5308966       7.6456842      -1.5013388
       20.614300      0.29444625      0.10725634       7.7125784       7.8352201      -1.5652623
       21.072395      0.30040569      0.10412000       7.8950711       8.0258996      -1.6300789
       21.530491      0.30659800      0.10095434       8.0784057       8.2177575      -1.6957403
       21.988586      0.31303157     0.097763362       8.2626144       8.4108296      -1.7621952
       22.446682      0.31971520     0.094551382       8.4477307       8.6051525      -1.8293894
       22.904777      0.32665816     0.091323025       8.6337895       8.8007633      -1.8972657
       23.362873      0.33387017     0.088083265       8.8208268       8.9977003      -1.9657637
       23.820969      0.34136152     0.084837451       9.0088803       9.1960023      -2.0348190
       24.279064      0.34914300     0.081591340       9.1979894       9.3957093      -2.1043639
       24.737160      0.35722605     0.078351132       9.3881949       9.5968620      -2.1743265
       25.195255      0.36562269     0.075123508       9.5795395       9.7995022      -2.2446305
       25.653351      0.37434568     0.071915673       9.7720680       10.003673      -2.3151950
       26.111446      0.38340849     0.068735404       9.9658271       10.209417      -2.3859343
       26.569542      0.39282540     0.065591100       10.160865       10.416780      -2.4567572
       27.027637      0.40261154     0.062491841       10.357234       10.625809      -2.5275670
       27.485733      0.41278301     0.059447452       10.554987       10.836549      -2.5982607
       27.943828      0.42335689     0.056468574       10.754181       11.049050      -2.6687288
       28.401924      0.43435140     0.053566738       10.954874       11.263361      -2.7388548
       28.860020      0.44578598     0.050754462       11.157129       11.479534      -2.8085144
       29.318115      0.45768136     0.048045339       11.361012       11.697620      -2.8775752
       29.776211      0.47005978     0.045454151       11.566591       11.917673      -2.9458957
       30.234306      0.48294503     0.042996994       11.773939       12.139749      -3.0133251
       30.692402      0.49636271     0.040691407       11.983133       12.363904      -3.0797016
       31.150497      0.51034036     0.038556536       12.194254       12.590197      -3.1448527
       31.608593      0.52490770     0.036613302       12.407388       12.818688      -3.2085932
       32.066688      0.54009686     0.034884597       12.622627       13.049438      -3.2707245
       32.524784      0.55594268     0.033395510       12.840067       13.282512      -3.3310335
       32.982880      0.57248301     0.032173577       13.059811       13.517975      -3.3892913
       33.440975      0.58975910     0.031249071       13.281969       13.755894      -3.4452514
       33.899071      0.60781605     0.030655323       13.506656       13.996339      -3.4986483
       34.357166      0.62670329     0.030429104       13.733998       14.239381      -3.5491957
       34.815262      0.64647518     0.030611051       13.964127       14.485095      -3.5965841
       35.273357      0.66719173     0.031246163       14.197185       14.733557      -3.6404789
       35.731453      0.68891939     0.032384369       14.433325       14.984845      -3.6805178
       36.189548      0.71173203     0.034081194       14.672711       15.239040      -3.7163073
       36.647644      0.73571214     0.036398524       14.915518       15.496227      -3.7474201
       37.105739      0.76095218     0.039405508       15.161938       15.756492      -3.7733910
       37.563835      0.78755628     0.043179600       15.412174       16.019924      -3.7937125
       38.021931      0.81564225     0.047807805       15.666449       16.286616      -3.8078303
       38.480026      0.84534409     0.053388130       15.925004       16.556664      -3.8151375
       38.938122      0.87681497     0.060031321       16.188100       16.830165      -3.8149685
       39.396217      0.91023099     0.067862925       16.456022       17.107224      -3.8065915
       39.854313      0.94579583     0.077025769       16.729082       17.387946      -3.7891999
       40.312408      0.98374648     0.087682935       17.007620       17.672440      -3.7619033
       40.770504       1.0243606      0.10002138       17.292010       17.960820      -3.7237152
       41.228599       1.0679657      0.11425634       17.582665       18.253204      -3.6735408
       41.686695       1.1149509      0.13063674       17.880040       18.549714      -3.6101609
       42.144791       1.1657824      0.14945186       18.184638       18.850477      -3.5322142
       42.602886       1.2210229      0.17103969       18.497021       19.155625      -3.4381757
       43.060982       1.2813578      0.19579734       18.817812       19.465293      -3.3263318
       43.519077       1.3476296      0.22419427       19.147713       19.779623      -3.1947500
       43.977173       1.4208840      0.25678917       19.487511       20.098763      -3.0412436
       44.435268       1.5024322      0.29425176       19.838092       20.422865      -2.8633280
       44.893364       1.5939364      0.33739116       20.200464       20.752090      -2.6581701
       45.351459       1.6975277      0.38719341       20.575773       21.086601      -2.4225255
       45.809555       1.8159726      0.44487155       20.965330       21.426572      -2.1526633

Table series: Data for wavelength : 0.634000 µm.
   Y Angle (deg)       Tan Shift       Sag Shift     Real Height     Ref. Height      Distortion
  --------------  --------------  --------------  --------------  --------------  --------------
      0.00000000      0.31021548      0.31021548      0.00000000      0.00000000      0.00000000
      0.45809555      0.31024239      0.31017246      0.16692582      0.16692828 -1.4755852E-003
      0.91619110      0.31035113      0.31004344      0.33386457      0.33387790 -3.9940207E-003
       1.3742866      0.31054184      0.30982844      0.50082921      0.50087023 -8.1897309E-003
       1.8323822      0.31081481      0.30952754      0.66783270      0.66792662    -0.014062013
       2.2904777      0.31117040      0.30914082      0.83488806      0.83506851    -0.021609152
       2.7485733      0.31160912      0.30866840       1.0020083       1.0023173    -0.030828933
       3.2066688      0.31213156      0.30811043       1.1692066       1.1696946    -0.041718643
       3.6647644      0.31273843      0.30746707       1.3364961       1.3372219    -0.054275059
       4.1228599      0.31343058      0.30673855       1.5038901       1.5049208    -0.068494445
       4.5809555      0.31420892      0.30592507       1.6714018       1.6728132    -0.084372543
       5.0390510      0.31507454      0.30502691       1.8390448       1.8409208     -0.10190456
       5.4971466      0.31602858      0.30404435       2.0068327       2.0092656     -0.12108517
       5.9552421      0.31707236      0.30297772       2.1747791       2.1778697     -0.14190847
       6.4133377      0.31820729      0.30182737       2.3428980       2.3467553     -0.16436802
       6.8714332      0.31943489      0.30059370       2.5112032       2.5159447     -0.18845678
       7.3295288      0.32075684      0.29927713       2.6797091       2.6854605     -0.21416711
       7.7876243      0.32217492      0.29787812       2.8484299       2.8553252     -0.24149077
       8.2457199      0.32369104      0.29639718       3.0173802       3.0255619     -0.27041887
       8.7038154      0.32530727      0.29483485       3.1865749       3.1961935     -0.30094188
       9.1619110      0.32702579      0.29319172       3.3560288       3.3672434     -0.33304959
       9.6200065      0.32884892      0.29146843       3.5257573       3.5387350     -0.36673108
       10.078102      0.33077914      0.28966565       3.6957759       3.7106920     -0.40197473
       10.536198      0.33281907      0.28778411       3.8661004       3.8831384     -0.43876815
       10.994293      0.33497148      0.28582461       4.0367469       4.0560985     -0.47709816
       11.452389      0.33723929      0.28378797       4.2077318       4.2295967     -0.51695079
       11.910484      0.33962559      0.28167511       4.3790718       4.4036579     -0.55831120
       12.368580      0.34213364      0.27948698       4.5507841       4.5783072     -0.60116369
       12.826675      0.34476686      0.27722462       4.7228861       4.7535700     -0.64549162
       13.284771      0.34752887      0.27488914       4.8953958       4.9294721     -0.69127740
       13.742866      0.35042344      0.27248170       5.0683313       5.1060395     -0.73850242
       14.200962      0.35345458      0.27000358       5.2417115       5.2832989     -0.78714702
       14.659058      0.35662645      0.26745612       5.4155557       5.4612770     -0.83719043
       15.117153      0.35994346      0.26484077       5.5898834       5.6400011     -0.88861073
       15.575249      0.36341022      0.26215905       5.7647151       5.8194989     -0.94138477
       16.033344      0.36703156      0.25941261       5.9400714       5.9997986     -0.99548813
       16.491440      0.37081256      0.25660322       6.1159737       6.1809288      -1.0508950
       16.949535      0.37475855      0.25373274       6.2924442       6.3629185      -1.1075783
       17.407631      0.37887511      0.25080318       6.4695054       6.5457973      -1.1655092
       17.865726      0.38316811      0.24781669       6.6471807       6.7295952      -1.2246575
       18.323822      0.38764369      0.24477555       6.8254943       6.9143430      -1.2849914
       18.781918      0.39230831      0.24168223       7.0044709       7.1000718      -1.3464770
       19.240013      0.39716874      0.23853933       7.1841364       7.2868133      -1.4090788
       19.698109      0.40223209      0.23534968       7.3645171       7.4746000      -1.4727595
       20.156204      0.40750582      0.23211627       7.5456407       7.6634648      -1.5374793
       20.614300      0.41299779      0.22884231       7.7275354       7.8534415      -1.6031965
       21.072395      0.41871623      0.22553127       7.9102308       8.0445644      -1.6698670
       21.530491      0.42466984      0.22218682       8.0937575       8.2368685      -1.7374441
       21.988586      0.43086772      0.21881294       8.2781470       8.4303896      -1.8058787
       22.446682      0.43731950      0.21541388       8.4634323       8.6251644      -1.8751186
       22.904777      0.44403529      0.21199419       8.6496476       8.8212302      -1.9451089
       23.362873      0.45102578      0.20855878       8.8368284       9.0186251      -2.0157914
       23.820969      0.45830223      0.20511292       9.0250118       9.2173883      -2.0871045
       24.279064      0.46587655      0.20166226       9.2142362       9.4175597      -2.1589830
       24.737160      0.47376130      0.19821291       9.4045419       9.6191802      -2.2313578
       25.195255      0.48196981      0.19477144       9.5959707       9.8222916      -2.3041559
       25.653351      0.49051617      0.19134490       9.7885665       10.026937      -2.3772997
       26.111446      0.49941533      0.18794094       9.9823750       10.233160      -2.4507069
       26.569542      0.50868316      0.18456779       10.177444       10.441005      -2.5242902
       27.027637      0.51833655      0.18123433       10.373824       10.650520      -2.5979569
       27.485733      0.52839344      0.17795018       10.571567       10.861750      -2.6716084
       27.943828      0.53887299      0.17472575       10.770728       11.074746      -2.7451400
       28.401924      0.54979562      0.17157230       10.971366       11.289555      -2.8184401
       28.860020      0.56118319      0.16850205       11.173540       11.506230      -2.8913899
       29.318115      0.57305909      0.16552826       11.377316       11.724823      -2.9638630
       29.776211      0.58544841      0.16266532       11.582759       11.945388      -3.0357242
       30.234306      0.59837812      0.15992891       11.789942       12.167981      -3.1068295
       30.692402      0.61187727      0.15733609       11.998939       12.392657      -3.1770249
       31.150497      0.62597718      0.15490545       12.209830       12.619476      -3.2461456
       31.608593      0.64071173      0.15265729       12.422697       12.848499      -3.3140155
       32.066688      0.65611764      0.15061382       12.637631       13.079786      -3.3804455
       32.524784      0.67223478      0.14879932       12.854724       13.313402      -3.4452330
       32.982880      0.68910657      0.14724044       13.074077       13.549412      -3.5081606
       33.440975      0.70678041      0.14596642       13.295795       13.787884      -3.5689942
       33.899071      0.72530822      0.14500943       13.519993       14.028888      -3.6274822
       34.357166      0.74474697      0.14440491       13.746790       14.272496      -3.6833532
       34.815262      0.76515943      0.14419196       13.976314       14.518781      -3.7363145
       35.273357      0.78661493      0.14441383       14.208704       14.767821      -3.7860498
       35.731453      0.80919035      0.14511845       14.444106       15.019693      -3.8322169
       36.189548      0.83297123      0.14635902       14.682678       15.274480      -3.8744451
       36.647644      0.85805307      0.14819474       14.924591       15.532265      -3.9123319
       37.105739      0.88454295      0.15069165       15.170026       15.793135      -3.9454398
       37.563835      0.91256145      0.15392358       15.419181       16.057179      -3.9732925
       38.021931      0.94224490      0.15797332       15.672268       16.324492      -3.9953706
       38.480026      0.97374815      0.16293391       15.929517       16.595167      -4.0111063
       38.938122       1.0072480      0.16891030       16.191180       16.869305      -4.0198779
       39.396217       1.0429473      0.17602114       16.457527       17.147008      -4.0210034
       39.854313       1.0810801      0.18440111       16.728854       17.428383      -4.0137330
       40.312408       1.1219177      0.19420357       17.005486       17.713538      -3.9972403
       40.770504       1.1657772      0.20560383       17.287776       18.002589      -3.9706126
       41.228599       1.2130306      0.21880310       17.576115       18.295653      -3.9328393
       41.686695       1.2641181      0.23403330       17.870930       18.592853      -3.8827983
       42.144791       1.3195636      0.25156301       18.172696       18.894315      -3.8192406
       42.602886       1.3799959      0.27170478       18.481938       19.200172      -3.7407721
       43.060982       1.4461750      0.29482426       18.799238       19.510560      -3.6458315
       43.519077       1.5190279      0.32135176       19.125249       19.825622      -3.5326654
       43.977173       1.5996946      0.35179674       19.460698       20.145504      -3.3992980
       44.435268       1.6895905      0.38676646       19.806405       20.470360      -3.2434956
       44.893364       1.7904903      0.42699008       20.163293       20.800350      -3.0627235
       45.351459       1.9046424      0.47335005       20.532408       21.135639      -2.8540958
       45.809555       2.0349270      0.52692369       20.914940       21.476401      -2.6143143

Table series: Data for wavelength : 0.433000 µm.
   Y Angle (deg)       Tan Shift       Sag Shift     Real Height     Ref. Height      Distortion
  --------------  --------------  --------------  --------------  --------------  --------------
      0.00000000      0.19189396      0.19189396      0.00000000      0.00000000      0.00000000
      0.45809555      0.19193334      0.19185432      0.16654623      0.16654683 -3.6327128E-004
      0.91619110      0.19206987      0.19173540      0.33310564      0.33311496 -2.7992468E-003
       1.3742866      0.19230371      0.19153726      0.49969143      0.49972570 -6.8578099E-003
       1.8323822      0.19263511      0.19125994      0.66631680      0.66640036    -0.012537988
       2.2904777      0.19306443      0.19090355      0.83299502      0.83316030    -0.019837967
       2.7485733      0.19359213      0.19046820      0.99973939       1.0000269    -0.028755405
       3.2066688      0.19421879      0.18995404       1.1665633       1.1670217    -0.039287434
       3.6647644      0.19494506      0.18936125       1.3334800       1.3341662    -0.051430645
       4.1228599      0.19577173      0.18869003       1.5005033       1.5014820    -0.065181088
       4.5809555      0.19669969      0.18794061       1.6676466       1.6689907    -0.080534259
       5.0390510      0.19772993      0.18711325       1.8349236       1.8367142    -0.097485091
       5.4971466      0.19886354      0.18620825       2.0023483       2.0046743     -0.11602794
       5.9552421      0.20010175      0.18522593       2.1699346       2.1728931     -0.13615659
       6.4133377      0.20144588      0.18416666       2.3376965       2.3413928     -0.15786420
       6.8714332      0.20289737      0.18303083       2.5056485       2.5101956     -0.18114334
       7.3295288      0.20445778      0.18181887       2.6738049       2.6793239     -0.20598592
       7.7876243      0.20612879      0.18053126       2.8421804       2.8488006     -0.23238323
       8.2457199      0.20791219      0.17916849       3.0107899       3.0186482     -0.26032586
       8.7038154      0.20980989      0.17773113       3.1796484       3.1888900     -0.28980373
       9.1619110      0.21182395      0.17621976       3.3487713       3.3595490     -0.32080603
       9.6200065      0.21395653      0.17463504       3.5181741       3.5306486     -0.35332121
       10.078102      0.21620995      0.17297764       3.6878727       3.7022127     -0.38733697
       10.536198      0.21858663      0.17124833       3.8578831       3.8742651     -0.42284019
       10.994293      0.22108917      0.16944789       4.0282219       4.0468299     -0.45981693
       11.452389      0.22372027      0.16757717       4.1989058       4.2199317     -0.49825239
       11.910484      0.22648282      0.16563711       4.3699519       4.3935952     -0.53813086
       12.368580      0.22937982      0.16362868       4.5413777       4.5678454     -0.57943572
       12.826675      0.23241445      0.16155293       4.7132010       4.7427077     -0.62214934
       13.284771      0.23559005      0.15941099       4.8854401       4.9182078     -0.66625309
       13.742866      0.23891012      0.15720407       5.0581138       5.0943718     -0.71172725
       14.200962      0.24237833      0.15493346       5.2312412       5.2712261     -0.75855099
       14.659058      0.24599854      0.15260053       5.4048419       5.4487975     -0.80670230
       15.117153      0.24977478      0.15020677       5.5789362       5.6271132     -0.85615795
       15.575249      0.25371129      0.14775374       5.7535448       5.8062009     -0.90689338
       16.033344      0.25781250      0.14524313       5.9286890       5.9860886     -0.95888271
       16.491440      0.26208306      0.14267676       6.1043907       6.1668049      -1.0120986
       16.949535      0.26652781      0.14005654       6.2806724       6.3483787      -1.0665122
       17.407631      0.27115186      0.13738454       6.4575575       6.5308396      -1.1220930
       17.865726      0.27596052      0.13466297       6.6350697       6.7142175      -1.1788090
       18.323822      0.28095937      0.13189419       6.8132340       6.8985431      -1.2366263
       18.781918      0.28615426      0.12908072       6.9920756       7.0838475      -1.2955090
       19.240013      0.29155129      0.12622529       7.1716211       7.2701623      -1.3554195
       19.698109      0.29715686      0.12333078       7.3518977       7.4575199      -1.4163178
       20.156204      0.30297769      0.12040030       7.5329336       7.6459532      -1.4781619
       20.614300      0.30902080      0.11743719       7.7147580       7.8354957      -1.5409074
       21.072395      0.31529356      0.11444501       7.8974012       8.0261819      -1.6045073
       21.530491      0.32180370      0.11142760       8.0808946       8.2180465      -1.6689121
       21.988586      0.32855932      0.10838908       8.2652707       8.4111255      -1.7340692
       22.446682      0.33556894      0.10533385       8.4505636       8.6054552      -1.7999233
       22.904777      0.34284149      0.10226666       8.6368083       8.8010729      -1.8664158
       23.362873      0.35038637     0.099192626       8.8240415       8.9980168      -1.9334845
       23.820969      0.35821346     0.096117227       9.0123014       9.1963258      -2.0010639
       24.279064      0.36633318     0.093046375       9.2016278       9.3960398      -2.0690843
       24.737160      0.37475646     0.089986436       9.3920621       9.5971995      -2.1374721
       25.195255      0.38349488     0.086944273       9.5836476       9.7998468      -2.2061492
       25.653351      0.39256062     0.083927287       9.7764296       10.004024      -2.2750325
       26.111446      0.40196657     0.080943471       9.9704555       10.209776      -2.3440341
       26.569542      0.41172635     0.078001461       10.165775       10.417147      -2.4130606
       27.027637      0.42185439     0.075110593       10.362439       10.626183      -2.4820126
       27.485733      0.43236600     0.072280974       10.560504       10.836930      -2.5507846
       27.943828      0.44327741     0.069523553       10.760025       11.049439      -2.6192640
       28.401924      0.45460588     0.066850204       10.961063       11.263758      -2.6873312
       28.860020      0.46636980     0.064273815       11.163682       11.479938      -2.7548586
       29.318115      0.47858877     0.061808391       11.367947       11.698031      -2.8217100
       29.776211      0.49128373     0.059469167       11.573929       11.918092      -2.8877400
       30.234306      0.50447710     0.057272738       11.781701       12.140176      -2.9527935
       30.692402      0.51819291     0.055237198       11.991343       12.364339      -3.0167043
       31.150497      0.53245698     0.053382305       12.202937       12.590640      -3.0792946
       31.608593      0.54729713     0.051729660       12.416570       12.819139      -3.1403737
       32.066688      0.56274335     0.050302912       12.632335       13.049897      -3.1997371
       32.524784      0.57882814     0.049127994       12.850331       13.282979      -3.2571654
       32.982880      0.59558672     0.048233385       13.070662       13.518450      -3.3124223
       33.440975      0.61305741     0.047650408       13.293441       13.756378      -3.3652536
       33.899071      0.63128203     0.047413580       13.518785       13.996831      -3.4153853
       34.357166      0.65030635     0.047561001       13.746823       14.239882      -3.4625217
       34.815262      0.67018062     0.048134808       13.977690       14.485605      -3.5063429
       35.273357      0.69096023     0.049181692       14.211531       14.734075      -3.5465030
       35.731453      0.71270643     0.050753509       14.448502       14.985372      -3.5826269
       36.189548      0.73548727     0.052907966       14.688771       15.239576      -3.6143072
       36.647644      0.75937861     0.055709447       14.932519       15.496772      -3.6411010
       37.105739      0.78446544     0.059229952       15.179940       15.757046      -3.6625255
       37.563835      0.81084342     0.063550219       15.431245       16.020487      -3.6780541
       38.021931      0.83862075     0.068761034       15.686662       16.287189      -3.6871105
       38.480026      0.86792047     0.074964787       15.946439       16.557246      -3.6890634
       38.938122      0.89888328     0.082277319       16.210844       16.830757      -3.6832195
       39.396217      0.93167104     0.090830131       16.480171       17.107826      -3.6688156
       39.854313      0.96647112      0.10077303       16.754743       17.388557      -3.6450097
       40.312408       1.0035019      0.11227736       17.034910       17.673061      -3.6108706
       40.770504       1.0430195      0.12553985       17.321060       17.961452      -3.5653656
       41.228599       1.0853269      0.14078741       17.613620       18.253846      -3.5073463
       41.686695       1.1307850      0.15828300       17.913063       18.550367      -3.4355320
       42.144791       1.1798274      0.17833287       18.219912       18.851140      -3.3484898
       42.602886       1.2329796      0.20129565       18.534751       19.156298      -3.2446114
       43.060982       1.2908844      0.22759385       18.858233       19.465977      -3.1220855
       43.519077       1.3543358      0.25772832       19.191090       19.780319      -2.9788648
       43.977173       1.4243244      0.29229703       19.534147       20.099470      -2.8126260
       44.435268       1.5021005      0.33201925       19.888338       20.423584      -2.6207227
       44.893364       1.5892594      0.37776734       20.254725       20.752820      -2.4001270
       45.351459       1.6878623      0.43060900       20.634521       21.087343      -2.1473600
       45.809555       1.8006068      0.49186409       21.029119       21.427325      -1.8584059

Table series: Data for wavelength : 0.685000 µm.
   Y Angle (deg)       Tan Shift       Sag Shift     Real Height     Ref. Height      Distortion
  --------------  --------------  --------------  --------------  --------------  --------------
      0.00000000      0.35885601      0.35885601      0.00000000      0.00000000      0.00000000
      0.45809555      0.35888203      0.35881270      0.16707026      0.16707312 -1.7130115E-003
      0.91619110      0.35898920      0.35868281      0.33415344      0.33416761 -4.2404472E-003
       1.3742866      0.35917767      0.35846636      0.50126247      0.50130483 -8.4510283E-003
       1.8323822      0.35944774      0.35816342      0.66841029      0.66850618    -0.014344142
       2.2904777      0.35979977      0.35777408      0.83560991      0.83579310    -0.021918083
       2.7485733      0.36023427      0.35729847       1.0028743       1.0031870    -0.031170654
       3.2066688      0.36075185      0.35673673       1.1702167       1.1707095    -0.042099160
       3.6647644      0.36135324      0.35608904       1.3376501       1.3383822    -0.054700399
       4.1228599      0.36203928      0.35535559       1.5051878       1.5062267    -0.068970663
       4.5809555      0.36281092      0.35453663       1.6728432       1.6742647    -0.084905720
       5.0390510      0.36366923      0.35363241       1.8406296       1.8425182     -0.10250081
       5.4971466      0.36461542      0.35264323       2.0085607       2.0110091     -0.12175065
       5.9552421      0.36565079      0.35156941       2.1766501       2.1797595     -0.14264937
       6.4133377      0.36677678      0.35041132       2.3449116       2.3487916     -0.16519058
       6.8714332      0.36799495      0.34916935       2.5133593       2.5181278     -0.18936729
       7.3295288      0.36930699      0.34784392       2.6820073       2.6877906     -0.21517190
       7.7876243      0.37071473      0.34643551       2.8508699       2.8578028     -0.24259624
       8.2457199      0.37222010      0.34494463       3.0199617       3.0281872     -0.27163148
       8.7038154      0.37382519      0.34337181       3.1892974       3.1989669     -0.30226816
       9.1619110      0.37553224      0.34171766       3.3588921       3.3701651     -0.33449612
       9.6200065      0.37734360      0.33998282       3.5287609       3.5418055     -0.36830455
       10.078102      0.37926179      0.33816796       3.6989194       3.7139117     -0.40368188
       10.536198      0.38128948      0.33627383       3.8693832       3.8865078     -0.44061582
       10.994293      0.38342948      0.33430122       4.0401686       4.0596180     -0.47909328
       11.452389      0.38568476      0.33225097       4.2112918       4.2332667     -0.51910039
       11.910484      0.38805848      0.33012400       4.3827697       4.4074790     -0.56062242
       12.368580      0.39055394      0.32792127       4.5546192       4.5822798     -0.60364377
       12.826675      0.39317464      0.32564382       4.7268578       4.7576947     -0.64814792
       13.284771      0.39592424      0.32329276       4.8995034       4.9337494     -0.69411741
       13.742866      0.39880661      0.32086929       5.0725742       5.1104701     -0.74153375
       14.200962      0.40182580      0.31837466       5.2460890       5.2878832     -0.79037744
       14.659058      0.40498607      0.31581024       5.4200669       5.4660157     -0.84062785
       15.117153      0.40829191      0.31317748       5.5945276       5.6448949     -0.89226321
       15.575249      0.41174801      0.31047792       5.7694914       5.8245485     -0.94526055
       16.033344      0.41535931      0.30771321       5.9449789       6.0050047     -0.99959561
       16.491440      0.41913098      0.30488512       6.1210116       6.1862920      -1.0552428
       16.949535      0.42306844      0.30199554       6.2976114       6.3684396      -1.1121752
       17.407631      0.42717741      0.29904648       6.4748009       6.5514771      -1.1703642
       17.865726      0.43146385      0.29604010       6.6526035       6.7354345      -1.2297798
       18.323822      0.43593406      0.29297869       6.8310431       6.9203426      -1.2903904
       18.781918      0.44059460      0.28986472       7.0101447       7.1062325      -1.3521625
       19.240013      0.44545240      0.28670082       7.1899338       7.2931361      -1.4150609
       19.698109      0.45051472      0.28348982       7.3704368       7.4810857      -1.4790483
       20.156204      0.45578919      0.28023472       7.5516813       7.6701144      -1.5440854
       20.614300      0.46128382      0.27693875       7.7336956       7.8602560      -1.6101308
       21.072395      0.46700706      0.27360537       7.9165089       8.0515446      -1.6771406
       21.530491      0.47296777      0.27023829       8.1001519       8.2440156      -1.7450687
       21.988586      0.47917529      0.26684149       8.2846560       8.4377047      -1.8138662
       22.446682      0.48563945      0.26341921       8.4700541       8.6326485      -1.8834814
       22.904777      0.49237061      0.25997604       8.6563803       8.8288843      -1.9538598
       23.362873      0.49937972      0.25651689       8.8436700       9.0264506      -2.0249436
       23.820969      0.50667831      0.25304703       9.0319602       9.2253862      -2.0966717
       24.279064      0.51427857      0.24957214       9.2212891       9.4257313      -2.1689795
       24.737160      0.52219341      0.24609833       9.4116970       9.6275268      -2.2417985
       25.195255      0.53043646      0.24263217       9.6032255       9.8308144      -2.3150562
       25.653351      0.53902220      0.23918074       9.7959184       10.035637      -2.3886756
       26.111446      0.54796597      0.23575168       9.9898212       10.242039      -2.4625752
       26.569542      0.55728406      0.23235322       10.184982       10.450065      -2.5366683
       27.027637      0.56699380      0.22899427       10.381450       10.659761      -2.6108632
       27.485733      0.57711364      0.22568443       10.579277       10.871175      -2.6850620
       27.943828      0.58766326      0.22243413       10.778520       11.084355      -2.7591609
       28.401924      0.59866367      0.21925461       10.979235       11.299351      -2.8330493
       28.860020      0.61013734      0.21615810       11.181483       11.516214      -2.9066096
       29.318115      0.62210833      0.21315784       11.385327       11.734997      -2.9797163
       29.776211      0.63460248      0.21026823       11.590836       11.955753      -3.0522356
       30.234306      0.64764755      0.20750491       11.798078       12.178539      -3.1240248
       30.692402      0.66127346      0.20488493       12.007130       12.403410      -3.1949314
       31.150497      0.67551248      0.20242685       12.218069       12.630426      -3.2647921
       31.608593      0.69039954      0.20015095       12.430980       12.859647      -3.3334324
       32.066688      0.70597246      0.19807937       12.645949       13.091135      -3.4006653
       32.524784      0.72227238      0.19623637       12.863072       13.324954      -3.4662902
       32.982880      0.73934408      0.19464850       13.082447       13.561169      -3.5300918
       33.440975      0.75723647      0.19334493       13.304180       13.799848      -3.5918385
       33.899071      0.77600309      0.19235774       13.528383       14.041061      -3.6512812
       34.357166      0.79570277      0.19172225       13.755175       14.284880      -3.7081516
       34.815262      0.81640028      0.19147742       13.984686       14.531379      -3.7621602
       35.273357      0.83816719      0.19166633       14.217050       14.780635      -3.8129943
       35.731453      0.86108285      0.19233671       14.452415       15.032726      -3.8603155
       36.189548      0.88523554      0.19354149       14.690937       15.287733      -3.9037575
       36.647644      0.91072386      0.19533961       14.932785       15.545742      -3.9429225
       37.105739      0.93765830      0.19779675       15.178141       15.806838      -3.9773786
       37.563835      0.96616327      0.20098631       15.427198       16.071112      -4.0066554
       38.021931      0.99637937      0.20499059       15.680169       16.338656      -4.0302401
       38.480026       1.0284663      0.20990202       15.937283       16.609567      -4.0475725
       38.938122       1.0626063      0.21582480       16.198786       16.883943      -4.0580395
       39.396217       1.0990082      0.22287672       16.464948       17.161887      -4.0609686
       39.854313       1.1379131      0.23119138       16.736063       17.443505      -4.0556209
       40.312408       1.1796001      0.24092083       17.012451       17.728908      -4.0411822
       40.770504       1.2243951      0.25223879       17.294463       18.018210      -4.0167539
       41.228599       1.2726800      0.26534452       17.582484       18.311528      -3.9813416
       41.686695       1.3249065      0.28046755       17.876938       18.608986      -3.9338418
       42.144791       1.3816114      0.29787346       18.178293       18.910710      -3.8730268
       42.602886       1.4434379      0.31787110       18.487068       19.216832      -3.7975273
       43.060982       1.5111629      0.34082150       18.803838       19.527490      -3.7058111
       43.519077       1.5857316      0.36714910       19.129245       19.842825      -3.5961584
       43.977173       1.6683050      0.39735592       19.464007       20.162984      -3.4666335
       44.435268       1.7603213      0.43203972       19.808931       20.488122      -3.3150494
       44.893364       1.8635803      0.47191734       20.164924       20.818399      -3.1389276
       45.351459       1.9803564      0.51785520       20.533015       21.153979      -2.9354490
       45.809555       2.1135557      0.57090944       20.914370       21.495036      -2.7013957
