Results for:	
File:	C:\Users\User\OneDrive - Massachusetts Institute of Technology\Documents\MIT\Grad School\Classes\2.156\Lens Project\Prime Lenses\US20130057972_Example03P.zmx
Title:	US 2013/0057972 Example 3 (Samsung 16mm F2.4)
Date:	11/7/2025 5:52:25 PM

0 message(s) in output.
3 series table(s) in output.

Table series: Data for wavelength : 0.486133 µm.
   Y Angle (deg)       Tan Shift       Sag Shift     Real Height     Ref. Height      Distortion
  --------------  --------------  --------------  --------------  --------------  --------------
      0.00000000    -0.018849036    -0.018849036      0.00000000      0.00000000      0.00000000
      0.44243602    -0.018827572    -0.018876312      0.12433410      0.12433513 -8.2814852E-004
      0.88487205    -0.018775992    -0.018958146      0.24867703      0.24868509 -3.2396081E-003
       1.3273081    -0.018694731    -0.019094552      0.37303763      0.37306471 -7.2594429E-003
       1.7697441    -0.018584491    -0.019285555      0.49742473      0.49748885    -0.012888694
       2.2121801    -0.018446240    -0.019531188      0.62184718      0.62197238    -0.020128841
       2.6546161    -0.018281207    -0.019831493      0.74631384      0.74653019    -0.028981782
       3.0970522    -0.018090880    -0.020186518      0.87083356      0.87117723    -0.039449831
       3.5394882    -0.017877000    -0.020596321      0.99541522      0.99592848    -0.051535716
       3.9819242    -0.017641555    -0.021060962       1.1200677       1.1207990    -0.065242569
       4.4243602    -0.017386774    -0.021580506       1.2448000       1.2458037    -0.080573929
       4.8667963    -0.017115118    -0.022155021       1.3696209       1.3709580    -0.097533731
       5.3092323    -0.016829276    -0.022784575       1.4945394       1.4962769     -0.11612630
       5.7516683    -0.016532149    -0.023469235       1.6195645       1.6217759     -0.13635635
       6.1941043    -0.016226845    -0.024209064       1.7447052       1.7474702     -0.15822896
       6.6365404    -0.015916667    -0.025004118       1.8699705       1.8733754     -0.18174960
       7.0789764    -0.015605100    -0.025854447       1.9953695       1.9995070     -0.20692408
       7.5214124    -0.015295799    -0.026760089       2.1209114       2.1258808     -0.23375856
       7.9638484    -0.014992577    -0.027721065       2.2466051       2.2525125     -0.26225956
       8.4062844    -0.014699389    -0.028737382       2.3724599       2.3794181     -0.29243391
       8.8487205    -0.014420316    -0.029809025       2.4984851       2.5066137     -0.32428877
       9.2911565    -0.014159553    -0.030935954       2.6246898       2.6341155     -0.35783160
       9.7335925    -0.013921388    -0.032118102       2.7510835       2.7619399     -0.39307016
       10.176029    -0.013710187    -0.033355368       2.8776755       2.8901033     -0.43001249
       10.618465    -0.013530376    -0.034647617       3.0044752       3.0186225     -0.46866689
       11.060901    -0.013386422    -0.035994672       3.1314922       3.1475144     -0.50904194
       11.503337    -0.013282812    -0.037396309       3.2587361       3.2767960     -0.55114641
       11.945773    -0.013224032    -0.038852256       3.3862164       3.4064846     -0.59498935
       12.388209    -0.013214552    -0.040362183       3.5139429       3.5365976     -0.64057996
       12.830645    -0.013258794    -0.041925700       3.6419255       3.6671528     -0.68792769
       13.273081    -0.013361121    -0.043542351       3.7701739       3.7981680     -0.73704210
       13.715517    -0.013525804    -0.045211606       3.8986983       3.9296614     -0.78793296
       14.157953    -0.013757007    -0.046932858       4.0275088       4.0616514     -0.84061015
       14.600389    -0.014058756    -0.048705412       4.1566154       4.1941566     -0.89508367
       15.042825    -0.014434919    -0.050528485       4.2860286       4.3271960     -0.95136362
       15.485261    -0.014889178    -0.052401192       4.4157588       4.4607887      -1.0094602
       15.927697    -0.015425005    -0.054322543       4.5458166       4.5949542      -1.0693836
       16.370133    -0.016045636    -0.056291435       4.6762126       4.7297124      -1.1311441
       16.812569    -0.016754045    -0.058306644       4.8069577       4.8650834      -1.1947521
       17.255005    -0.017552914    -0.060366814       4.9380629       5.0010875      -1.2602178
       17.697441    -0.018444611    -0.062470455       5.0695394       5.1377456      -1.3275514
       18.139877    -0.019431158    -0.064615926       5.2013985       5.2750789      -1.3967633
       18.582313    -0.020514207    -0.066801435       5.3336517       5.4131088      -1.4678634
       19.024749    -0.021695013    -0.069025019       5.4663108       5.5518572      -1.5408618
       19.467185    -0.022974400    -0.071284546       5.5993875       5.6913465      -1.6157686
       19.909621    -0.024352741    -0.073577695       5.7328942       5.8315994      -1.6925933
       20.352057    -0.025829928    -0.075901950       5.8668430       5.9726390      -1.7713456
       20.794493    -0.027405341    -0.078254588       6.0012465       6.1144890      -1.8520348
       21.236929    -0.029077827    -0.080632670       6.1361176       6.2571733      -1.9346702
       21.679365    -0.030845666    -0.083033024       6.2714695       6.4007166      -2.0192607
       22.121801    -0.032706550    -0.085452239       6.4073153       6.5451439      -2.1058147
       22.564237    -0.034657556    -0.087886647       6.5436688       6.6904808      -2.1943407
       23.006673    -0.036695119    -0.090332313       6.6805441       6.8367534      -2.2848467
       23.449109    -0.038815007    -0.092785019       6.8179552       6.9839884      -2.3773401
       23.891545    -0.041012301    -0.095240253       6.9559169       7.1322130      -2.4718282
       24.333981    -0.043281366    -0.097693190       7.0944442       7.2814551      -2.5683179
       24.776417    -0.045615837     -0.10013868       7.2335524       7.4317433      -2.6668152
       25.218853    -0.048008591     -0.10257123       7.3732573       7.5831066      -2.7673262
       25.661289    -0.050451735     -0.10498500       7.5135750       7.7355749      -2.8698560
       26.103725    -0.052936585     -0.10737375       7.6545223       7.8891787      -2.9744094
       26.546161    -0.055453651     -0.10973085       7.7961160       8.0439493      -3.0809905
       26.988597    -0.057992627     -0.11204929       7.9383739       8.1999188      -3.1896029
       27.431033    -0.060542379     -0.11432159       8.0813140       8.3571198      -3.3002492
       27.873469    -0.063090938     -0.11653982       8.2249549       8.5155860      -3.4129317
       28.315906    -0.065625496     -0.11869561       8.3693157       8.6753519      -3.5276517
       28.758342    -0.068132406     -0.12078004       8.5144163       8.8364528      -3.6444098
       29.200778    -0.070597187     -0.12278372       8.6602770       8.9989251      -3.7632059
       29.643214    -0.073004530     -0.12469669       8.8069189       9.1628058      -3.8840387
       30.085650    -0.075338314     -0.12650841       8.9543637       9.3281332      -4.0069064
       30.528086    -0.077581626     -0.12820777       9.1026338       9.4949466      -4.1318060
       30.970522    -0.079716789     -0.12978302       9.2517526       9.6632862      -4.2587335
       31.412958    -0.081725392     -0.13122176       9.4017439       9.8331933      -4.3876839
       31.855394    -0.083588342     -0.13251090       9.5526327       10.004711      -4.5186512
       32.297830    -0.085285911     -0.13363664       9.7044447       10.177882      -4.6516282
       32.740266    -0.086797802     -0.13458443       9.8572066       10.352752      -4.7866064
       33.182702    -0.088103234     -0.13533892       10.010946       10.529367      -4.9235761
       33.625138    -0.089181029     -0.13588395       10.165692       10.707776      -5.0625264
       34.067574    -0.090009724     -0.13620249       10.321473       10.888026      -5.2034448
       34.510010    -0.090567705     -0.13627661       10.478322       11.070168      -5.3463177
       34.952446    -0.090833361     -0.13608744       10.636269       11.254255      -5.4911296
       35.394882    -0.090785260     -0.13561508       10.795349       11.440340      -5.6378637
       35.837318    -0.090402363     -0.13483863       10.955596       11.628478      -5.7865014
       36.279754    -0.089664268     -0.13373607       11.117046       11.818726      -5.9370226
       36.722190    -0.088551494     -0.13228424       11.279736       12.011143      -6.0894050
       37.164626    -0.087045816     -0.13045878       11.443707       12.205791      -6.2436249
       37.607062    -0.085130649     -0.12823406       11.608998       12.402730      -6.3996562
       38.049498    -0.082791498     -0.12558310       11.775652       12.602026      -6.5574710
       38.491934    -0.080016480     -0.12247758       11.943714       12.803746      -6.7170390
       38.934370    -0.076796927     -0.11888765       12.113229       13.007959      -6.8783278
       39.376806    -0.073128095     -0.11478197       12.284246       13.214736      -7.0413025
       39.819242    -0.069009982     -0.11012756       12.456816       13.424151      -7.2059258
       40.261678    -0.064448281     -0.10488975       12.630991       13.636279      -7.3721576
       40.704114    -0.059455496    -0.099032064       12.806826       13.851200      -7.5399551
       41.146550    -0.054052227    -0.092516181       12.984379       14.068996      -7.7092726
       41.588986    -0.048268689    -0.085301786       13.163710       14.289752      -7.8800614
       42.031422    -0.042146469    -0.077346501       13.344883       14.513553      -8.0522695
       42.473858    -0.035740583    -0.068605775       13.527963       14.740493      -8.2258416
       42.916294    -0.029121884    -0.059032773       13.713020       14.970663      -8.4007188
       43.358730    -0.022379870    -0.048578272       13.900127       15.204163      -8.5768386
       43.801166    -0.015625983    -0.037190539       14.089360       15.441094      -8.7541344
       44.243602 -8.9974660E-003    -0.024815221       14.280798       15.681559      -8.9325356

Table series: Data for wavelength : 0.587562 µm.
   Y Angle (deg)       Tan Shift       Sag Shift     Real Height     Ref. Height      Distortion
  --------------  --------------  --------------  --------------  --------------  --------------
      0.00000000     0.010579155     0.010579155      0.00000000      0.00000000      0.00000000
      0.44243602     0.010592697     0.010548178      0.12447997      0.12448098 -8.1300841E-004
      0.88487205     0.010621197     0.010455240      0.24896871      0.24897681 -3.2522838E-003
       1.3273081     0.010664220     0.010300326      0.37347500      0.37350234 -7.3184405E-003
       1.7697441     0.010721059     0.010083408      0.49800762      0.49807243    -0.013012558
       2.2121801     0.010790745  9.8044480E-003      0.62257535      0.62270199    -0.020336133
       2.6546161     0.010872043  9.4633997E-003      0.74718699      0.74740592    -0.029291083
       3.0970522     0.010963460  9.0602065E-003      0.87185134      0.87219918    -0.039879748
       3.5394882     0.011063248  8.5948048E-003      0.99657722      0.99709676    -0.052104884
       3.9819242     0.011169411  8.0671244E-003       1.1213735       1.1221137    -0.065969659
       4.4243602     0.011279712  7.4770899E-003       1.2462489       1.2472651    -0.081477650
       4.8667963     0.011391680  6.8246221E-003       1.3712124       1.3725662    -0.098632834
       5.3092323     0.011502617  6.1096402E-003       1.4962729       1.4980322     -0.11743958
       5.7516683     0.011609611  5.3320636E-003       1.6214392       1.6236783     -0.13790266
       6.1941043     0.011709542  4.4918138E-003       1.7467204       1.7495201     -0.16002721
       6.6365404     0.011799096  3.5888170E-003       1.8721253       1.8755730     -0.18381875
       7.0789764     0.011874775  2.6230068E-003       1.9976630       2.0018525     -0.20928315
       7.5214124     0.011932910  1.5943266E-003       2.1233425       2.1283746     -0.23642665
       7.9638484     0.011969675  5.0273277E-004       2.2491729       2.2551548     -0.26525584
       8.4062844     0.011981104 -6.5180234E-004       2.3751633       2.3822093     -0.29577761
       8.8487205     0.011963099 -1.8692869E-003       2.5013228       2.5095541     -0.32799922
       9.2911565     0.011911453 -3.1497060E-003       2.6276607       2.6372055     -0.36192820
       9.7335925     0.011821864 -4.4930182E-003       2.7541862       2.7651798     -0.39757239
       10.176029     0.011689951 -5.8991511E-003       2.8809086       2.8934936     -0.43493993
       10.618465     0.011511275 -7.3679974E-003       3.0078373       3.0221635     -0.47403921
       11.060901     0.011281357 -8.8994105E-003       3.1349817       3.1512066     -0.51487889
       11.503337     0.010995696    -0.010493200       3.2623514       3.2806399     -0.55746786
       11.945773     0.010649793    -0.012149125       3.3899558       3.4104806     -0.60181525
       12.388209     0.010239166    -0.013866893       3.5178047       3.5407463     -0.64793038
       12.830645  9.7593811E-003    -0.015646151       3.6459078       3.6714546     -0.69582279
       13.273081  9.2060652E-003    -0.017486480       3.7742749       3.8026235     -0.74550218
       13.715517  8.5749351E-003    -0.019387392       3.9029159       3.9342712     -0.79697840
       14.157953  7.8618189E-003    -0.021348321       4.0318408       4.0664160     -0.85026145
       14.600389  7.0626805E-003    -0.023368617       4.1610598       4.1990766     -0.90536145
       15.042825  6.1736442E-003    -0.025447542       4.2905831       4.3322720     -0.96228863
       15.485261  5.1910199E-003    -0.027584261       4.4204210       4.4660215      -1.0210533
       15.927697  4.1113289E-003    -0.029777833       4.5505840       4.6003444      -1.0816658
       16.370133  2.9313292E-003    -0.032027207       4.6810828       4.7352607      -1.1441365
       16.812569  1.6480427E-003    -0.034331215       4.8119281       4.8707904      -1.2084759
       17.255005  2.5878146E-004    -0.036688558       4.9431307       5.0069541      -1.2746944
       17.697441 -1.2388253E-003    -0.039097804       5.0747018       5.1437725      -1.3428023
       18.139877 -2.8468040E-003    -0.041557377       5.2066526       5.2812668      -1.4128101
       18.582313 -4.5668094E-003    -0.044065547       5.3389944       5.4194587      -1.4847279
       19.024749 -6.4000968E-003    -0.046620421       5.4717390       5.5583699      -1.5585660
       19.467185 -8.3474952E-003    -0.049219938       5.6048981       5.6980228      -1.6343344
       19.909621    -0.010409379    -0.051861849       5.7384836       5.8384402      -1.7120430
       20.352057    -0.012585641    -0.054543718       5.8725079       5.9796453      -1.7917015
       20.794493    -0.014875664    -0.057262902       6.0069833       6.1216616      -1.8733195
       21.236929    -0.017278299    -0.060016546       6.1419227       6.2645133      -1.9569063
       21.679365    -0.019791829    -0.062801567       6.2773389       6.4082250      -2.0424709
       22.121801    -0.022413952    -0.065614648       6.4132452       6.5528217      -2.1300222
       22.564237    -0.025141751    -0.068452217       6.5496551       6.6983291      -2.2195685
       23.006673    -0.027971667    -0.071310441       6.6865825       6.8447733      -2.3111181
       23.449109    -0.030899482    -0.074185210       6.8240415       6.9921810      -2.4046787
       23.891545    -0.033920286    -0.077072124       6.9620466       7.1405795      -2.5002577
       24.333981    -0.037028463    -0.079966477       7.1006126       7.2899967      -2.5978620
       24.776417    -0.040217665    -0.082863244       7.2397548       7.4404611      -2.6974981
       25.218853    -0.043480795    -0.085757062       7.3794888       7.5920020      -2.7991721
       25.661289    -0.046809987    -0.088642218       7.5198306       7.7446492      -2.9028894
       26.103725    -0.050196590    -0.091512630       7.6607966       7.8984332      -3.0086550
       26.546161    -0.053631155    -0.094361829       7.8024038       8.0533854      -3.1164732
       26.988597    -0.057103423    -0.097182942       7.9446695       8.2095377      -3.2263478
       27.431033    -0.060602313    -0.099968673       8.0876117       8.3669231      -3.3382819
       27.873469    -0.064115918     -0.10271128       8.2312487       8.5255753      -3.4522778
       28.315906    -0.067631502     -0.10540256       8.3755996       8.6855286      -3.5683372
       28.758342    -0.071135499     -0.10803382       8.5206840       8.8468185      -3.6864611
       29.200778    -0.074613520     -0.11059587       8.6665220       9.0094813      -3.8066494
       29.643214    -0.078050360     -0.11307897       8.8131344       9.1735543      -3.9289015
       30.085650    -0.081430015     -0.11547285       8.9605428       9.3390757      -4.0532158
       30.528086    -0.084735704     -0.11776662       9.1087694       9.5060847      -4.1795896
       30.970522    -0.087949892     -0.11994882       9.2578372       9.6746218      -4.3080195
       31.412958    -0.091054332     -0.12200734       9.4077699       9.8447282      -4.4385008
       31.855394    -0.094030107     -0.12392939       9.5585922       10.016447      -4.5710281
       32.297830    -0.096857682     -0.12570150       9.7103295       10.189821      -4.7055946
       32.740266    -0.099516977     -0.12730947       9.8630082       10.364896      -4.8421923
       33.182702     -0.10198744     -0.12873834       10.016656       10.541719      -4.9808123
       33.625138     -0.10424814     -0.12997232       10.171300       10.720336      -5.1214441
       34.067574     -0.10627789     -0.13099483       10.326972       10.900798      -5.2640762
       34.510010     -0.10805537     -0.13178840       10.483700       11.083154      -5.4086953
       34.952446     -0.10955926     -0.13233462       10.641517       11.267457      -5.5552871
       35.394882     -0.11076847     -0.13261415       10.800456       11.453760      -5.7038355
       35.837318     -0.11166230     -0.13260663       10.960551       11.642119      -5.8543228
       36.279754     -0.11222070     -0.13229066       11.121838       11.832590      -6.0067300
       36.722190     -0.11242457     -0.13164373       11.284354       12.025233      -6.1610360
       37.164626     -0.11225605     -0.13064217       11.448138       12.220109      -6.3172181
       37.607062     -0.11169894     -0.12926111       11.613229       12.417279      -6.4752516
       38.049498     -0.11073911     -0.12747440       11.779670       12.616809      -6.6351100
       38.491934     -0.10936503     -0.12525456       11.947505       12.818766      -6.7967646
       38.934370     -0.10756836     -0.12257273       12.116778       13.023218      -6.9601847
       39.376806     -0.10534464     -0.11939857       12.287539       13.230238      -7.1253371
       39.819242     -0.10269408     -0.11570021       12.459835       13.439898      -7.2921866
       40.261678    -0.099622518     -0.11144418       12.633721       13.652275      -7.4606953
       40.704114    -0.096142461     -0.10659533       12.809248       13.867449      -7.6308227
       41.146550    -0.092274368     -0.10111671       12.986475       14.085500      -7.8025259
       41.588986    -0.088048106    -0.094969567       13.165461       14.306514      -7.9757588
       42.031422    -0.083504651    -0.088113180       13.346268       14.530579      -8.1504727
       42.473858    -0.078698075    -0.080504812       13.528960       14.757784      -8.3266155
       42.916294    -0.073697862    -0.072099605       13.713606       14.988225      -8.5041323
       43.358730    -0.068591607    -0.062850489       13.900278       15.221999      -8.6829644
       43.801166    -0.063488181    -0.052708084       14.089050       15.459207      -8.8630499
       44.243602    -0.058521413    -0.041620608       14.280000       15.699955      -9.0443232

Table series: Data for wavelength : 0.656273 µm.
   Y Angle (deg)       Tan Shift       Sag Shift     Real Height     Ref. Height      Distortion
  --------------  --------------  --------------  --------------  --------------  --------------
      0.00000000     0.041286892     0.041286892      0.00000000      0.00000000      0.00000000
      0.44243602     0.041297966     0.041254585      0.12459463      0.12459572 -8.7048580E-004
      0.88487205     0.041319204     0.041157659      0.24919802      0.24920629 -3.3188419E-003
       1.3273081     0.041350170     0.040996096      0.37381893      0.37384660 -7.4000879E-003
       1.7697441     0.041390157     0.040769868      0.49846613      0.49853151    -0.013115336
       2.2121801     0.041438193     0.040478936      0.62314838      0.62327594    -0.020466088
       2.6546161     0.041493044     0.040123252      0.74787447      0.74809481    -0.029454268
       3.0970522     0.041553213     0.039702756      0.87265317      0.87300309    -0.040082226
       3.5394882     0.041616952     0.039217383      0.99749331      0.99801580    -0.052352726
       3.9819242     0.041682263     0.038667059       1.1224037       1.1231480    -0.066268948
       4.4243602     0.041746905     0.038051706       1.2473931       1.2484148    -0.081834481
       4.8667963     0.041808407     0.037371240       1.3724705       1.3738313    -0.099053317
       5.3092323     0.041864067     0.036625577       1.4976447       1.4994129     -0.11792984
       5.7516683     0.041910972     0.035814631       1.6229245       1.6251749     -0.13846884
       6.1941043     0.041945998     0.034938319       1.7483190       1.7511326     -0.16067547
       6.6365404     0.041965831     0.033996563       1.8738370       1.8773017     -0.18455526
       7.0789764     0.041966970     0.032989288       1.9994876       2.0036977     -0.21011413
       7.5214124     0.041945747     0.031916434       2.1252798       2.1303363     -0.23735831
       7.9638484     0.041898333     0.030777950       2.2512226       2.2572334     -0.26629442
       8.4062844     0.041820762     0.029573801       2.3773250       2.3844050     -0.29692939
       8.8487205     0.041708937     0.028303973       2.5035964       2.5118672     -0.32927047
       9.2911565     0.041558652     0.026968472       2.6300458       2.6396362     -0.36332525
       9.7335925     0.041365607     0.025567333       2.7566824       2.7677285     -0.39910159
       10.176029     0.041125425     0.024100619       2.8835157       2.8961605     -0.43660764
       10.618465     0.040833670     0.022568430       3.0105548       3.0249491     -0.47585184
       11.060901     0.040485868     0.020970902       3.1378093       3.1541111     -0.51684286
       11.503337     0.040077526     0.019308218       3.2652887       3.2836637     -0.55958963
       11.945773     0.039604151     0.017580608       3.3930023       3.4136241     -0.60410130
       12.388209     0.039061275     0.015788355       3.5209600       3.5440098     -0.65038724
       12.830645     0.038444473     0.013931803       3.6491715       3.6748386     -0.69845699
       13.273081     0.037749385     0.012011359       3.7776464       3.8061284     -0.74832030
       13.715517     0.036971746     0.010027502       3.9063948       3.9378974     -0.79998704
       14.157953     0.036107399  7.9807851E-003       4.0354265       4.0701641     -0.85346726
       14.600389     0.035152331  5.8718472E-003       4.1647518       4.2029470     -0.90877109
       15.042825     0.034102687  3.7014151E-003       4.2943808       4.3362652     -0.96590880
       15.485261     0.032954804  1.4703127E-003       4.4243238       4.4701379      -1.0248907
       15.927697     0.031705231 -8.2053286E-004       4.5545914       4.6045846      -1.0857272
       16.370133     0.030350757 -3.1700833E-003       4.6851940       4.7396252      -1.1484288
       16.812569     0.028888438 -5.5771816E-003       4.8161424       4.8752799      -1.2130058
       17.255005     0.027315625 -8.0405440E-003       4.9474476       5.0115690      -1.2794688
       17.697441     0.025629987    -0.010558752       5.0791205       5.1485136      -1.3478281
       18.139877     0.023829544    -0.013130242       5.2111723       5.2861347      -1.4180941
       18.582313     0.021912690    -0.015753299       5.3436145       5.4244539      -1.4902772
       19.024749     0.019878220    -0.018426046       5.4764585       5.5634931      -1.5643874
       19.467185     0.017725365    -0.021146435       5.6097162       5.7032748      -1.6404350
       19.909621     0.015453810    -0.023912234       5.7433996       5.8438216      -1.7184298
       20.352057     0.013063728    -0.026721021       5.8775208       5.9851568      -1.7983816
       20.794493     0.010555805    -0.029570172       6.0120923       6.1273040      -1.8803000
       21.236929  7.9312691E-003    -0.032456846       6.1471268       6.2702874      -1.9641942
       21.679365  5.1919132E-003    -0.035377980       6.2826372       6.4141316      -2.0500734
       22.121801  2.3401265E-003    -0.038330271       6.4186366       6.5588616      -2.1379464
       22.564237 -6.2108334E-004    -0.041310168       6.5551387       6.7045031      -2.2278217
       23.006673 -3.6880631E-003    -0.044313858       6.6921572       6.8510822      -2.3197074
       23.449109 -6.8564905E-003    -0.047337248       6.8297061       6.9986258      -2.4136114
       23.891545    -0.010121350    -0.050375960       6.9678001       7.1471610      -2.5095410
       24.333981    -0.013476912    -0.053425309       7.1064539       7.2967160      -2.6075032
       24.776417    -0.016916708    -0.056480291       7.2456826       7.4473191      -2.7075046
       25.218853    -0.020433515    -0.059535567       7.3855019       7.5989997      -2.8095511
       25.661289    -0.024019333    -0.062585449       7.5259277       7.7517875      -2.9136484
       26.103725    -0.027665374    -0.065623878       7.6669765       7.9057133      -3.0198013
       26.546161    -0.031362042    -0.068644413       7.8086650       8.0608083      -3.1280143
       26.988597    -0.035098921    -0.071640209       7.9510108       8.2171046      -3.2382911
       27.431033    -0.038864773    -0.074603998       8.0940316       8.3746351      -3.3506348
       27.873469    -0.042647519    -0.077528071       8.2377459       8.5334334      -3.4650479
       28.315906    -0.046434248    -0.080404255       8.3821725       8.6935342      -3.5815321
       28.758342    -0.050211209    -0.083223897       8.5273309       8.8549728      -3.7000883
       29.200778    -0.053963818    -0.085977834       8.6732415       9.0177855      -3.8207166
       29.643214    -0.057676669    -0.088656377       8.8199248       9.1820097      -3.9434164
       30.085650    -0.061333545    -0.091249282       8.9674025       9.3476836      -4.0681860
       30.528086    -0.064917444    -0.093745727       9.1156966       9.5148466      -4.1950230
       30.970522    -0.068410599    -0.096134284       9.2648301       9.6835390      -4.3239239
       31.412958    -0.071794522    -0.098402892       9.4148268       9.8538023      -4.4548843
       31.855394    -0.075050041     -0.10053883       9.5657111       10.025679      -4.5878985
       32.297830    -0.078157358     -0.10252868       9.7175085       10.199213      -4.7229599
       32.740266    -0.081096112     -0.10435830       9.8702453       10.374450      -4.8600609
       33.182702    -0.083845460     -0.10601280       10.023949       10.551435      -4.9991923
       33.625138    -0.086384169     -0.10747648       10.178647       10.730217      -5.1403440
       34.067574    -0.088690726     -0.10873283       10.334370       10.910845      -5.2835043
       34.510010    -0.090743468     -0.10976447       10.491148       11.093369      -5.4286605
       34.952446    -0.092520734     -0.11055308       10.649012       11.277842      -5.5757980
       35.394882    -0.094001042     -0.11107943       10.807996       11.464317      -5.7249012
       35.837318    -0.095163296     -0.11132328       10.968133       11.652849      -5.8759525
       36.279754    -0.095987028     -0.11126334       11.129460       11.843496      -6.0289330
       36.722190    -0.096452673     -0.11087723       11.292013       12.036317      -6.1838219
       37.164626    -0.096541901     -0.11014144       11.455830       12.231372      -6.3405968
       37.607062    -0.096237985     -0.10903124       11.620952       12.428724      -6.4992333
       38.049498    -0.095526245     -0.10752068       11.787422       12.628438      -6.6597052
       38.491934    -0.094394550     -0.10558245       11.955281       12.830581      -6.8219842
       38.934370    -0.092833911     -0.10318790       12.124576       13.035222      -6.9860399
       39.376806    -0.090839155     -0.10030692       12.295355       13.242432      -7.1518397
       39.819242    -0.088409724    -0.096907888       12.467666       13.452286      -7.3193487
       40.261678    -0.085550590    -0.092957608       12.641562       13.664859      -7.4885296
       40.704114    -0.082273327    -0.088421218       12.817096       13.880231      -7.6593427
       41.146550    -0.078597347    -0.083262121       12.994326       14.098483      -7.8317454
       41.588986    -0.074551352    -0.077441902       13.173310       14.319701      -8.0056926
       42.031422    -0.070175009    -0.070920247       13.354109       14.543972      -8.1811364
       42.473858    -0.065520918    -0.063654855       13.536790       14.771386      -8.3580256
       42.916294    -0.060656891    -0.055601348       13.721420       15.002040      -8.5363061
       43.358730    -0.055668626    -0.046713186       13.908069       15.236029      -8.7159206
       43.801166    -0.050662817    -0.036941577       14.096812       15.473456      -8.8968083
       44.243602    -0.045770796    -0.026235381       14.287728       15.714426      -9.0789049
