Results for:	
File:	C:\Users\User\OneDrive - Massachusetts Institute of Technology\Documents\MIT\Grad School\Classes\2.156\Lens Project\Prime Lenses\WO2019-073744_Example01P.zmx
Title:	WO 2019/073744 Example 1 (Sony FE 24mm F1.4 GM)
Date:	11/7/2025 5:55:08 PM

0 message(s) in output.
3 series table(s) in output.

Table series: Data for wavelength : 0.486133 µm.
   Y Angle (deg)       Tan Shift       Sag Shift     Real Height     Ref. Height      Distortion
  --------------  --------------  --------------  --------------  --------------  --------------
      0.00000000    -0.042964141    -0.042964141      0.00000000      0.00000000      0.00000000
      0.42342643    -0.042875093    -0.042963277      0.17488898      0.17488958 -3.4238526E-004
      0.84685286    -0.042614937    -0.042960743      0.34979441      0.34979826 -1.1014949E-003
       1.2702793    -0.042185084    -0.042956716      0.52473275      0.52474517 -2.3660594E-003
       1.6937057    -0.041587877    -0.042951490      0.69972048      0.69974942 -4.1352979E-003
       2.1171322    -0.040826591    -0.042945476      0.87477411      0.87483017 -6.4079583E-003
       2.5405586    -0.039905435    -0.042939203       1.0499102       1.0500066 -9.1824859E-003
       2.9639850    -0.038829556    -0.042933320       1.2251453       1.2252980    -0.012456981
       3.3874115    -0.037605042    -0.042928589       1.4004962       1.4007236    -0.016229202
       3.8108379    -0.036238926    -0.042925895       1.5759796       1.5763027    -0.020496560
       4.2342643    -0.034739183    -0.042926235       1.7516122       1.7520547    -0.025256129
       4.6576908    -0.033114735    -0.042930726       1.9274111       1.9279992    -0.030504637
       5.0811172    -0.031375447    -0.042940599       2.1033932       2.1041557    -0.036238472
       5.5045436    -0.029532122    -0.042957201       2.2795757       2.2805439    -0.042453679
       5.9279700    -0.027596495    -0.042981989       2.4559758       2.4571834    -0.049145965
       6.3513965    -0.025581220    -0.043016535       2.6326111       2.6340943    -0.056310690
       6.7748229    -0.023499856    -0.043062516       2.8094989       2.8112965    -0.063942876
       7.1982493    -0.021366842    -0.043121713       2.9866571       2.9888101    -0.072037196
       7.6216758    -0.019197471    -0.043196012       3.1641035       3.1666554    -0.080587981
       8.0451022    -0.017007857    -0.043287390       3.3418562       3.3448528    -0.089589208
       8.4685286    -0.014814892    -0.043397919       3.5199334       3.5234228    -0.099034502
       8.8919551    -0.012636199    -0.043529751       3.6983538       3.7023863     -0.10891713
       9.3153815    -0.010490071    -0.043685116       3.8771359       3.8817641     -0.11922999
       9.7388079 -8.3954056E-003    -0.043866313       4.0562987       4.0615773     -0.12996562
       10.162234 -6.3716305E-003    -0.044075697       4.2358613       4.2418473     -0.14111616
       10.585661 -4.4386171E-003    -0.044315673       4.4158433       4.4225955     -0.15267336
       11.009087 -2.6165861E-003    -0.044588680       4.5962644       4.6038436     -0.16462857
       11.432514 -9.2600207E-004    -0.044897182       4.7771445       4.7856137     -0.17697272
       11.855940  6.1253992E-004    -0.045243652       4.9585040       4.9679279     -0.18969630
       12.279367  1.9784384E-003    -0.045630556       5.1403635       5.1508087     -0.20278934
       12.702793  3.1512179E-003    -0.046060340       5.3227439       5.3342788     -0.21624138
       13.126219  4.1106699E-003    -0.046535409       5.5056667       5.5183612     -0.23004147
       13.549646  4.8370016E-003    -0.047058116       5.6891535       5.7030792     -0.24417813
       13.973072  5.3109911E-003    -0.047630733       5.8732264       5.8884563     -0.25863929
       14.396499  5.5141487E-003    -0.048255443       6.0579080       6.0745165     -0.27341231
       14.819925  5.4288825E-003    -0.048934311       6.2432211       6.2612839     -0.28848388
       15.243352  5.0386668E-003    -0.049669269       6.4291892       6.4487831     -0.30384004
       15.666778  4.3282119E-003    -0.050462091       6.6158360       6.6370391     -0.31946608
       16.090204  3.2836342E-003    -0.051314378       6.8031861       6.8260771     -0.33534653
       16.513631  1.8926233E-003    -0.052227531       6.9912643       7.0159228     -0.35146508
       16.937057  1.4460484E-004    -0.053202736       7.1800960       7.2066022     -0.36780454
       17.360484 -1.9691025E-003    -0.054240941       7.3697074       7.3981419     -0.38434675
       17.783910 -4.4551390E-003    -0.055342839       7.5601249       7.5905686     -0.40107257
       18.207337 -7.3179672E-003    -0.056508851       7.7513761       7.7839098     -0.41796173
       18.630763    -0.010559748    -0.057739105       7.9434887       7.9781933     -0.43499284
       19.054189    -0.014180232    -0.059033428       8.1364916       8.1734473     -0.45214322
       19.477616    -0.018176670    -0.060391328       8.3304142       8.3697007     -0.46938891
       19.901042    -0.022543745    -0.061811987       8.5252867       8.5669826     -0.48670451
       20.324469    -0.027273520    -0.063294252       8.7211403       8.7653230     -0.50406311
       20.747895    -0.032355421    -0.064836630       8.9180068       8.9647523     -0.52143621
       21.171322    -0.037776234    -0.066437286       9.1159193       9.1653013     -0.53879359
       21.594748    -0.043520143    -0.068094046       9.3149115       9.3670017     -0.55610324
       22.018174    -0.049568787    -0.069804402       9.5150185       9.5698856     -0.57333121
       22.441601    -0.055901351    -0.071565521       9.7162762       9.7739858     -0.59044151
       22.865027    -0.062494696    -0.073374263       9.9187217       9.9793358     -0.60739601
       23.288454    -0.069323504    -0.075227194       10.122394       10.185970     -0.62415431
       23.711880    -0.076360478    -0.077120614       10.327331       10.393923     -0.64067359
       24.135307    -0.083576553    -0.079050585       10.533576       10.603230     -0.65690851
       24.558733    -0.090941158    -0.081012962       10.741170       10.813928     -0.67281104
       24.982159    -0.098422493    -0.083003438       10.950158       11.026053     -0.68833037
       25.405586     -0.10598785    -0.085017584       11.160584       11.239645     -0.70341271
       25.829012     -0.11360395    -0.087050899       11.372496       11.454742     -0.71800119
       26.252439     -0.12123732    -0.089098873       11.585944       11.671383     -0.73203566
       26.675865     -0.12885469    -0.091157040       11.800977       11.889608     -0.74545255
       27.099292     -0.13642339    -0.093221053       12.017649       12.109461     -0.75818471
       27.522718     -0.14391183    -0.095286752       12.236014       12.330983     -0.77016122
       27.946145     -0.15128989    -0.097350246       12.456130       12.554217     -0.78130721
       28.369571     -0.15852943    -0.099407996       12.678056       12.779209     -0.79154368
       28.792997     -0.16560476     -0.10145691       12.901853       13.006004     -0.80078728
       29.216424     -0.17249308     -0.10349442       13.127586       13.234648     -0.80895011
       29.639850     -0.17917499     -0.10551861       13.355323       13.465191     -0.81593947
       30.063277     -0.18563491     -0.10752829       13.585132       13.697680     -0.82165767
       30.486703     -0.19186158     -0.10952315       13.817087       13.932167     -0.82600171
       30.910130     -0.19784845     -0.11150380       14.051264       14.168704     -0.82886305
       31.333556     -0.20359407     -0.11347197       14.287743       14.407343     -0.83012729
       31.756982     -0.20910248     -0.11543058       14.526607       14.648139     -0.82967385
       32.180409     -0.21438353     -0.11738387       14.767942       14.891148     -0.82737559
       32.603835     -0.21945306     -0.11933754       15.011841       15.136428     -0.82309849
       33.027262     -0.22433316     -0.12129887       15.258397       15.384038     -0.81670116
       33.450688     -0.22905221     -0.12327687       15.507711       15.634039     -0.80803438
       33.874115     -0.23364487     -0.12528237       15.759887       15.886493     -0.79694060
       34.297541     -0.23815195     -0.12732821       16.015036       16.141464     -0.78325334
       34.720967     -0.24262009     -0.12942934       16.273272       16.399019     -0.76679656
       35.144394     -0.24710130     -0.13160296       16.534717       16.659226     -0.74738390
       35.567820     -0.25165226     -0.13386866       16.799499       16.922154     -0.72481787
       35.991247     -0.25633337     -0.13624855       17.067751       17.187876     -0.69888892
       36.414673     -0.26120753     -0.13876741       17.339616       17.456465     -0.66937436
       36.838100     -0.26633846     -0.14145278       17.615243       17.728000     -0.63603721
       37.261526     -0.27178874     -0.14433512       17.894790       18.002558     -0.59862474
       37.684952     -0.27761719     -0.14744791       18.178424       18.280220     -0.55686697
       38.108379     -0.28387575     -0.15082777       18.466321       18.561071     -0.51047482
       38.531805     -0.29060548     -0.15451457       18.758671       18.845197     -0.45913804
       38.955232     -0.29783183     -0.15855152       19.055673       19.132686     -0.40252277
       39.378658     -0.30555863     -0.16298525       19.357540       19.423632     -0.34026878
       39.802085     -0.31376089     -0.16786591       19.664499       19.718129     -0.27198622
       40.225511     -0.32237585     -0.17324719       19.976793       20.016276     -0.19725183
       40.648937     -0.33129196     -0.17918638       20.294685       20.318173     -0.11560451
       41.072364     -0.34033536     -0.18574437       20.618453       20.623926    -0.026540196
       41.495790     -0.34925302     -0.19298566       20.948401       20.933644     0.070494299
       41.919217     -0.35769169     -0.20097832       21.284855       21.247437      0.17610841
       42.342643     -0.36517151     -0.20979390       21.628173       21.565422      0.29097636

Table series: Data for wavelength : 0.587562 µm.
   Y Angle (deg)       Tan Shift       Sag Shift     Real Height     Ref. Height      Distortion
  --------------  --------------  --------------  --------------  --------------  --------------
      0.00000000  1.2875553E-003  1.2875553E-003      0.00000000      0.00000000      0.00000000
      0.42342643  1.3777616E-003  1.2865184E-003      0.17495395      0.17495440 -2.5961785E-004
      0.84685286  1.6410277E-003  1.2833501E-003      0.34992428      0.34992792 -1.0382916E-003
       1.2702793  2.0759704E-003  1.2778772E-003      0.52492740      0.52493966 -2.3354867E-003
       1.6937057  2.6802963E-003  1.2698111E-003      0.69997972      0.70000878 -4.1503053E-003
       2.1171322  3.4507985E-003  1.2587476E-003      0.87509770      0.87515442 -6.4814973E-003
       2.5405586  4.3833546E-003  1.2441671E-003       1.0502978       1.0503958 -9.3274543E-003
       2.9639850  5.4729236E-003  1.2254343E-003       1.2255966       1.2257521    -0.012686212
       3.3874115  6.7135433E-003  1.2017984E-003       1.4010107       1.4012427    -0.016555449
       3.8108379  8.0983278E-003  1.1723932E-003       1.5765568       1.5768869    -0.020932493
       4.2342643  9.6194660E-003  1.1362377E-003       1.7522517       1.7527041    -0.025814313
       4.6576908     0.011268222  1.0922364E-003       1.9281121       1.9287138    -0.031197527
       5.0811172     0.013034936  1.0391803E-003       2.1041551       2.1049356    -0.037078401
       5.5045436     0.014909031  9.7574823E-004       2.2803978       2.2813891    -0.043452847
       5.9279700     0.016879020  9.0050839E-004       2.4568574       2.4580942    -0.050316424
       6.3513965     0.018932519  8.1192028E-004       2.6335512       2.6350707    -0.057664341
       6.7748229     0.021056260  7.0833791E-004       2.8104967       2.8123385    -0.065491450
       7.1982493     0.023236120  5.8801283E-004       2.9877116       2.9899179    -0.073792252
       7.6216758     0.025457145  4.4909846E-004       3.1652137       3.1678291    -0.082560889
       8.0451022     0.027703584  2.8965440E-004       3.3430211       3.3460926    -0.091791146
       8.4685286     0.029958937  1.0765298E-004       3.5211520       3.5247288     -0.10147644
       8.8919551     0.032205999 -9.9014633E-005       3.6996248       3.7037586     -0.11160983
       9.3153815     0.034426924 -3.3253050E-004       3.8784582       3.8832029     -0.12218400
       9.7388079     0.036603293 -5.9514185E-004       4.0576711       4.0630827     -0.13319124
       10.162234     0.038716187 -8.8915053E-004       4.2372825       4.2434195     -0.14462346
       10.585661     0.040746280 -1.2169027E-003       4.4173120       4.4242347     -0.15647218
       11.009087     0.042673932 -1.5807770E-003       4.5977792       4.6055500     -0.16872849
       11.432514     0.044479295 -1.9831709E-003       4.7787040       4.7873875     -0.18138306
       11.855940     0.046142435 -2.4264878E-003       4.9601068       4.9697693     -0.19442613
       12.279367     0.047643450 -2.9131204E-003       5.1420081       5.1527179     -0.20784745
       12.702793     0.048962612 -3.4454352E-003       5.3244289       5.3362560     -0.22163631
       13.126219     0.050080505 -4.0257553E-003       5.5073905       5.5204066     -0.23578148
       13.549646     0.050978178 -4.6563418E-003       5.6909146       5.7051930     -0.25027119
       13.973072     0.051637304 -5.3393757E-003       5.8750232       5.8906389     -0.26509311
       14.396499     0.052040342 -6.0769365E-003       6.0597388       6.0767680     -0.28023429
       14.819925     0.052170704 -6.8709852E-003       6.2450843       6.2636046     -0.29568116
       15.243352     0.052012928 -7.7233397E-003       6.4310832       6.4511734     -0.31141945
       15.666778     0.051552848 -8.6356563E-003       6.6177591       6.6394991     -0.32743418
       16.090204     0.050777764 -9.6094085E-003       6.8051366       6.8286072     -0.34370957
       16.513631     0.049676617    -0.010645865       6.9932405       7.0185233     -0.36022903
       16.937057     0.048240145    -0.011746072       7.1820962       7.2092734     -0.37697505
       17.360484     0.046461047    -0.012910829       7.3717298       7.4008840     -0.39392921
       17.783910     0.044334130    -0.014140674       7.5621678       7.5933821     -0.41107203
       18.207337     0.041856447    -0.015435864       7.7534376       7.7867949     -0.42838295
       18.630763     0.039027417    -0.016796358       7.9455672       7.9811504     -0.44584026
       19.054189     0.035848938    -0.018221804       8.1385853       8.1764768     -0.46342100
       19.477616     0.032325474    -0.019711523       8.3325213       8.3728029     -0.48110085
       19.901042     0.028464122    -0.021264505       8.5274054       8.5701580     -0.49885410
       20.324469     0.024274662    -0.022879394       8.7232688       8.7685719     -0.51665351
       20.747895     0.019769571    -0.024554489       8.9201434       8.9680751     -0.53447025
       21.171322     0.014964024    -0.026287741       9.1180621       9.1686984     -0.55227374
       21.594748  9.8758567E-003    -0.028076752       9.3170589       9.3704736     -0.57003159
       22.018174  4.5254973E-003    -0.029918788       9.5171687       9.5734327     -0.58770951
       22.441601 -1.0641245E-003    -0.031810782       9.7184275       9.7776086     -0.60527110
       22.865027 -6.8677087E-003    -0.033749354       9.9208725       9.9830347     -0.62267785
       23.288454    -0.012857745    -0.035730829       10.124542       10.189745     -0.63988893
       23.711880    -0.019004709    -0.037751259       10.329476       10.397775     -0.65686109
       24.135307    -0.025277286    -0.039806456       10.535715       10.607160     -0.67354853
       24.558733    -0.031642637    -0.041892026       10.743303       10.817936     -0.68990277
       24.982159    -0.038066686    -0.044003409       10.952281       11.030140     -0.70587249
       25.405586    -0.044514447    -0.046135922       11.162698       11.243811     -0.72140339
       25.829012    -0.050950374    -0.048284818       11.374599       11.458987     -0.73643806
       26.252439    -0.057338745    -0.050445335       11.588034       11.675709     -0.75091580
       26.675865    -0.063644067    -0.052612767       11.803053       11.894015     -0.76477246
       27.099292    -0.069831506    -0.054782528       12.019710       12.113949     -0.77794028
       27.522718    -0.075867336    -0.056950226       12.238059       12.335553     -0.79034773
       27.946145    -0.081719405    -0.059111749       12.458158       12.558870     -0.80191928
       28.369571    -0.087357618    -0.061263346       12.680066       12.783945     -0.81257529
       28.792997    -0.092754424    -0.063401722       12.903845       13.010824     -0.82223170
       29.216424    -0.097885311    -0.065524132       13.129559       13.239553     -0.83079995
       29.639850     -0.10272930    -0.067628484       13.357276       13.470181     -0.83818662
       30.063277     -0.10726944    -0.069713448       13.587066       13.702757     -0.84429332
       30.486703     -0.11149327    -0.071778564       13.819001       13.937331     -0.84901634
       30.910130     -0.11539330    -0.073824358       14.053158       14.173955     -0.85224644
       31.333556     -0.11896743    -0.075852466       14.289617       14.412683     -0.85386852
       31.756982     -0.12221937    -0.077865754       14.528462       14.653568     -0.85376131
       32.180409     -0.12515898    -0.079868444       14.769778       14.896668     -0.85179707
       32.603835     -0.12780256    -0.081866251       15.013658       15.142039     -0.84784112
       33.027262     -0.13017313    -0.083866506       15.260197       15.389740     -0.84175152
       33.450688     -0.13230057    -0.085878299       15.509495       15.639834     -0.83337853
       33.874115     -0.13422163    -0.087912613       15.761656       15.892381     -0.82256418
       34.297541     -0.13597996    -0.089982465       16.016791       16.147447     -0.80914161
       34.720967     -0.13762580    -0.092103039       16.275016       16.405097     -0.79293451
       35.144394     -0.13921570    -0.094291835       16.536451       16.665400     -0.77375636
       35.567820     -0.14081186    -0.096568801       16.801224       16.928426     -0.75140962
       35.991247     -0.14248139    -0.098956472       17.069470       17.194246     -0.72568484
       36.414673     -0.14429510     -0.10148011       17.341331       17.462936     -0.69635959
       36.838100     -0.14632612     -0.10416785       17.616956       17.734571     -0.66319728
       37.261526     -0.14864797     -0.10705079       17.896502       18.009230     -0.62594580
       37.684952     -0.15133217     -0.11016317       18.180138       18.286996     -0.58433596
       38.108379     -0.15444526     -0.11354244       18.468040       18.567950     -0.53807968
       38.531805     -0.15804508     -0.11722943       18.760396       18.852181     -0.48686793
       38.955232     -0.16217612     -0.12126841       19.057406       19.139778     -0.43036833
       39.378658     -0.16686381     -0.12570717       19.359283       19.430832     -0.36822235
       39.802085     -0.17210750     -0.13059715       19.666253       19.725438     -0.30004209
       40.225511     -0.17787175     -0.13599347       19.978560       20.023695     -0.22540647
       40.648937     -0.18407554     -0.14195500       20.296464       20.325704     -0.14385685
       41.072364     -0.19057902     -0.14854432       20.620246       20.631571    -0.054891811
       41.495790     -0.19716685     -0.15582782       20.950206       20.941403     0.042038947
       41.919217     -0.20352751     -0.16387559       21.286673       21.255312      0.14754182
       42.342643     -0.20922716     -0.17276136       21.630000       21.573416      0.26228783

Table series: Data for wavelength : 0.656273 µm.
   Y Angle (deg)       Tan Shift       Sag Shift     Real Height     Ref. Height      Distortion
  --------------  --------------  --------------  --------------  --------------  --------------
      0.00000000     0.050212397     0.050212397      0.00000000      0.00000000      0.00000000
      0.42342643     0.050305940     0.050211490      0.17506804      0.17506864 -3.4135993E-004
      0.84685286     0.050578835     0.050208711      0.35015246      0.35015640 -1.1243457E-003
       1.2702793     0.051029714     0.050203889      0.52526966      0.52528242 -2.4287651E-003
       1.6937057     0.051656308     0.050196738      0.70043605      0.70046584 -4.2536067E-003
       2.1171322     0.052455446     0.050186860      0.87566807      0.87572585 -6.5976460E-003
       2.5405586     0.053423051     0.050173739       1.0509822       1.0510816 -9.4592447E-003
       2.9639850     0.054554137     0.050156749       1.2263950       1.2265525    -0.012836402
       3.3874115     0.055842807     0.050135145       1.4019231       1.4021577    -0.016726756
       3.8108379     0.057282250     0.050108072       1.5775832       1.5779165    -0.021127581
       4.2342643     0.058864742     0.050074559       1.7533919       1.7538485    -0.026035793
       4.6576908     0.060581642     0.050033524       1.9293662       1.9299732    -0.031447948
       5.0811172     0.062423398     0.049983770       2.1055231       2.1063100    -0.037360241
       5.5045436     0.064379551     0.049923991       2.2818796       2.2828788    -0.043768510
       5.9279700     0.066438741     0.049852771       2.4584529       2.4596992    -0.050668233
       6.3513965     0.068588725     0.049768589       2.6352604       2.6367912    -0.058054531
       6.7748229     0.070816389     0.049669816       2.8123196       2.8141748    -0.065922161
       7.1982493     0.073107773     0.049554725       2.9896482       2.9918702    -0.074265524
       7.6216758     0.075448100     0.049421491       3.1672640       3.1698975    -0.083078656
       8.0451022     0.077821812     0.049268198       3.3451851       3.3482774    -0.092355228
       8.4685286     0.080212613     0.049092844       3.5234296       3.5270303     -0.10208854
       8.8919551     0.082603520     0.048893346       3.7020160       3.7061769     -0.11227153
       9.3153815     0.084976927     0.048667553       3.8809629       3.8857384     -0.12289673
       9.7388079     0.087314667     0.048413247       4.0602894       4.0657357     -0.13395632
       10.162234     0.089598097     0.048128162       4.2400145       4.2461902     -0.14544207
       10.585661     0.091808185     0.047809986       4.4201576       4.4271235     -0.15734533
       11.009087     0.093925605     0.047456378       4.6007385       4.6085572     -0.16965704
       11.432514     0.095930852     0.047064983       4.7817771       4.7905134     -0.18236774
       11.855940     0.097804353     0.046633441       4.9632937       4.9730143     -0.19546747
       12.279367     0.099526599     0.046159405       5.1453089       5.1560823     -0.20894583
       12.702793      0.10107828     0.045640559       5.3278438       5.3397403     -0.22279193
       13.126219      0.10244043     0.045074634       5.5109195       5.5240111     -0.23699435
       13.549646      0.10359458     0.044459426       5.6945579       5.7089182     -0.25154115
       13.973072      0.10452292     0.043792814       5.8787810       5.8944851     -0.26641979
       14.396499      0.10520847     0.043072785       6.0636114       6.0807358     -0.28161715
       14.819925      0.10563523     0.042297447       6.2490719       6.2676944     -0.29711943
       15.243352      0.10578838     0.041465056       6.4351860       6.4553856     -0.31291217
       15.666778      0.10565443     0.040574035       6.6219775       6.6438344     -0.32898016
       16.090204      0.10522139     0.039622995       6.8094708       6.8330659     -0.34530740
       16.513631      0.10447900     0.038610756       6.9976910       7.0231060     -0.36187708
       16.937057      0.10341880     0.037536369       7.1866633       7.2139806     -0.37867145
       17.360484      0.10203437     0.036399133       7.3764140       7.4057164     -0.39567184
       17.783910      0.10032144     0.035198617       7.5669697       7.5983401     -0.41285852
       18.207337     0.098278060     0.033934677       7.7583578       7.7918793     -0.43021068
       18.630763     0.095904681     0.032607473       7.9506062       7.9863617     -0.44770633
       19.054189     0.093204301     0.031217484       8.1437438       8.1818156     -0.46532223
       19.477616     0.090182545     0.029765517       8.3378000       8.3782699     -0.48303378
       19.901042     0.086847729     0.028252723       8.5328052       8.5757538     -0.50081495
       20.324469     0.083210914     0.026680600       8.7287904       8.7742973     -0.51863821
       20.747895     0.079285923     0.025051002       8.9257879       8.9739307     -0.53647437
       21.171322     0.075089337     0.023366136       9.1238305       9.1746851     -0.55429254
       21.594748     0.070640461     0.021628560       9.3229523       9.3765920     -0.57205996
       22.018174     0.065961256     0.019841180       9.5231882       9.5796836     -0.58974195
       22.441601     0.061076246     0.018007237       9.7245744       9.7839928     -0.60730176
       22.865027     0.056012388     0.016130291       9.9271483       9.9895530     -0.62470043
       23.288454     0.050798910     0.014214205       10.130948       10.196399     -0.64189673
       23.711880     0.045467115     0.012263116       10.336014       10.404564     -0.65884694
       24.135307     0.040050153     0.010281407       10.542387       10.614086     -0.67550482
       24.558733     0.034582758  8.2736704E-003       10.750110       10.824999     -0.69182136
       24.982159     0.029100953  6.2446692E-003       10.959226       11.037342     -0.70774475
       25.405586     0.023641729  4.1992885E-003       11.169782       11.251153     -0.72322016
       25.829012     0.018242683  2.1424836E-003       11.381825       11.466469     -0.73818958
       26.252439     0.012941639  7.9221777E-005       11.595404       11.683332     -0.75259174
       26.675865  7.7762385E-003 -1.9855817E-003       11.810571       11.901781     -0.76636187
       27.099292  2.7835045E-003 -4.0471339E-003       12.027378       12.121859     -0.77943156
       27.522718 -2.0006085E-003 -6.1008396E-003       12.245880       12.343608     -0.79172860
       27.946145 -6.5416871E-003 -8.1423830E-003       12.466135       12.567071     -0.80317677
       28.369571    -0.010807343    -0.010167815       12.688202       12.792293     -0.81369566
       28.792997    -0.014767707    -0.012173646       12.912144       13.019320     -0.82320050
       29.216424    -0.018395930    -0.014156944       13.138026       13.248198     -0.83160188
       29.639850    -0.021668684    -0.016115437       13.365914       13.478977     -0.83880561
       30.063277    -0.024566658    -0.018047622       13.595880       13.711704     -0.84471240
       30.486703    -0.027075043    -0.019952879       13.827996       13.946431     -0.84921768
       30.910130    -0.029184003    -0.021831586       14.062339       14.183210     -0.85221129
       31.333556    -0.030889121    -0.023685241       14.298990       14.422093     -0.85357719
       31.756982    -0.032191807    -0.025516590       14.538031       14.663136     -0.85319314
       32.180409    -0.033099671    -0.027329751       14.779551       14.906394     -0.85093040
       32.603835    -0.033626840    -0.029130353       15.023641       15.151926     -0.84665327
       33.027262    -0.033794211    -0.030925665       15.270397       15.399789     -0.84021875
       33.450688    -0.033629619    -0.032724731       15.519919       15.650046     -0.83147602
       33.874115    -0.033167910    -0.034538519       15.772313       15.902758     -0.82026600
       34.297541    -0.032450898    -0.036380054       16.027689       16.157990     -0.80642071
       34.720967    -0.031527178    -0.038264561       16.286163       16.415809     -0.78976267
       35.144394    -0.030451763    -0.040209609       16.547857       16.676282     -0.77010415
       35.567820    -0.029285523    -0.042235249       16.812900       16.939479     -0.74724643
       35.991247    -0.028094371    -0.044364158       17.081425       17.205473     -0.72097877
       36.414673    -0.026948158    -0.046621780       17.353577       17.474338     -0.69107746
       36.838100    -0.025919207    -0.049036460       17.629504       17.746150     -0.65730457
       37.261526    -0.025080423    -0.051639574       17.909366       18.020989     -0.61940660
       37.684952    -0.024502880    -0.054465663       18.193330       18.298936     -0.57711291
       38.108379    -0.024252789    -0.057552551       18.481575       18.580074     -0.53013389
       38.531805    -0.024387707    -0.060941460       18.774289       18.864491     -0.47815889
       38.955232    -0.024951816    -0.064677121       19.071672       19.152275     -0.42085377
       39.378658    -0.025970080    -0.068807855       19.373939       19.443519     -0.35785814
       39.802085    -0.027441005    -0.073385668       19.681317       19.738318     -0.28878203
       40.225511    -0.029327686    -0.078466308       19.994051       20.036769     -0.21320208
       40.648937    -0.031546698    -0.084109309       20.312402       20.338976     -0.13065709
       41.072364    -0.033954303    -0.090378018       20.636651       20.645042    -0.040642733
       41.495790    -0.036329238    -0.097339587       20.967103       20.955076     0.057394611
       41.919217    -0.038351128     -0.10506494       21.304086       21.269191      0.16406519
       42.342643    -0.039573258     -0.11362871       21.647956       21.587502      0.28004455
