Results for:	
File:	C:\Users\User\OneDrive - Massachusetts Institute of Technology\Documents\MIT\Grad School\Classes\2.156\Lens Project\Prime Lenses\US20120307129_Example01P.zmx
Title:	US 2012/0307129 Example 1 (Sony DT 16-50mm F2.8 SSM)
Date:	11/7/2025 5:52:22 PM

0 message(s) in output.
3 series table(s) in output.

Table series: Data for wavelength : 0.486133 µm.
   Y Angle (deg)       Tan Shift       Sag Shift     Real Height     Ref. Height      Distortion
  --------------  --------------  --------------  --------------  --------------  --------------
      0.00000000    -0.033291887    -0.033291887      0.00000000      0.00000000      0.00000000
      0.42428326    -0.033253819    -0.033293428      0.12205539      0.12205650 -9.0574891E-004
      0.84856652    -0.033147781    -0.033298049      0.24411754      0.24412639 -3.6224612E-003
       1.2728498    -0.032973945    -0.033305755      0.36619321      0.36622305 -8.1499901E-003
       1.6971330    -0.032732593    -0.033316550      0.48828915      0.48835991    -0.014487846
       2.1214163    -0.032424116    -0.033330441      0.61041217      0.61055037    -0.022635339
       2.5456996    -0.032049015    -0.033347437      0.73256905      0.73280788    -0.032591577
       2.9699828    -0.031607903    -0.033367548      0.85476663      0.85514593    -0.044355456
       3.3942661    -0.031101507    -0.033390787      0.97701175      0.97757802    -0.057925659
       3.8185494    -0.030530669    -0.033417171       1.0993113       1.1001177    -0.073300646
       4.2428326    -0.029896351    -0.033446716       1.2216722       1.2227786    -0.090478642
       4.6671159    -0.029199633    -0.033479444       1.3441015       1.3455743     -0.10945763
       5.0913991    -0.028441719    -0.033515377       1.4666061       1.4685186     -0.13023535
       5.5156824    -0.027623943    -0.033554543       1.5891931       1.5916252     -0.15280926
       5.9399657    -0.026747768    -0.033596970       1.7118696       1.7149080     -0.17717654
       6.3642489    -0.025814793    -0.033642691       1.8346429       1.8383810     -0.20333409
       6.7885322    -0.024826759    -0.033691744       1.9575202       1.9620580     -0.23127847
       7.2128154    -0.023785551    -0.033744169       2.0805089       2.0859534     -0.26100593
       7.6370987    -0.022693208    -0.033800011       2.2036164       2.2100811     -0.29251236
       8.0613820    -0.021551926    -0.033859320       2.3268501       2.3344556     -0.32579327
       8.4856652    -0.020364067    -0.033922151       2.4502178       2.4590913     -0.36084378
       8.9099485    -0.019132167    -0.033988565       2.5737272       2.5840027     -0.39765858
       9.3342318    -0.017858941    -0.034058627       2.6973860       2.7092044     -0.43623190
       9.7585150    -0.016547296    -0.034132410       2.8212023       2.8347114     -0.47655750
       10.182798    -0.015200338    -0.034209994       2.9451842       2.9605384     -0.51862863
       10.607082    -0.013821382    -0.034291465       3.0693398       3.0867006     -0.56243797
       11.031365    -0.012413965    -0.034376917       3.1936776       3.2132132     -0.60797765
       11.455648    -0.010981853    -0.034466453       3.3182060       3.3400916     -0.65523913
       11.879931 -9.5290571E-003    -0.034560182       3.4429338       3.4673514     -0.70421325
       12.304215 -8.0598436E-003    -0.034658226       3.5678699       3.5950083     -0.75489012
       12.728498 -6.5787470E-003    -0.034760714       3.6930233       3.7230782     -0.80725909
       13.152781 -5.0905843E-003    -0.034867784       3.8184034       3.8515773     -0.86130872
       13.577064 -3.6004677E-003    -0.034979587       3.9440195       3.9805220     -0.91702668
       14.001348 -2.1138189E-003    -0.035096281       4.0698815       4.1099286     -0.97439976
       14.425631 -6.3638335E-004    -0.035218039       4.1959992       4.2398140      -1.0334138
       14.849914  8.2575603E-004    -0.035345040       4.3223830       4.3701952      -1.0940534
       15.274197  2.2661645E-003    -0.035477476       4.4490433       4.5010895      -1.1563024
       15.698481  3.6780426E-003    -0.035615551       4.5759908       4.6325142      -1.2201432
       16.122764  5.0542122E-003    -0.035759477       4.7032369       4.7644871      -1.2855570
       16.547047  6.3871053E-003    -0.035909475       4.8307927       4.8970262      -1.3525237
       16.971330  7.6687528E-003    -0.036065777       4.9586703       5.0301498      -1.4210217
       17.395614  8.8907747E-003    -0.036228621       5.0868817       5.1638765      -1.4910281
       17.819897     0.010044374    -0.036398250       5.2154394       5.2982252      -1.5625181
       18.244180     0.011120329    -0.036574913       5.3443566       5.4332149      -1.6354654
       18.668464     0.012108994    -0.036758859       5.4736466       5.5688654      -1.7098419
       19.092747     0.013000300    -0.036950337       5.6033233       5.7051963      -1.7856174
       19.517030     0.013783760    -0.037149588       5.7334013       5.8422279      -1.8627598
       19.941313     0.014448477    -0.037356848       5.8638954       5.9799808      -1.9412347
       20.365597     0.014983166    -0.037572335       5.9948212       6.1184759      -2.0210056
       20.789880     0.015376171    -0.037796247       6.1261949       6.2577345      -2.1020334
       21.214163     0.015615501    -0.038028757       6.2580332       6.3977784      -2.1842764
       21.638446     0.015688866    -0.038269998       6.3903538       6.5386297      -2.2676901
       22.062730     0.015583726    -0.038520061       6.5231749       6.6803110      -2.3522271
       22.487013     0.015287356    -0.038778978       6.6565154       6.8228453      -2.4378370
       22.911296     0.014786917    -0.039046713       6.7903954       6.9662561      -2.5244660
       23.335579     0.014069543    -0.039323146       6.9248355       7.1105675      -2.6120566
       23.759863     0.013122449    -0.039608056       7.0598575       7.2558039      -2.7005477
       24.184146     0.011933054    -0.039901104       7.1954841       7.4019903      -2.7898744
       24.608429     0.010489118    -0.040201807       7.3317392       7.5491523      -2.8799672
       25.032712  8.7789118E-003    -0.040509521       7.4686477       7.6973159      -2.9707524
       25.456996  6.7914034E-003    -0.040823404       7.6062359       7.8465078      -3.0621511
       25.881279  4.5164724E-003    -0.041142395       7.7445314       7.9967554      -3.1540797
       26.305562  1.9451531E-003    -0.041465171       7.8835631       8.1480865      -3.2464487
       26.729845 -9.3009387E-004    -0.041790110       8.0233615       8.3005297      -3.3391630
       27.154129 -4.1150755E-003    -0.042115251       8.1639587       8.4541141      -3.4321211
       27.578412 -7.6135304E-003    -0.042438238       8.3053886       8.6088697      -3.5252146
       28.002695    -0.011426755    -0.042756269       8.4476869       8.7648271      -3.6183281
       28.426979    -0.015553201    -0.043066037       8.5908914       8.9220176      -3.7113380
       28.851262    -0.019988032    -0.043363652       8.7350420       9.0804734      -3.8041127
       29.275545    -0.024722656    -0.043644577       8.8801809       9.2402274      -3.8965109
       29.699828    -0.029744225    -0.043903535       9.0263531       9.4013134      -3.9883819
       30.124112    -0.035035122    -0.044134415       9.1736060       9.5637659      -4.0795637
       30.548395    -0.040572429    -0.044330173       9.3219902       9.7276206      -4.1698828
       30.972678    -0.046327410    -0.044482714       9.4715595       9.8929138      -4.2591524
       31.396961    -0.052265008    -0.044582762       9.6223712       10.059683      -4.3471715
       31.821245    -0.058343400    -0.044619724       9.7744866       10.227966      -4.4337234
       32.245528    -0.064513650    -0.044581532       9.9279711       10.397804      -4.5185736
       32.669811    -0.070719485    -0.044454470       10.082895       10.569235      -4.6014682
       33.094094    -0.076897293    -0.044222990       10.239334       10.742302      -4.6821308
       33.518378    -0.082976403    -0.043869502       10.397368       10.917048      -4.7602606
       33.942661    -0.088879784    -0.043374143       10.557087       11.093517      -4.8355281
       34.366944    -0.094525284    -0.042714529       10.718584       11.271754      -4.9075718
       34.791227    -0.099827635    -0.041865474       10.881964       11.451805      -4.9759929
       35.215511     -0.10470145    -0.040798683       11.047338       11.633718      -5.0403497
       35.639794     -0.10906555    -0.039482410       11.214830       11.817543      -5.1001505
       36.064077     -0.11284910    -0.037881080       11.384577       12.003330      -5.1548452
       36.488361     -0.11600001    -0.035954857       11.556729       12.191133      -5.2038141
       36.912644     -0.11849656    -0.033659163       11.731452       12.381003      -5.2463557
       37.336927     -0.12036303    -0.030944120       11.908934       12.572998      -5.2816695
       37.761210     -0.12169094    -0.027753899       12.089386       12.767175      -5.3088361
       38.185494     -0.12266768    -0.024025953       12.273048       12.963592      -5.3267912
       38.609777     -0.12361516    -0.019690072       12.460194       13.162310      -5.3342921
       39.034060     -0.12504232    -0.014667213       12.651140       13.363393      -5.3298753
       39.458343     -0.12771671 -8.8679930E-003       12.846257       13.566904      -5.3118004
       39.882627     -0.13276317 -2.1906822E-003       13.045981       13.772912      -5.2779764
       40.306910     -0.14180145  5.4815347E-003       13.250832       13.981485      -5.2258620
       40.731193     -0.15714094     0.014284444       13.461441       14.192696      -5.1523304
       41.155476     -0.18206151     0.024378491       13.678581       14.406617      -5.0534800
       41.579760     -0.22122761     0.035957408       13.903219       14.623325      -4.9243649
       42.004043     -0.28131488     0.049261801       14.136586       14.842900      -4.7586003
       42.428326     -0.37198836     0.064601436       14.380283       15.065423      -4.5477654

Table series: Data for wavelength : 0.587562 µm.
   Y Angle (deg)       Tan Shift       Sag Shift     Real Height     Ref. Height      Distortion
  --------------  --------------  --------------  --------------  --------------  --------------
      0.00000000 -6.0264310E-004 -6.0264310E-004      0.00000000      0.00000000      0.00000000
      0.42428326 -5.7517365E-004 -6.0758470E-004      0.12217026      0.12217137 -9.0769188E-004
      0.84856652 -4.9821804E-004 -6.2241053E-004      0.24434726      0.24435613 -3.6306699E-003
       1.2728498 -3.7194864E-004 -6.4712377E-004      0.36653776      0.36656770 -8.1686501E-003
       1.6971330 -1.9664591E-004 -6.8172969E-004      0.48874851      0.48881950    -0.014521155
       2.1214163  2.7300709E-005 -7.2623577E-004      0.61098630      0.61112495    -0.022687514
       2.5456996  2.9939184E-004 -7.8065174E-004      0.73325791      0.73349752    -0.032666854
       2.9699828  6.1901677E-004 -8.4498968E-004      0.85557016      0.85595070    -0.044458101
       3.3942661  9.8545168E-004 -9.1926412E-004      0.97792989      0.97849801    -0.058059969
       3.8185494  1.3978577E-003 -1.0034921E-003       1.1003440       1.1011530    -0.073470952
       4.2428326  1.8552783E-003 -1.0976937E-003       1.2228193       1.2239293    -0.090689316
       4.6671159  2.3566367E-003 -1.2018915E-003       1.3453629       1.3468406     -0.10971309
       5.0913991  2.9007326E-003 -1.3161115E-003       1.4679818       1.4699006     -0.13054005
       5.5156824  3.4862383E-003 -1.4403830E-003       1.5906829       1.5931231     -0.15316772
       5.9399657  4.1116950E-003 -1.5747390E-003       1.7134735       1.7165219     -0.17759333
       6.3642489  4.7755082E-003 -1.7192160E-003       1.8363606       1.8401110     -0.20381382
       6.7885322  5.4759425E-003 -1.8738553E-003       1.9593517       1.9639045     -0.23182582
       7.2128154  6.2111164E-003 -2.0387024E-003       2.0824539       2.0879164     -0.26162564
       7.6370987  6.9789957E-003 -2.2138075E-003       2.2056747       2.2121610     -0.29320921
       8.0613820  7.7773878E-003 -2.3992265E-003       2.3290217       2.3366526     -0.32657212
       8.4856652  8.6039336E-003 -2.5950206E-003       2.4525024       2.4614055     -0.36170954
       8.9099485  9.4561004E-003 -2.8012575E-003       2.5761245       2.5864345     -0.39861621
       9.3342318     0.010331173 -3.0180113E-003       2.6998959       2.7117540     -0.43728643
       9.7585150     0.011226247 -3.2453632E-003       2.8238245       2.8373791     -0.47771400
       10.182798     0.012138215 -3.4834020E-003       2.9479184       2.9633245     -0.51989222
       10.607082     0.013063760 -3.7322244E-003       3.0721858       3.0896054     -0.56381382
       11.031365     0.013999343 -3.9919360E-003       3.1966351       3.2162371     -0.60947095
       11.455648     0.014941196 -4.2626512E-003       3.3212747       3.3432349     -0.65685513
       11.879931     0.015885301 -4.5444945E-003       3.4461134       3.4706145     -0.70595720
       12.304215     0.016827389 -4.8376001E-003       3.5711601       3.5983915     -0.75676729
       12.728498     0.017762918 -5.1421129E-003       3.6964237       3.7265820     -0.80927477
       13.152781     0.018687065 -5.4581890E-003       3.8219136       3.8552020     -0.86346816
       13.577064     0.019594714 -5.7859956E-003       3.9476392       3.9842680     -0.91933515
       14.001348     0.020480438 -6.1257118E-003       4.0736103       4.1137964     -0.97686248
       14.425631     0.021338489 -6.4775286E-003       4.1998367       4.2438041      -1.0360359
       14.849914     0.022162783 -6.8416490E-003       4.3263288       4.3743080      -1.0968401
       15.274197     0.022946892 -7.2182879E-003       4.4530970       4.5053254      -1.1592586
       15.698481     0.023684025 -7.6076716E-003       4.5801521       4.6368738      -1.2232739
       16.122764     0.024367023 -8.0100383E-003       4.7075052       4.7689709      -1.2888670
       16.547047     0.024988345 -8.4256363E-003       4.8351677       4.9016347      -1.3560177
       16.971330     0.025540065 -8.8547235E-003       4.9631514       5.0348836      -1.4247042
       17.395614     0.026013860 -9.2975661E-003       5.0914686       5.1687362      -1.4949033
       17.819897     0.026401011 -9.7544368E-003       5.2201317       5.3032112      -1.5665902
       18.244180     0.026692398    -0.010225613       5.3491537       5.4383281      -1.6397383
       18.668464     0.026878511    -0.010711372       5.4785482       5.5741062      -1.7143191
       19.092747     0.026949449    -0.011211992       5.6083290       5.7105654      -1.7903023
       19.517030     0.026894939    -0.011727744       5.7385106       5.8477260      -1.8676553
       19.941313     0.026704350    -0.012258888       5.8691080       5.9856085      -1.9463435
       20.365597     0.026366725    -0.012805668       6.0001367       6.1242339      -2.0263299
       20.789880     0.025870809    -0.013368305       6.1316130       6.2636236      -2.1075750
       21.214163     0.025205094    -0.013946989       6.2635537       6.4037993      -2.1900367
       21.638446     0.024357876    -0.014541869       6.3959763       6.5447831      -2.2736699
       22.062730     0.023317315    -0.015153046       6.5288992       6.6865977      -2.3584270
       22.487013     0.022071518    -0.015780553       6.6623414       6.8292662      -2.4442568
       22.911296     0.020608631    -0.016424350       6.7963228       6.9728120      -2.5311048
       23.335579     0.018916952    -0.017084302       6.9308643       7.1172592      -2.6189133
       23.759863     0.016985058    -0.017760161       7.0659877       7.2626323      -2.7076205
       24.184146     0.014801958    -0.018451547       7.2017158       7.4089562      -2.7971606
       24.608429     0.012357266    -0.019157924       7.3380725       7.5562567      -2.8874638
       25.032712  9.6413967E-003    -0.019878571       7.4750829       7.7045597      -2.9784554
       25.456996  6.6457973E-003    -0.020612555       7.6127732       7.8538921      -3.0700561
       25.881279  3.3631974E-003    -0.021358691       7.7511712       8.0042811      -3.1621815
       26.305562 -2.1210025E-004    -0.022115512       7.8903059       8.1557546      -3.2547416
       26.729845 -4.0838997E-003    -0.022881216       8.0302078       8.3083412      -3.3476403
       27.154129 -8.2537558E-003    -0.023653628       8.1709093       8.4620702      -3.4407757
       27.578412    -0.012720580    -0.024430136       8.3124443       8.6169714      -3.5340388
       28.002695    -0.017480212    -0.025207638       8.4548486       8.7730756      -3.6273133
       28.426979    -0.022524947    -0.025982472       8.5981602       8.9304140      -3.7204753
       28.851262    -0.027843042    -0.026750341       8.7424190       9.0890189      -3.8133924
       29.275545    -0.033418171    -0.027506233       8.8876675       9.2489233      -3.9059231
       29.699828    -0.039228873    -0.028244324       9.0339505       9.4101608      -3.9979157
       30.124112    -0.045247968    -0.028957883       9.1813160       9.5727663      -4.0892081
       30.548395    -0.051441974    -0.029639155       9.3298143       9.7367751      -4.1796261
       30.972678    -0.057770540    -0.030279239       9.4794997       9.9022239      -4.2689826
       31.396961    -0.064185912    -0.030867951       9.6304294       10.069150      -4.3570760
       31.821245    -0.070632468    -0.031393676       9.7826650       10.237592      -4.4436891
       32.245528    -0.077046376    -0.031843200       9.9362721       10.407589      -4.5285866
       32.669811    -0.083355418    -0.032201531       10.091321       10.579182      -4.6115138
       33.094094    -0.089479068    -0.032451702       10.247888       10.752412      -4.6921932
       33.518378    -0.095328916    -0.032574551       10.406054       10.927322      -4.7703222
       33.942661     -0.10080958    -0.032548484       10.565907       11.103957      -4.8455694
       34.366944     -0.10582025    -0.032349212       10.727543       11.282361      -4.9175701
       34.791227     -0.11025711    -0.031949468       10.891066       11.462582      -4.9859215
       35.215511     -0.11401692    -0.031318686       11.056590       11.644666      -5.0501762
       35.639794     -0.11700206    -0.030422656       11.224239       11.828664      -5.1098348
       36.064077     -0.11912762    -0.029223132       11.394151       12.014627      -5.1643368
       36.488361     -0.12033105    -0.027677401       11.566478       12.202605      -5.2130487
       36.912644     -0.12058534    -0.025737782       11.741390       12.392655      -5.2552501
       37.336927     -0.11991659    -0.023351059       11.919079       12.584831      -5.2901160
       37.761210     -0.11842774    -0.020457808       12.099759       12.779190      -5.3166940
       38.185494     -0.11633023    -0.016991592       12.283679       12.975792      -5.3338763
       38.609777     -0.11398656    -0.012877957       12.471120       13.174697      -5.3403628
       39.034060     -0.11196755 -8.0331635E-003       12.662412       13.375969      -5.3346139
       39.458343     -0.11113006 -2.3625049E-003       12.857941       13.579672      -5.3147884
       39.882627     -0.11272331  4.2419688E-003       13.058164       13.785874      -5.2786613
       40.306910     -0.11853626     0.011904657       13.263631       13.994643      -5.2235119
       40.731193     -0.13110491     0.020771066       13.475013       14.206052      -5.1459716
       41.155476     -0.15400909     0.031014797       13.693137       14.420175      -5.0418092
       41.579760     -0.19230643     0.042848429       13.919047       14.637087      -4.9056232
       42.004043     -0.25318235     0.056541062       14.154081       14.856869      -4.7303876
       42.428326     -0.34694968     0.072447859       14.400000       15.079601      -4.5067583

Table series: Data for wavelength : 0.656273 µm.
   Y Angle (deg)       Tan Shift       Sag Shift     Real Height     Ref. Height      Distortion
  --------------  --------------  --------------  --------------  --------------  --------------
      0.00000000     0.052175122     0.052175122      0.00000000      0.00000000      0.00000000
      0.42428326     0.052199776     0.052169264      0.12232440      0.12232551 -9.0844795E-004
      0.84856652     0.052269164     0.052151689      0.24465556      0.24466445 -3.6334127E-003
       1.2728498     0.052383115     0.052122395      0.36700021      0.36703022 -8.1747088E-003
       1.6971330     0.052541353     0.052081377      0.48936514      0.48943626    -0.014531866
       2.1214163     0.052743494     0.052028629      0.61175711      0.61189603    -0.022704224
       2.5456996     0.052989049     0.051964142      0.73418292      0.73442301    -0.032690922
       2.9699828     0.053277415     0.051887906      0.85664939      0.85703069    -0.044490902
       3.3942661     0.053607881     0.051799909      0.97916337      0.97973262    -0.058102895
       3.8185494     0.053979622     0.051700136       1.1017317       1.1025424    -0.073525416
       4.2428326     0.054391696     0.051588569       1.2243614       1.2254736    -0.090756756
       4.6671159     0.054843044     0.051465189       1.3470594       1.3485400     -0.10979497
       5.0913991     0.055332485     0.051329973       1.4698326       1.4717552     -0.13063786
       5.5156824     0.055858713     0.051182895       1.5926881       1.5951332     -0.15328297
       5.9399657     0.056420290     0.051023926       1.7156331       1.7186877     -0.17772758
       6.3642489     0.057015648     0.050853034       1.8386748       1.8424328     -0.20396865
       6.7885322     0.057643077     0.050670182       1.9618204       1.9663825     -0.23200286
       7.2128154     0.058300723     0.050475328       2.0850772       2.0905508     -0.26182654
       7.6370987     0.058986583     0.050268428       2.2084527       2.2149522     -0.29343568
       8.0613820     0.059698495     0.050049431       2.3319544       2.3396008     -0.32682588
       8.4856652     0.060434134     0.049818280       2.4555899       2.4645112     -0.36199236
       8.9099485     0.061191001     0.049574913       2.5793668       2.5896979     -0.39892992
       9.3342318     0.061966420     0.049319263       2.7032931       2.7151756     -0.43763287
       9.7585150     0.062757523     0.049051253       2.8273767       2.8409591     -0.47809507
       10.182798     0.063561243     0.048770802       2.9516256       2.9670635     -0.52030985
       10.607082     0.064374307     0.048477819       3.0760480       3.0935037     -0.56426998
       11.031365     0.065193220     0.048172204       3.2006524       3.2202952     -0.60996766
       11.455648     0.066014259     0.047853851       3.3254473       3.3474532     -0.65739443
       11.879931     0.066833456     0.047522640       3.4504412       3.4749935     -0.70654117
       12.304215     0.067646590     0.047178447       3.5756432       3.6029318     -0.75739805
       12.728498     0.068449175     0.046821131       3.7010623       3.7312840     -0.80995444
       13.152781     0.069236445     0.046450546       3.8267077       3.8600663     -0.86419893
       13.577064     0.070003341     0.046066531       3.9525889       3.9892951     -0.92011920
       14.001348     0.070744499     0.045668915       4.0787156       4.1189870     -0.97770201
       14.425631     0.071454240     0.045257515       4.2050977       4.2491587      -1.0369331
       14.849914     0.072126553     0.044832137       4.3317456       4.3798273      -1.0977973
       15.274197     0.072755085     0.044392574       4.4586697       4.5110100      -1.1602780
       15.698481     0.073333131     0.043938610       4.5858808       4.6427243      -1.2243577
       16.122764     0.073853624     0.043470015       4.7133899       4.7749881      -1.2900174
       16.547047     0.074309124     0.042986552       4.8412086       4.9078193      -1.3572369
       16.971330     0.074691815     0.042487973       4.9693486       5.0412364      -1.4259944
       17.395614     0.074993499     0.041974024       5.0978221       5.1752578      -1.4962668
       17.819897     0.075205594     0.041444444       5.2266418       5.3099026      -1.5680290
       18.244180     0.075319137     0.040898971       5.3558204       5.4451899      -1.6412545
       18.668464     0.075324789     0.040337341       5.4853717       5.5811393      -1.7159147
       19.092747     0.075212848     0.039759293       5.6153094       5.7177707      -1.7919793
       19.517030     0.074973264     0.039164575       5.7456481       5.8551043      -1.8694156
       19.941313     0.074595661     0.038552946       5.8764027       5.9931608      -1.9481889
       20.365597     0.074069371     0.037924186       6.0075889       6.1319612      -2.0282621
       20.789880     0.073383469     0.037278099       6.1392229       6.2715267      -2.1095957
       21.214163     0.072526827     0.036614526       6.2713214       6.4118792      -2.1921474
       21.638446     0.071488170     0.035933349       6.4039021       6.5530410      -2.2758722
       22.062730     0.070256153     0.035234508       6.5369834       6.6950345      -2.3607221
       22.487013     0.068819449     0.034518010       6.6705842       6.8378830      -2.4466460
       22.911296     0.067166848     0.033783947       6.8047246       6.9816099      -2.5335893
       23.335579     0.065287386     0.033032509       6.9394254       7.1262394      -2.6214940
       23.759863     0.063170482     0.032264008       7.0747085       7.2717959      -2.7102983
       24.184146     0.060806102     0.031478897       7.2105967       7.4183045      -2.7999364
       24.608429     0.058184954     0.030677795       7.3471138       7.5657908      -2.8903381
       25.032712     0.055298694     0.029861519       7.4842851       7.7142809      -2.9814289
       25.456996     0.052140177     0.029031111       7.6221369       7.8638017      -3.0731294
       25.881279     0.048703731     0.028187877       7.7606969       8.0143805      -3.1653549
       26.305562     0.044985463     0.027333426       7.8999941       8.1660451      -3.2580154
       26.729845     0.040983606     0.026469716       8.0400592       8.3188242      -3.3510151
       27.154129     0.036698902     0.025599104       8.1809244       8.4727472      -3.4442517
       27.578412     0.032135018     0.024724403       8.3226238       8.6278439      -3.5376164
       28.002695     0.027299007     0.023848945       8.4651933       8.7841450      -3.6309930
       28.426979     0.022201804     0.022976649       8.6086707       8.9416819      -3.7242577
       28.851262     0.016858758     0.022112103       8.7530961       9.1004870      -3.8172782
       29.275545     0.011290202     0.021260644       8.8985119       9.2605931      -3.9099132
       29.699828  5.5220390E-003     0.020428460       9.0449632       9.4220341      -4.0020114
       30.124112 -4.1364841E-004     0.019622692       9.1924976       9.5848447      -4.0934108
       30.548395 -6.4779858E-003     0.018851548       9.3411659       9.7490605      -4.1839377
       30.972678    -0.012624714     0.018124437       9.4910219       9.9147180      -4.2734053
       31.396961    -0.018799640     0.017452104       9.6421232       10.081855      -4.3616127
       31.821245    -0.024940160     0.016846790       9.7945312       10.250509      -4.4483429
       32.245528    -0.030974919     0.016322398       9.9483116       10.420721      -4.5333614
       32.669811    -0.036823647     0.015894681       10.103535       10.592530      -4.6164139
       33.094094    -0.042397273     0.015581443       10.260277       10.765979      -4.6972234
       33.518378    -0.047598405     0.015402767       10.418618       10.941110      -4.7754878
       33.942661    -0.052322323     0.015381254       10.578649       11.117967      -4.8508758
       34.366944    -0.056458656     0.015542291       10.740463       11.296597      -4.9230230
       34.791227    -0.059893972     0.015914345       10.904165       11.477045      -4.9915261
       35.215511    -0.062515561     0.016529282       11.069869       11.659359      -5.0559371
       35.639794    -0.064216809     0.017422723       11.237700       11.843589      -5.1157553
       36.064077    -0.064904629     0.018634443       11.407796       12.029786      -5.1704176
       36.488361    -0.064509609     0.020208806       11.580309       12.218002      -5.2192873
       36.912644    -0.062999705     0.022195277       11.755412       12.408291      -5.2616386
       37.336927    -0.060398588     0.024649002       11.933295       12.600710      -5.2966392
       37.761210    -0.056810173     0.027631499       12.114178       12.795314      -5.3233265
       38.185494    -0.052451319     0.031211493       12.298307       12.992164      -5.3405784
       38.609777    -0.047695554     0.035465959       12.485970       13.191320      -5.3470758
       39.034060    -0.043131737     0.040481460       12.677500       13.392846      -5.3412532
       39.458343    -0.039643307     0.046355932       12.873288       13.596806      -5.3212347
       39.882627    -0.038516313     0.053201130       13.073800       13.803268      -5.2847480
       40.306910    -0.041588443     0.061146100       13.279596       14.012301      -5.2290097
       40.731193    -0.051457567     0.070342268       13.491362       14.223977      -5.1505653
       41.155476    -0.071778560     0.080971156       13.709944       14.438369      -5.0450667
       41.579760     -0.10769403     0.093256467       13.936415       14.655556      -4.9069510
       42.004043     -0.16647277      0.10748374       14.172152       14.875614      -4.7289654
       42.428326     -0.25847769      0.12403373       14.418972       15.098628      -4.5014405
