Results for:	
File:	C:\Users\User\OneDrive - Massachusetts Institute of Technology\Documents\MIT\Grad School\Classes\2.156\Lens Project\Prime Lenses\US005233474_Example01P.zmx
Title:	US 5,233,474 Example 1 (Ricoh smc Pentax-FA 28mm F2.8 AL)
Date:	11/7/2025 5:39:01 PM

0 message(s) in output.
3 series table(s) in output.

Table series: Data for wavelength : 0.486133 µm.
   Y Angle (deg)       Tan Shift       Sag Shift     Real Height     Ref. Height      Distortion
  --------------  --------------  --------------  --------------  --------------  --------------
      0.00000000    -0.047778969    -0.047778969      0.00000000      0.00000000      0.00000000
      0.38339816    -0.047831099    -0.047835679      0.18722906      0.18722999 -4.9384766E-004
      0.76679632    -0.048002116    -0.048005776      0.37446987      0.37447674 -1.8347434E-003
       1.1501945    -0.048291936    -0.048289166      0.56173418      0.56175704 -4.0692158E-003
       1.5335926    -0.048700412    -0.048685689      0.74903376      0.74908767 -7.1966271E-003
       1.9169908    -0.049227341    -0.049195125      0.93638039      0.93648543    -0.011216126
       2.3003890    -0.049872457    -0.049817186       1.1237859       1.1239672    -0.016126613
       2.6837871    -0.050635434    -0.050551523       1.3112621       1.3115497    -0.021926744
       3.0671853    -0.051515888    -0.051397720       1.4988209       1.4992500    -0.028614923
       3.4505835    -0.052513373    -0.052355297       1.6864743       1.6870849    -0.036189299
       3.8339816    -0.053627388    -0.053423706       1.8742342       1.8750714    -0.044647769
       4.2173798    -0.054857370    -0.054602336       2.0621128       2.0632267    -0.053987966
       4.6007779    -0.056202699    -0.055890505       2.2501220       2.2515677    -0.064207259
       4.9841761    -0.057662699    -0.057287465       2.4382742       2.4401116    -0.075302751
       5.3675743    -0.059236636    -0.058792396       2.6265815       2.6288758    -0.087271267
       5.7509724    -0.060923720    -0.060404410       2.8150565       2.8178774     -0.10010935
       6.1343706    -0.062723107    -0.062122545       3.0037115       3.0071340     -0.11381327
       6.5177688    -0.064633896    -0.063945769       3.1925592       3.1966630     -0.12837899
       6.9011669    -0.066655137    -0.065872973       3.3816122       3.3864821     -0.14380217
       7.2845651    -0.068785824    -0.067902971       3.5708834       3.5766088     -0.16007818
       7.6679632    -0.071024901    -0.070034502       3.7603858       3.7670611     -0.17720205
       8.0513614    -0.073371262    -0.072266224       3.9501324       3.9578569     -0.19516851
       8.4347596    -0.075823754    -0.074596713       4.1401365       4.1490142     -0.21397193
       8.8181577    -0.078381175    -0.077024463       4.3304114       4.3405512     -0.23360635
       9.2015559    -0.081042278    -0.079547881       4.5209709       4.5324864     -0.25406545
       9.5849541    -0.083805774    -0.082165283       4.7118286       4.7248381     -0.27534253
       9.9683522    -0.086670329    -0.084874901       4.9029985       4.9176250     -0.29743052
       10.351750    -0.089634573    -0.087674866       5.0944947       5.1108659     -0.32032195
       10.735149    -0.092697097    -0.090563216       5.2863316       5.3045798     -0.34400895
       11.118547    -0.095856455    -0.093537890       5.4785238       5.4987859     -0.36848320
       11.501945    -0.099111172    -0.096596722       5.6710860       5.6935034     -0.39373597
       11.885343     -0.10245974    -0.099737438       5.8640334       5.8887519     -0.41975806
       12.268741     -0.10590063     -0.10295766       6.0573812       6.0845512     -0.44653978
       12.652139     -0.10943228     -0.10625488       6.2511451       6.2809211     -0.47407096
       13.035538     -0.11305312     -0.10962650       6.4453409       6.4778819     -0.50234092
       13.418936     -0.11676156     -0.11306977       6.6399847       6.6754539     -0.53133843
       13.802334     -0.12055599     -0.11658181       6.8350931       6.8736578     -0.56105169
       14.185732     -0.12443481     -0.12015964       7.0306828       7.0725145     -0.59146835
       14.569130     -0.12839640     -0.12380010       7.2267710       7.2720449     -0.62257542
       14.952528     -0.13243915     -0.12749991       7.4233752       7.4722707     -0.65435929
       15.335926     -0.13656147     -0.13125563       7.6205133       7.6732134     -0.68680566
       15.719325     -0.14076177     -0.13506366       7.8182036       7.8748949     -0.71989955
       16.102723     -0.14503850     -0.13892023       8.0164647       8.0773375     -0.75362527
       16.486121     -0.14939011     -0.14282142       8.2153158       8.2805639     -0.78796634
       16.869519     -0.15381513     -0.14676309       8.4147765       8.4845967     -0.82290548
       17.252917     -0.15831209     -0.15074093       8.6148668       8.6894593     -0.85842458
       17.636315     -0.16287961     -0.15475043       8.8156074       8.8951751     -0.89450466
       18.019714     -0.16751637     -0.15878686       9.0170192       9.1017681     -0.93112581
       18.403112     -0.17222113     -0.16284528       9.2191240       9.3092625     -0.96826714
       18.786510     -0.17699272     -0.16692050       9.4219439       9.5176829      -1.0059068
       19.169908     -0.18183009     -0.17100709       9.6255017       9.7270543      -1.0440217
       19.553306     -0.18673232     -0.17509938       9.8298209       9.9374020      -1.0825879
       19.936704     -0.19169860     -0.17919138       10.034926       10.148752      -1.1215800
       20.320103     -0.19672828     -0.18327685       10.240841       10.361131      -1.1609715
       20.703501     -0.20182090     -0.18734922       10.447592       10.574564      -1.2007347
       21.086899     -0.20697615     -0.19140161       10.655205       10.789080      -1.2408402
       21.470297     -0.21219397     -0.19542679       10.863707       11.004706      -1.2812574
       21.853695     -0.21747453     -0.19941715       11.073127       11.221470      -1.3219541
       22.237093     -0.22281826     -0.20336470       11.283493       11.439400      -1.3628965
       22.620492     -0.22822588     -0.20726104       11.494835       11.658527      -1.4040489
       23.003890     -0.23369846     -0.21109734       11.707184       11.878878      -1.4453739
       23.387288     -0.23923741     -0.21486427       11.920571       12.100485      -1.4868324
       23.770686     -0.24484456     -0.21855204       12.135031       12.323379      -1.5283829
       24.154084     -0.25052218     -0.22215030       12.350595       12.547590      -1.5699819
       24.537482     -0.25627302     -0.22564813       12.567301       12.773151      -1.6115837
       24.920881     -0.26210041     -0.22903401       12.785185       13.000095      -1.6531400
       25.304279     -0.26800826     -0.23229577       13.004284       13.228454      -1.6946001
       25.687677     -0.27400115     -0.23542054       13.224639       13.458262      -1.7359104
       26.071075     -0.28008440     -0.23839470       13.446289       13.689555      -1.7770146
       26.454473     -0.28626414     -0.24120381       13.669279       13.922367      -1.8178531
       26.837871     -0.29254743     -0.24383258       13.893651       14.156735      -1.8583631
       27.221270     -0.29894228     -0.24626479       14.119453       14.392695      -1.8984783
       27.604668     -0.30545785     -0.24848320       14.346731       14.630285      -1.9381286
       27.988066     -0.31210450     -0.25046951       14.575537       14.869544      -1.9772401
       28.371464     -0.31889392     -0.25220422       14.805922       15.110510      -2.0157344
       28.754862     -0.32583934     -0.25366657       15.037942       15.353224      -2.0535286
       29.138260     -0.33295562     -0.25483445       15.271652       15.597728      -2.0905351
       29.521658     -0.34025946     -0.25568422       15.507113       15.844062      -2.1266607
       29.905057     -0.34776961     -0.25619065       15.744387       16.092271      -2.1618070
       30.288455     -0.35550708     -0.25632675       15.983539       16.342397      -2.1958693
       30.671853     -0.36349541     -0.25606357       16.224639       16.594486      -2.2287365
       31.055251     -0.37176095     -0.25537012       16.467757       16.848584      -2.2602907
       31.438649     -0.38033315     -0.25421309       16.712971       17.104739      -2.2904063
       31.822047     -0.38924498     -0.25255666       16.960358       17.362997      -2.3189497
       32.205446     -0.39853328     -0.25036226       17.210004       17.623410      -2.3457785
       32.588844     -0.40823924     -0.24758831       17.461995       17.886027      -2.3707410
       32.972242     -0.41840895     -0.24418989       17.716426       18.150900      -2.3936752
       33.355640     -0.42909393     -0.24011841       17.973395       18.418083      -2.4144080
       33.739038     -0.44035185     -0.23532123       18.233006       18.687630      -2.4327543
       34.122436     -0.45224727     -0.22974120       18.495369       18.959598      -2.4485160
       34.505835     -0.46485254     -0.22331620       18.760601       19.234043      -2.4614806
       34.889233     -0.47824875     -0.21597854       19.028825       19.511025      -2.4714203
       35.272631     -0.49252692     -0.20765436       19.300175       19.790604      -2.4780900
       35.656029     -0.50778926     -0.19826285       19.574789       20.072842      -2.4812263
       36.039427     -0.52415075     -0.18771547       19.852818       20.357802      -2.4805453
       36.422825     -0.54174083     -0.17591491       20.134422       20.645552      -2.4757407
       36.806224     -0.56070546     -0.16275406       20.419770       20.936157      -2.4664817
       37.189622     -0.58120944     -0.14811467       20.709048       21.229687      -2.4524100
       37.573020     -0.60343915     -0.13186585       21.002450       21.526213      -2.4331374
       37.956418     -0.62760578     -0.11386233       21.300189       21.825807      -2.4082424
       38.339816     -0.65394901    -0.093942418       21.602492       22.128546      -2.3772661

Table series: Data for wavelength : 0.587562 µm.
   Y Angle (deg)       Tan Shift       Sag Shift     Real Height     Ref. Height      Distortion
  --------------  --------------  --------------  --------------  --------------  --------------
      0.00000000  8.0650928E-003  8.0650928E-003      0.00000000      0.00000000      0.00000000
      0.38339816  8.0152500E-003  8.0076451E-003      0.18735644      0.18735729 -4.5274647E-004
      0.76679632  7.8555114E-003  7.8353341E-003      0.37472457      0.37473136 -1.8108835E-003
       1.1501945  7.5859783E-003  7.5482555E-003      0.56211609      0.56213899 -4.0740373E-003
       1.5335926  7.2068241E-003  7.1465694E-003      0.74954271      0.74959699 -7.2416135E-003
       1.9169908  6.7182944E-003  6.6304997E-003      0.93701616      0.93712217    -0.011312771
       2.3003890  6.1207066E-003  6.0003352E-003       1.1245482       1.1247314    -0.016286426
       2.6837871  5.4144502E-003  5.2564293E-003       1.3121506       1.3124415    -0.022161250
       3.0671853  4.5999861E-003  4.3992010E-003       1.4998352       1.5002693    -0.028935666
       3.4505835  3.6778468E-003  3.4291350E-003       1.6876139       1.6882320    -0.036607850
       3.8339816  2.6486356E-003  2.3467825E-003       1.8754987       1.8763463    -0.045175723
       4.2173798  1.5130273E-003  1.1527620E-003       2.0635014       2.0646295    -0.054636948
       4.6007779  2.7176653E-004 -1.5223998E-004       2.2516343       2.2530986    -0.064988928
       4.9841761 -1.0743314E-003 -1.5674681E-003       2.4399094       2.4417707    -0.076228801
       5.3675743 -2.5243818E-003 -3.0920967E-003       2.6283389       2.6306632    -0.088353433
       5.7509724 -4.0774305E-003 -4.7252299E-003       2.8169353       2.8197934     -0.10135941
       6.1343706 -5.7324547E-003 -6.4658989E-003       3.0057108       3.0091787     -0.11524305
       6.5177688 -7.4883634E-003 -8.3130614E-003       3.1946780       3.1988365     -0.13000036
       6.9011669 -9.3439984E-003    -0.010265600       3.3838496       3.3887846     -0.14562706
       7.2845651    -0.011298134    -0.012322322       3.5732383       3.5790406     -0.16211857
       7.6679632    -0.013349480    -0.014481955       3.7628571       3.7696224     -0.17947000
       8.0513614    -0.015496679    -0.016743148       3.9527189       3.9605479     -0.19767611
       8.4347596    -0.017738311    -0.019104466       4.1428369       4.1518352     -0.21673137
       8.8181577    -0.020072893    -0.021564392       4.3332245       4.3435025     -0.23662987
       9.2015559    -0.022498878    -0.024121322       4.5238952       4.5355681     -0.25736538
       9.5849541    -0.025014660    -0.026773564       4.7148626       4.7280506     -0.27893127
       9.9683522    -0.027618572    -0.029519334       4.9061407       4.9209686     -0.30132057
       10.351750    -0.030308891    -0.032356755       5.0977436       5.1143409     -0.32452588
       10.735149    -0.033083836    -0.035283851       5.2896854       5.3081866     -0.34853943
       11.118547    -0.035941572    -0.038298551       5.4819808       5.5025246     -0.37335300
       11.501945    -0.038880210    -0.041398676       5.6746444       5.6973746     -0.39895795
       11.885343    -0.041897812    -0.044581942       5.8676913       5.8927558     -0.42534520
       12.268741    -0.044992390    -0.047845955       6.0611366       6.0886882     -0.45250516
       12.652139    -0.048161909    -0.051188205       6.2549959       6.2851917     -0.48042779
       13.035538    -0.051404295    -0.054606065       6.4492849       6.4822864     -0.50910251
       13.418936    -0.054717427    -0.058096783       6.6440198       6.6799928     -0.53851823
       13.802334    -0.058099152    -0.061657480       6.8392169       6.8783314     -0.56866329
       14.185732    -0.061547280    -0.065285142       7.0348929       7.0773232     -0.59952545
       14.569130    -0.065059593    -0.068976616       7.2310649       7.2769894     -0.63109188
       14.952528    -0.068633844    -0.072728606       7.4277503       7.4773513     -0.66334910
       15.335926    -0.072267767    -0.076537663       7.6249670       7.6784306     -0.69628300
       15.719325    -0.075959077    -0.080400179       7.8227330       7.8802492     -0.72987874
       16.102723    -0.079705480    -0.084312382       8.0210670       8.0828295     -0.76412080
       16.486121    -0.083504675    -0.088270327       8.2199879       8.2861940     -0.79899286
       16.869519    -0.087354360    -0.092269887       8.4195154       8.4903656     -0.83447784
       17.252917    -0.091252243    -0.096306744       8.6196693       8.6953675     -0.87055782
       17.636315    -0.095196047     -0.10037638       8.8204701       8.9012232     -0.90721400
       18.019714    -0.099183516     -0.10447407       9.0219387       9.1079567     -0.94442667
       18.403112     -0.10321243     -0.10859487       9.2240967       9.3155921     -0.98217518
       18.786510     -0.10728060     -0.11273360       9.4269661       9.5241542      -1.0204378
       19.169908     -0.11138592     -0.11688483       9.6305697       9.7336679      -1.0591919
       19.553306     -0.11552630     -0.12104288       9.8349308       9.9441587      -1.0984135
       19.936704     -0.11969978     -0.12520180       10.040073       10.155652      -1.1380777
       20.320103     -0.12390446     -0.12935535       10.246022       10.368175      -1.1781582
       20.703501     -0.12813854     -0.13349697       10.452802       10.581754      -1.2186273
       21.086899     -0.13240039     -0.13761980       10.660440       10.796416      -1.2594562
       21.470297     -0.13668846     -0.14171664       10.868962       11.012188      -1.3006145
       21.853695     -0.14100142     -0.14577990       11.078397       11.229100      -1.3420702
       22.237093     -0.14533810     -0.14980163       11.288773       11.447178      -1.3837899
       22.620492     -0.14969754     -0.15377348       11.500120       11.666453      -1.4257383
       23.003890     -0.15407903     -0.15768663       11.712469       11.886955      -1.4678783
       23.387288     -0.15848212     -0.16153184       11.925851       12.108713      -1.5101711
       23.770686     -0.16290667     -0.16529934       12.140298       12.331758      -1.5525755
       24.154084     -0.16735287     -0.16897886       12.355845       12.556122      -1.5950487
       24.537482     -0.17182130     -0.17255956       12.572528       12.781836      -1.6375450
       24.920881     -0.17631296     -0.17603001       12.790381       13.008934      -1.6800168
       25.304279     -0.18082932     -0.17937811       13.009444       13.237448      -1.7224138
       25.687677     -0.18537239     -0.18259110       13.229756       13.467413      -1.7646829
       26.071075     -0.18994477     -0.18565548       13.451356       13.698863      -1.8067681
       26.454473     -0.19454970     -0.18855694       13.674288       13.931833      -1.8486104
       26.837871     -0.19919118     -0.19128034       13.898595       14.166360      -1.8901476
       27.221270     -0.20387399     -0.19380962       14.124324       14.402481      -1.9313139
       27.604668     -0.20860386     -0.19612771       14.351521       14.640232      -1.9720399
       27.988066     -0.21338750     -0.19821651       14.580238       14.879654      -2.0122520
       28.371464     -0.21823277     -0.20005675       14.810525       15.120784      -2.0518727
       28.754862     -0.22314876     -0.20162792       15.042437       15.363663      -2.0908197
       29.138260     -0.22814600     -0.20290816       15.276031       15.608333      -2.1290060
       29.521658     -0.23323653     -0.20387417       15.511365       15.854835      -2.1663394
       29.905057     -0.23843418     -0.20450102       15.748503       16.103212      -2.2027220
       30.288455     -0.24375470     -0.20476211       15.987509       16.353509      -2.2380500
       30.671853     -0.24921601     -0.20462893       16.228451       16.605769      -2.2722133
       31.055251     -0.25483846     -0.20407091       16.471400       16.860040      -2.3050946
       31.438649     -0.26064513     -0.20305527       16.716433       17.116369      -2.3365695
       31.822047     -0.26666213     -0.20154677       16.963627       17.374803      -2.3665052
       32.205446     -0.27291900     -0.19950747       17.213067       17.635392      -2.3947606
       32.588844     -0.27944911     -0.19689649       17.464840       17.898188      -2.4211849
       32.972242     -0.28629011     -0.19366971       17.719038       18.163241      -2.4456173
       33.355640     -0.29348455     -0.18977941       17.975760       18.430606      -2.4678860
       33.739038     -0.30108041     -0.18517394       18.235108       18.700337      -2.4878072
       34.122436     -0.30913186     -0.17979726       18.497193       18.972489      -2.5051841
       34.505835     -0.31770004     -0.17358847       18.762131       19.247121      -2.5198057
       34.889233     -0.32685400     -0.16648127       19.030044       19.524291      -2.5314457
       35.272631     -0.33667174     -0.15840335       19.301064       19.804060      -2.5398608
       35.656029     -0.34724149     -0.14927566       19.575331       20.086490      -2.5447891
       36.039427     -0.35866304     -0.13901163       19.852993       20.371644      -2.5459488
       36.422825     -0.37104946     -0.12751620       20.134209       20.659589      -2.5430353
       36.806224     -0.38452896     -0.11468479       20.419149       20.950392      -2.5357200
       37.189622     -0.39924714     -0.10040201       20.707995       21.244121      -2.5236467
       37.573020     -0.41536954    -0.084540272       21.000943       21.540849      -2.5064297
       37.956418     -0.43308470    -0.066958055       21.298202       21.840647      -2.4836496
       38.339816     -0.45260775    -0.047497960       21.600000       22.143592      -2.4548505

Table series: Data for wavelength : 0.656273 µm.
   Y Angle (deg)       Tan Shift       Sag Shift     Real Height     Ref. Height      Distortion
  --------------  --------------  --------------  --------------  --------------  --------------
      0.00000000     0.066759435     0.066759435      0.00000000      0.00000000      0.00000000
      0.38339816     0.066711365     0.066701914      0.18744835      0.18744933 -5.2079101E-004
      0.76679632     0.066558688     0.066529383      0.37490838      0.37491544 -1.8849285E-003
       1.1501945     0.066301514     0.066241939      0.56239176      0.56241514 -4.1580226E-003
       1.5335926     0.065940032     0.065839743      0.74991019      0.74996523 -7.3395189E-003
       1.9169908     0.065474506     0.065323020      0.93747538      0.93758253    -0.011428580
       2.3003890     0.064905280     0.064692063       1.1250991       1.1252839    -0.016424128
       2.6837871     0.064232776     0.063947228       1.3127930       1.3130862    -0.022324839
       3.0671853     0.063457492     0.063088936       1.5005691       1.5010063    -0.029129145
       3.4505835     0.062580004     0.062117677       1.6884391       1.6890613    -0.036835228
       3.8339816     0.061600967     0.061034007       1.8764150       1.8772681    -0.045441019
       4.2173798     0.060521110     0.059838549       2.0645088       2.0656437    -0.054944192
       4.6007779     0.059341241     0.058531995       2.2527325       2.2542054    -0.065342163
       4.9841761     0.058062244     0.057115107       2.4410981       2.4429702    -0.076632081
       5.3675743     0.056685079     0.055588718       2.6296181       2.6319555    -0.088810826
       5.7509724     0.055210782     0.053953730       2.8183045       2.8211786     -0.10187500
       6.1343706     0.053640464     0.052211120       3.0071699       3.0106569     -0.11582094
       6.5177688     0.051975311     0.050361939       3.1962268       3.2004079     -0.13064466
       6.9011669     0.050216584     0.048407313       3.3854877       3.3904493     -0.14634191
       7.2845651     0.048365619     0.046348445       3.5749654       3.5807988     -0.16290813
       7.6679632     0.046423822     0.044186616       3.7646728       3.7714742     -0.18033844
       8.0513614     0.044392675     0.041923189       3.9546229       3.9624935     -0.19862764
       8.4347596     0.042273731     0.039559609       4.1448289       4.1538748     -0.21777021
       8.8181577     0.040068613     0.037097404       4.3353040       4.3456362     -0.23776027
       9.2015559     0.037779016     0.034538192       4.5260619       4.5377962     -0.25859161
       9.5849541     0.035406702     0.031883677       4.7171160       4.7303733     -0.28025765
       9.9683522     0.032953505     0.029135655       4.9084804       4.9233860     -0.30275141
       10.351750     0.030421322     0.026296020       5.1001690       5.1168533     -0.32606556
       10.735149     0.027812117     0.023366757       5.2921962       5.3107942     -0.35019234
       11.118547     0.025127921     0.020349957       5.4845763       5.5052277     -0.37512358
       11.501945     0.022370825     0.017247811       5.6773242       5.7001734     -0.40085066
       11.885343     0.019542982     0.014062621       5.8704547       5.8956506     -0.42736454
       12.268741     0.016646604     0.010796796       6.0639831       6.0916793     -0.45465568
       12.652139     0.013683962  7.4528634E-003       6.2579249       6.2882793     -0.48271407
       13.035538     0.010657379  4.0334680E-003       6.4522957       6.4854708     -0.51152918
       13.418936  7.5692331E-003  5.4137925E-004       6.6471118       6.6832743     -0.54108995
       13.802334  4.4219527E-003 -3.0205048E-003       6.8423893       6.8817104     -0.57138477
       14.185732  1.2180120E-003 -6.6491519E-003       7.0381451       7.0808000     -0.60240146
       14.569130 -2.0400702E-003    -0.010341390       7.2343962       7.2805642     -0.63412723
       14.952528 -5.3497345E-003    -0.014093903       7.4311598       7.4810245     -0.66654866
       15.335926 -8.7083852E-003    -0.017903219       7.6284539       7.6822026     -0.69965168
       15.719325    -0.012113394    -0.021765713       7.8262966       7.8841204     -0.73342152
       16.102723    -0.015562103    -0.025677590       8.0247063       8.0868002     -0.76784270
       16.486121    -0.019051835    -0.029634884       8.2237022       8.2902646     -0.80289897
       16.869519    -0.022579892    -0.033633444       8.4233036       8.4945365     -0.83857333
       17.252917    -0.026143565    -0.037668931       8.6235305       8.6996391     -0.87484789
       17.636315    -0.029740142    -0.041736806       8.8244032       8.9055959     -0.91170395
       18.019714    -0.033366911    -0.045832318       9.0259428       9.1124309     -0.94912187
       18.403112    -0.037021173    -0.049950498       9.2281708       9.3201684     -0.98708104
       18.786510    -0.040700245    -0.054086141       9.4311090       9.5288329      -1.0255599
       19.169908    -0.044401475    -0.058233800       9.6347803       9.7384496      -1.0645357
       19.553306    -0.048122249    -0.062387768       9.8392079       9.9490438      -1.1039848
       19.936704    -0.051860004    -0.066542066       10.044416       10.160641      -1.1438821
       20.320103    -0.055612239    -0.070690426       10.250428       10.373269      -1.1842016
       20.703501    -0.059376532    -0.074826279       10.457271       10.586952      -1.2249157
       21.086899    -0.063150554    -0.078942730       10.664970       10.801720      -1.2659956
       21.470297    -0.066932083    -0.083032545       10.873553       11.017598      -1.3074111
       21.853695    -0.070719029    -0.087088126       11.083046       11.234616      -1.3491302
       22.237093    -0.074509446    -0.091101495       11.293480       11.452802      -1.3911196
       22.620492    -0.078301563    -0.095064262       11.504882       11.672185      -1.4333441
       23.003890    -0.082093804    -0.098967605       11.717284       11.892794      -1.4757669
       23.387288    -0.085884817     -0.10280224       11.930718       12.114661      -1.5183491
       23.770686    -0.089673505     -0.10655839       12.145216       12.337816      -1.5610498
       24.154084    -0.093459058     -0.11022576       12.360813       12.562290      -1.6038261
       24.537482    -0.097240992     -0.11379348       12.577542       12.788115      -1.6466328
       24.920881     -0.10101919     -0.11725009       12.795441       13.015324      -1.6894222
       25.304279     -0.10479395     -0.12058350       13.014547       13.243951      -1.7321441
       25.687677     -0.10856602     -0.12378091       13.234899       13.474029      -1.7747457
       26.071075     -0.11233669     -0.12682880       13.456538       13.705592      -1.8171710
       26.454473     -0.11610782     -0.12971287       13.679507       13.938677      -1.8593615
       26.837871     -0.11988192     -0.13241795       13.903848       14.173319      -1.9012548
       27.221270     -0.12366223     -0.13492796       14.129609       14.409556      -1.9427855
       27.604668     -0.12745282     -0.13722585       14.356836       14.647424      -1.9838842
       27.988066     -0.13125865     -0.13929349       14.585580       14.886963      -2.0244779
       28.371464     -0.13508573     -0.14111162       14.815892       15.128212      -2.0644889
       28.754862     -0.13894118     -0.14265974       15.047826       15.371211      -2.1038353
       29.138260     -0.14283343     -0.14391600       15.281439       15.616001      -2.1424303
       29.521658     -0.14677231     -0.14485709       15.516790       15.862624      -2.1801819
       29.905057     -0.15076926     -0.14545814       15.753940       16.111123      -2.2169926
       30.288455     -0.15483753     -0.14569255       15.992956       16.361542      -2.2527588
       30.671853     -0.15899236     -0.14553184       16.233905       16.613927      -2.2873705
       31.055251     -0.16325123     -0.14494552       16.476858       16.868323      -2.3207111
       31.438649     -0.16763416     -0.14390084       16.721890       17.124777      -2.3526561
       31.822047     -0.17216400     -0.14236263       16.969080       17.383338      -2.3830733
       32.205446     -0.17686680     -0.14029304       17.218513       17.644056      -2.4118218
       32.588844     -0.18177218     -0.13765129       17.470274       17.906980      -2.4387512
       32.972242     -0.18691382     -0.13439337       17.724456       18.172164      -2.4637011
       33.355640     -0.19232995     -0.13047170       17.981158       18.439660      -2.4865001
       33.739038     -0.19806395     -0.12583480       18.240482       18.709523      -2.5069647
       34.122436     -0.20416505     -0.12042680       18.502538       18.981809      -2.5248988
       34.505835     -0.21068906     -0.11418704       18.767441       19.256576      -2.5400917
       34.889233     -0.21769930     -0.10704947       19.035315       19.533882      -2.5523176
       35.272631     -0.22526760    -0.098942074       19.306291       19.813788      -2.5613337
       35.656029     -0.23347551    -0.089786159       19.580508       20.096357      -2.5668788
       36.039427     -0.24241565    -0.079495548       19.858114       20.381652      -2.5686714
       36.422825     -0.25219330    -0.067975661       20.139268       20.669738      -2.5664079
       36.806224     -0.26292825    -0.055122455       20.424141       20.960684      -2.5597600
       37.189622     -0.27475697    -0.040821191       20.712912       21.254558      -2.5483724
       37.573020     -0.28783511    -0.024945010       21.005779       21.551431      -2.5318600
       37.956418     -0.30234048 -7.3532623E-003       21.302950       21.851376      -2.5098042
       38.339816     -0.31847654     0.012110439       21.604652       22.154470      -2.4817498
