Results for:	Listing of Longitudinal Aberration Data


File:	C:\Users\User\OneDrive - Massachusetts Institute of Technology\Documents\MIT\Grad School\Classes\2.156\Lens Project\Prime Lenses\JP2005-107261_Example05P.zmx
Title:	JP 2005-107261 Example 5 (Nikon AF-S Teleconverter TC-17E II)
Date:	11/7/2025 3:44:41 PM

0 message(s) in output.
1 series table(s) in output.

Table series: Units are Millimeters.
      Rel. Pupil          0.4861          0.5876          0.6563
  --------------  --------------  --------------  --------------
      0.00000000      -118.75972      -119.47713      -119.80245
     0.010000000      -118.75972      -119.47713      -119.80245
     0.020000000      -118.75972      -119.47713      -119.80245
     0.030000000      -118.75973      -119.47714      -119.80246
     0.040000000      -118.75974      -119.47715      -119.80247
     0.050000000      -118.75976      -119.47717      -119.80249
     0.060000000      -118.75978      -119.47719      -119.80250
     0.070000000      -118.75980      -119.47721      -119.80253
     0.080000000      -118.75983      -119.47723      -119.80255
     0.090000000      -118.75986      -119.47726      -119.80258
      0.10000000      -118.75989      -119.47729      -119.80261
      0.11000000      -118.75993      -119.47733      -119.80264
      0.12000000      -118.75996      -119.47737      -119.80268
      0.13000000      -118.76001      -119.47741      -119.80272
      0.14000000      -118.76005      -119.47745      -119.80276
      0.15000000      -118.76011      -119.47750      -119.80281
      0.16000000      -118.76016      -119.47755      -119.80286
      0.17000000      -118.76022      -119.47760      -119.80291
      0.18000000      -118.76028      -119.47766      -119.80297
      0.19000000      -118.76034      -119.47772      -119.80303
      0.20000000      -118.76041      -119.47779      -119.80309
      0.21000000      -118.76048      -119.47785      -119.80316
      0.22000000      -118.76055      -119.47793      -119.80323
      0.23000000      -118.76063      -119.47800      -119.80330
      0.24000000      -118.76071      -119.47808      -119.80338
      0.25000000      -118.76080      -119.47816      -119.80345
      0.26000000      -118.76089      -119.47824      -119.80354
      0.27000000      -118.76098      -119.47833      -119.80362
      0.28000000      -118.76107      -119.47842      -119.80371
      0.29000000      -118.76117      -119.47851      -119.80380
      0.30000000      -118.76127      -119.47861      -119.80390
      0.31000000      -118.76138      -119.47871      -119.80400
      0.32000000      -118.76149      -119.47881      -119.80410
      0.33000000      -118.76160      -119.47892      -119.80420
      0.34000000      -118.76172      -119.47903      -119.80431
      0.35000000      -118.76184      -119.47915      -119.80442
      0.36000000      -118.76196      -119.47926      -119.80454
      0.37000000      -118.76209      -119.47938      -119.80465
      0.38000000      -118.76222      -119.47951      -119.80477
      0.39000000      -118.76235      -119.47963      -119.80490
      0.40000000      -118.76249      -119.47976      -119.80503
      0.41000000      -118.76263      -119.47990      -119.80516
      0.42000000      -118.76277      -119.48003      -119.80529
      0.43000000      -118.76292      -119.48017      -119.80543
      0.44000000      -118.76307      -119.48032      -119.80557
      0.45000000      -118.76322      -119.48046      -119.80571
      0.46000000      -118.76338      -119.48061      -119.80586
      0.47000000      -118.76354      -119.48077      -119.80601
      0.48000000      -118.76371      -119.48092      -119.80616
      0.49000000      -118.76388      -119.48108      -119.80632
      0.50000000      -118.76405      -119.48125      -119.80648
      0.51000000      -118.76422      -119.48141      -119.80664
      0.52000000      -118.76440      -119.48158      -119.80681
      0.53000000      -118.76458      -119.48176      -119.80698
      0.54000000      -118.76477      -119.48193      -119.80715
      0.55000000      -118.76496      -119.48211      -119.80733
      0.56000000      -118.76515      -119.48230      -119.80750
      0.57000000      -118.76535      -119.48248      -119.80769
      0.58000000      -118.76555      -119.48267      -119.80787
      0.59000000      -118.76575      -119.48287      -119.80806
      0.60000000      -118.76595      -119.48306      -119.80825
      0.61000000      -118.76616      -119.48326      -119.80845
      0.62000000      -118.76638      -119.48346      -119.80865
      0.63000000      -118.76659      -119.48367      -119.80885
      0.64000000      -118.76681      -119.48388      -119.80905
      0.65000000      -118.76704      -119.48409      -119.80926
      0.66000000      -118.76727      -119.48431      -119.80947
      0.67000000      -118.76750      -119.48453      -119.80969
      0.68000000      -118.76773      -119.48475      -119.80991
      0.69000000      -118.76797      -119.48498      -119.81013
      0.70000000      -118.76821      -119.48521      -119.81035
      0.71000000      -118.76845      -119.48544      -119.81058
      0.72000000      -118.76870      -119.48568      -119.81081
      0.73000000      -118.76895      -119.48591      -119.81105
      0.74000000      -118.76921      -119.48616      -119.81128
      0.75000000      -118.76947      -119.48640      -119.81152
      0.76000000      -118.76973      -119.48665      -119.81177
      0.77000000      -118.77000      -119.48690      -119.81202
      0.78000000      -118.77026      -119.48716      -119.81227
      0.79000000      -118.77054      -119.48742      -119.81252
      0.80000000      -118.77081      -119.48768      -119.81278
      0.81000000      -118.77109      -119.48795      -119.81304
      0.82000000      -118.77138      -119.48822      -119.81330
      0.83000000      -118.77166      -119.48849      -119.81357
      0.84000000      -118.77195      -119.48877      -119.81384
      0.85000000      -118.77225      -119.48904      -119.81411
      0.86000000      -118.77254      -119.48933      -119.81439
      0.87000000      -118.77284      -119.48961      -119.81467
      0.88000000      -118.77315      -119.48990      -119.81495
      0.89000000      -118.77346      -119.49019      -119.81524
      0.90000000      -118.77377      -119.49049      -119.81552
      0.91000000      -118.77408      -119.49079      -119.81582
      0.92000000      -118.77440      -119.49109      -119.81611
      0.93000000      -118.77472      -119.49140      -119.81641
      0.94000000      -118.77504      -119.49171      -119.81671
      0.95000000      -118.77537      -119.49202      -119.81702
      0.96000000      -118.77571      -119.49233      -119.81733
      0.97000000      -118.77604      -119.49265      -119.81764
      0.98000000      -118.77638      -119.49298      -119.81796
      0.99000000      -118.77672      -119.49330      -119.81828
       1.0000000      -118.77707      -119.49363      -119.81860
