Results for:	
File:	C:\Users\User\OneDrive - Massachusetts Institute of Technology\Documents\MIT\Grad School\Classes\2.156\Lens Project\Prime Lenses\US003622227_Example01_Tale14.zmx
Title:	Nikon Nikkor-N Auto 24mm f/2.8 (US 3,622,227 Example 1 scaled)
Date:	11/7/2025 5:35:36 PM

0 message(s) in output.
3 series table(s) in output.

Table series: Data for wavelength : 0.486133 µm.
   Y Angle (deg)       Tan Shift       Sag Shift     Real Height     Ref. Height      Distortion
  --------------  --------------  --------------  --------------  --------------  --------------
      0.00000000     -0.14432699     -0.14432699      0.00000000      0.00000000      0.00000000
      0.42570365     -0.14432773     -0.14441929      0.17791811      0.17791952 -7.8997442E-004
      0.85140730     -0.14436162     -0.14469616      0.35584891      0.35585868 -2.7468242E-003
       1.2771110     -0.14442858     -0.14515747      0.53380508      0.53383715 -6.0077634E-003
       1.7028146     -0.14452854     -0.14580305      0.71179933      0.71187458    -0.010571613
       2.1285183     -0.14466138     -0.14663261      0.88984440      0.88999069    -0.016436906
       2.5542219     -0.14482693     -0.14764580       1.0679531       1.0682052    -0.023601748
       2.9799256     -0.14502500     -0.14884220       1.2461382       1.2465379    -0.032063816
       3.4056292     -0.14525538     -0.15022130       1.4244126       1.4250086    -0.041820355
       3.8313329     -0.14551781     -0.15178250       1.6027893       1.6036371    -0.052868169
       4.2570365     -0.14581200     -0.15352513       1.7812814       1.7824436    -0.065203616
       4.6827402     -0.14613764     -0.15544842       1.9599019       1.9614479    -0.078822598
       5.1084438     -0.14649438     -0.15755153       2.1386640       2.1406703    -0.093720558
       5.5341475     -0.14688186     -0.15983351       2.3175812       2.3201309     -0.10989246
       5.9598511     -0.14729968     -0.16229332       2.4966669       2.4998500     -0.12733279
       6.3855548     -0.14774742     -0.16492985       2.6759347       2.6798482     -0.14603554
       6.8112584     -0.14822464     -0.16774185       2.8553983       2.8601460     -0.16599418
       7.2369621     -0.14873088     -0.17072801       3.0350717       3.0407641     -0.18720167
       7.6626657     -0.14926565     -0.17388686       3.2149690       3.2217233     -0.20965043
       8.0883694     -0.14982847     -0.17721688       3.3951043       3.4030447     -0.23333232
       8.5140730     -0.15041884     -0.18071639       3.5754922       3.5847494     -0.25823862
       8.9397767     -0.15103623     -0.18438360       3.7561474       3.7668588     -0.28436003
       9.3654804     -0.15168014     -0.18821661       3.9370847       3.9493944     -0.31168664
       9.7911840     -0.15235004     -0.19221336       4.1183192       4.1323779     -0.34020788
       10.216888     -0.15304541     -0.19637168       4.2998665       4.3158313     -0.36991254
       10.642591     -0.15376575     -0.20068924       4.4817420       4.4997766     -0.40078870
       11.068295     -0.15451056     -0.20516356       4.6639619       4.6842363     -0.43282375
       11.493999     -0.15527936     -0.20979199       4.8465422       4.8692331     -0.46600433
       11.919702     -0.15607170     -0.21457175       5.0294997       5.0547896     -0.50031629
       12.345406     -0.15688713     -0.21949983       5.2128512       5.2409292     -0.53574467
       12.771110     -0.15772528     -0.22457306       5.3966139       5.4276751     -0.57227368
       13.196813     -0.15858580     -0.22978808       5.5808056       5.6150511     -0.60988663
       13.622517     -0.15946839     -0.23514131       5.7654443       5.8030812     -0.64856591
       14.048221     -0.16037281     -0.24062894       5.9505485       5.9917896     -0.68829293
       14.473924     -0.16129889     -0.24624694       6.1361370       6.1812010     -0.72904809
       14.899628     -0.16224657     -0.25199102       6.3222294       6.3713403     -0.77081071
       15.325331     -0.16321583     -0.25785664       6.5088453       6.5622330     -0.81355900
       15.751035     -0.16420679     -0.26383898       6.6960054       6.7539046     -0.85726999
       16.176739     -0.16521968     -0.26993289       6.8837304       6.9463812     -0.90191945
       16.602442     -0.16625486     -0.27613295       7.0720421       7.1396894     -0.94748186
       17.028146     -0.16731284     -0.28243337       7.2609625       7.3338559     -0.99393033
       17.453850     -0.16839430     -0.28882800       7.4505144       7.5289081      -1.0412365
       17.879553     -0.16950008     -0.29531033       7.6407213       7.7248738      -1.0893705
       18.305257     -0.17063126     -0.30187343       7.8316075       7.9217812      -1.1383007
       18.730961     -0.17178913     -0.30850991       8.0231979       8.1196590      -1.1879941
       19.156664     -0.17297523     -0.31521194       8.2155183       8.3185363      -1.2384155
       19.582368     -0.17419139     -0.32197118       8.4085953       8.5184430      -1.2895280
       20.008072     -0.17543974     -0.32877874       8.6024564       8.7194092      -1.3412927
       20.433775     -0.17672276     -0.33562518       8.7971302       8.9214659      -1.3936685
       20.859479     -0.17804329     -0.34250042       8.9926461       9.1246443      -1.4466119
       21.285183     -0.17940461     -0.34939372       9.1890346       9.3289764      -1.5000771
       21.710886     -0.18081043     -0.35629363       9.3863274       9.5344950      -1.5540158
       22.136590     -0.18226500     -0.36318794       9.5845574       9.7412331      -1.6083768
       22.562294     -0.18377308     -0.37006359       9.7837587       9.9492248      -1.6631061
       22.987997     -0.18534009     -0.37690664       9.9839667       10.158505      -1.7181465
       23.413701     -0.18697207     -0.38370218       10.185218       10.369108      -1.7734376
       23.839405     -0.18867584     -0.39043428       10.387552       10.581071      -1.8289155
       24.265108     -0.19045902     -0.39708585       10.591008       10.794430      -1.8845125
       24.690812     -0.19233012     -0.40363861       10.795627       11.009224      -1.9401567
       25.116515     -0.19429863     -0.41007293       11.001454       11.225489      -1.9957721
       25.542219     -0.19637513     -0.41636776       11.208534       11.443267      -2.0512780
       25.967923     -0.19857140     -0.42250048       11.416914       11.662597      -2.1065889
       26.393626     -0.20090050     -0.42844677       11.626644       11.883520      -2.1616138
       26.819330     -0.20337696     -0.43418048       11.837776       12.106078      -2.2162561
       27.245034     -0.20601688     -0.43967340       12.050365       12.330314      -2.2704131
       27.670737     -0.20883810     -0.44489516       12.264468       12.556273      -2.3239755
       28.096441     -0.21186041     -0.44981293       12.480146       12.784000      -2.3768268
       28.522145     -0.21510568     -0.45439126       12.697461       13.013540      -2.4288430
       28.947848     -0.21859813     -0.45859178       12.916481       13.244941      -2.4798916
       29.373552     -0.22236454     -0.46237295       13.137275       13.478253      -2.5298313
       29.799256     -0.22643452     -0.46568970       13.359919       13.713524      -2.5785111
       30.224959     -0.23084081     -0.46849307       13.584489       13.950805      -2.6257695
       30.650663     -0.23561957     -0.47072984       13.811070       14.190150      -2.6714334
       31.076367     -0.24081074     -0.47234204       14.039748       14.431612      -2.7153174
       31.502070     -0.24645844     -0.47326642       14.270617       14.675246      -2.7572225
       31.927774     -0.25261138     -0.47343392       14.503776       14.921109      -2.7969350
       32.353478     -0.25932333     -0.47276894       14.739329       15.169260      -2.8342251
       32.779181     -0.26665363     -0.47118862       14.977388       15.419757      -2.8688450
       33.204885     -0.27466774     -0.46860198       15.218073       15.672663      -2.9005278
       33.630589     -0.28343781     -0.46490890       15.461511       15.928041      -2.9289852
       34.056292     -0.29304341     -0.45999904       15.707837       16.185955      -2.9539054
       34.481996     -0.30357212     -0.45375046       15.957199       16.446473      -2.9749508
       34.907699     -0.31512035     -0.44602819       16.209752       16.709664      -2.9917551
       35.333403     -0.32779404     -0.43668244       16.465665       16.975598      -3.0039202
       35.759107     -0.34170946     -0.42554657       16.725119       17.244348      -3.0110129
       36.184810     -0.35699396     -0.41243472       16.988310       17.515990      -3.0125607
       36.610514     -0.37378670     -0.39713905       17.255451       17.790601      -3.0080474
       37.036218     -0.39223919     -0.37942641       17.526771       18.068261      -2.9969075
       37.461921     -0.41251572     -0.35903453       17.802520       18.349051      -2.9785208
       37.887625     -0.43479337     -0.33566740       18.082971       18.633057      -2.9522049
       38.313329     -0.45926153     -0.30898974       18.368419       18.920366      -2.9172076
       38.739032     -0.48612055     -0.27862047       18.659192       19.211068      -2.8726974
       39.164736     -0.51557921     -0.24412469       18.955647       19.505257      -2.8177524
       39.590440     -0.54785029     -0.20500410       19.258178       19.803028      -2.7513481
       40.016143     -0.58314342     -0.16068513       19.567221       20.104482      -2.6723419
       40.441847     -0.62165383     -0.11050449       19.883260       20.409720      -2.5794558
       40.867551     -0.66354509    -0.053691228       20.206833       20.718849      -2.4712550
       41.293254     -0.70892291     0.010655717       20.538542       21.031978      -2.3461229
       41.718958     -0.75779553     0.083595626       20.879062       21.349221      -2.2022309
       42.144662     -0.81001393      0.16638174       21.229154       21.670695      -2.0375020
       42.570365     -0.86518165      0.26050696       21.589681       21.996521      -1.8495664

Table series: Data for wavelength : 0.587562 µm.
   Y Angle (deg)       Tan Shift       Sag Shift     Real Height     Ref. Height      Distortion
  --------------  --------------  --------------  --------------  --------------  --------------
      0.00000000    -0.087434668    -0.087434668      0.00000000      0.00000000      0.00000000
      0.42570365    -0.087447641    -0.087531120      0.17822089      0.17822206 -6.6021612E-004
      0.85140730    -0.087512350    -0.087820438      0.35645439      0.35646381 -2.6403344E-003
       1.2771110    -0.087628741    -0.088302511      0.53471315      0.53474492 -5.9399758E-003
       1.7028146    -0.087796727    -0.088977152      0.71300981      0.71308510    -0.010558025
       2.1285183    -0.088016191    -0.089844099      0.89135704      0.89150408    -0.016493031
       2.5542219    -0.088286976    -0.090903017       1.0697676       1.0700216    -0.023743119
       2.9799256    -0.088608899    -0.092153490       1.2482542       1.2486576    -0.032305995
       3.4056292    -0.088981740    -0.093595026       1.4268297       1.4274317    -0.042178932
       3.8313329    -0.089405251    -0.095227054       1.6055069       1.6063641    -0.053358770
       4.2570365    -0.089879151    -0.097048920       1.7842990       1.7854746    -0.065841906
       4.6827402    -0.090403131    -0.099059889       1.9632188       1.9647833    -0.079624289
       5.1084438    -0.090976854     -0.10125914       2.1422797       2.1443104    -0.094701410
       5.5341475    -0.091599956     -0.10364577       2.3214948       2.3240761     -0.11106829
       5.9598511    -0.092272047     -0.10621877       2.5008777       2.5041009     -0.12871948
       6.3855548    -0.092992715     -0.10897706       2.6804417       2.6844052     -0.14764902
       6.8112584    -0.093761524     -0.11191944       2.8602006       2.8650096     -0.16785047
       7.2369621    -0.094578020     -0.11504464       3.0401683       3.0459348     -0.18931686
       7.6626657    -0.095441732     -0.11835126       3.2203587       3.2272017     -0.21204069
       8.0883694    -0.096352172     -0.12183781       3.4007861       3.4088314     -0.23601391
       8.5140730    -0.097308841     -0.12550268       3.5814649       3.5908451     -0.26122789
       8.9397767    -0.098311232     -0.12934413       3.7624095       3.7732642     -0.28767345
       9.3654804    -0.099358828     -0.13336033       3.9436349       3.9561102     -0.31534075
       9.7911840     -0.10045111     -0.13754930       4.1251562       4.1394048     -0.34421935
       10.216888     -0.10158758     -0.14190893       4.3069886       4.3231701     -0.37429816
       10.642591     -0.10276770     -0.14643697       4.4891477       4.5074283     -0.40556539
       11.068295     -0.10399099     -0.15113103       4.6716494       4.6922017     -0.43800856
       11.493999     -0.10525696     -0.15598855       4.8545099       4.8775130     -0.47161445
       11.919702     -0.10656515     -0.16100681       5.0377457       5.0633851     -0.50636904
       12.345406     -0.10791511     -0.16618294       5.2213735       5.2498411     -0.54225756
       12.771110     -0.10930645     -0.17151386       5.4054106       5.4369046     -0.57926435
       13.196813     -0.11073880     -0.17699631       5.5898745       5.6245992     -0.61737291
       13.622517     -0.11221185     -0.18262682       5.7747832       5.8129490     -0.65656580
       14.048221     -0.11372532     -0.18840173       5.9601551       6.0019783     -0.69682463
       14.473924     -0.11527904     -0.19431711       6.1460090       6.1917118     -0.73812998
       14.899628     -0.11687287     -0.20036883       6.3323641       6.3821745     -0.78046141
       15.325331     -0.11850677     -0.20655248       6.5192403       6.5733918     -0.82379732
       15.751035     -0.12018082     -0.21286338       6.7066579       6.7653893     -0.86811498
       16.176739     -0.12189518     -0.21929657       6.8946378       6.9581932     -0.91339040
       16.602442     -0.12365014     -0.22584677       7.0832012       7.1518301     -0.95959832
       17.028146     -0.12544613     -0.23250838       7.2723704       7.3463268      -1.0067121
       17.453850     -0.12728374     -0.23927545       7.4621680       7.5417107      -1.0547036
       17.879553     -0.12916374     -0.24614164       7.6526173       7.7380096      -1.1035434
       18.305257     -0.13108706     -0.25310024       7.8437425       7.9352519      -1.1532001
       18.730961     -0.13305488     -0.26014409       8.0355684       8.1334661      -1.2036409
       19.156664     -0.13506859     -0.26726559       8.2281206       8.3326817      -1.2548311
       19.582368     -0.13712984     -0.27445664       8.4214256       8.5329283      -1.3067341
       20.008072     -0.13924060     -0.28170862       8.6155108       8.7342362      -1.3593113
       20.433775     -0.14140313     -0.28901235       8.8104045       8.9366364      -1.4125220
       20.859479     -0.14362005     -0.29635806       9.0061360       9.1401603      -1.4663232
       21.285183     -0.14589436     -0.30373531       9.2027358       9.3448400      -1.5206695
       21.710886     -0.14822950     -0.31113298       9.4002353       9.5507080      -1.5755130
       22.136590     -0.15062937     -0.31853919       9.5986672       9.7577977      -1.6308030
       22.562294     -0.15309840     -0.32594127       9.7980655       9.9661431      -1.6864860
       22.987997     -0.15564157     -0.33332565       9.9984653       10.175779      -1.7425053
       23.413701     -0.15826450     -0.34067786       10.199903       10.386740      -1.7988011
       23.839405     -0.16097350     -0.34798239       10.402418       10.599064      -1.8553100
       24.265108     -0.16377562     -0.35522261       10.606049       10.812786      -1.9119649
       24.690812     -0.16667876     -0.36238075       10.810838       11.027944      -1.9686946
       25.116515     -0.16969172     -0.36943770       11.016828       11.244578      -2.0254238
       25.542219     -0.17282430     -0.37637298       11.224064       11.462726      -2.0820726
       25.967923     -0.17608742     -0.38316458       11.432593       11.682429      -2.1385559
       26.393626     -0.17949320     -0.38978880       11.642466       11.903727      -2.1947839
       26.819330     -0.18305509     -0.39622019       11.853734       12.126664      -2.2506606
       27.245034     -0.18678801     -0.40243127       12.066450       12.351281      -2.3060843
       27.670737     -0.19070849     -0.40839244       12.280674       12.577625      -2.3609465
       28.096441     -0.19483482     -0.41407173       12.496463       12.805738      -2.4151319
       28.522145     -0.19918725     -0.41943458       12.713881       13.035669      -2.4685174
       28.947848     -0.20378815     -0.42444360       12.932995       13.267464      -2.5209717
       29.373552     -0.20866227     -0.42905827       13.153874       13.501172      -2.5723548
       29.799256     -0.21383691     -0.43323466       13.376592       13.736843      -2.6225168
       30.224959     -0.21934224     -0.43692501       13.601227       13.974528      -2.6712975
       30.650663     -0.22521154     -0.44007740       13.827861       14.214280      -2.7185255
       31.076367     -0.23148152     -0.44263528       14.056582       14.456152      -2.7640168
       31.502070     -0.23819268     -0.44453692       14.287482       14.700201      -2.8075742
       31.927774     -0.24538965     -0.44571490       14.520659       14.946482      -2.8489855
       32.353478     -0.25312159     -0.44609544       14.756218       15.195054      -2.8880229
       32.779181     -0.26144264     -0.44559763       14.994269       15.445978      -2.9244408
       33.204885     -0.27041240     -0.44413260       15.234932       15.699314      -2.9579744
       33.630589     -0.28009637     -0.44160258       15.478332       15.955125      -2.9883377
       34.056292     -0.29056657     -0.43789975       15.724606       16.213479      -3.0152215
       34.481996     -0.30190199     -0.43290497       15.973898       16.474440      -3.0382910
       34.907699     -0.31418925     -0.42648634       16.226364       16.738078      -3.0571827
       35.333403     -0.32752308     -0.41849742       16.482172       17.004464      -3.0715019
       35.759107     -0.34200694     -0.40877529       16.741501       17.273672      -3.0808189
       36.184810     -0.35775342     -0.39713821       17.004547       17.545776      -3.0846651
       36.610514     -0.37488465     -0.38338290       17.271520       17.820853      -3.0825282
       37.036218     -0.39353244     -0.36728128       17.542650       18.098985      -3.0738476
       37.461921     -0.41383819     -0.34857675       17.818183       18.380253      -3.0580080
       37.887625     -0.43595229     -0.32697961       18.098391       18.664741      -3.0343327
       38.313329     -0.46003282     -0.30216169       18.383569       18.952539      -3.0020756
       38.739032     -0.48624332     -0.27374991       18.674042       19.243736      -2.9604118
       39.164736     -0.51474894     -0.24131843       18.970164       19.538425      -2.9084275
       39.590440     -0.54571059     -0.20437920       19.272327       19.836702      -2.8451063
       40.016143     -0.57927569     -0.16237037       19.580965       20.138669      -2.7693156
       40.441847     -0.61556449     -0.11464205       19.896558       20.444426      -2.6797882
       40.867551     -0.65464942    -0.060438715       20.219641       20.754080      -2.5751017
       41.293254     -0.69652450  1.1228406E-003       20.550812       21.067742      -2.4536539
       41.718958     -0.74105975     0.071081119       20.890742       21.385524      -2.3136328
       42.144662     -0.78793349      0.15066502       21.240186       21.707545      -2.1529808
       42.570365     -0.83653096      0.24133872       21.600000       22.033925      -1.9693511

Table series: Data for wavelength : 0.656273 µm.
   Y Angle (deg)       Tan Shift       Sag Shift     Real Height     Ref. Height      Distortion
  --------------  --------------  --------------  --------------  --------------  --------------
      0.00000000    -0.033362875    -0.033362875      0.00000000      0.00000000      0.00000000
      0.42570365    -0.033380641    -0.033461101      0.17842161      0.17842273 -6.3081169E-004
      0.85140730    -0.033457478    -0.033755741      0.35685582      0.35686517 -2.6187156E-003
       1.2771110    -0.033593332    -0.034246684      0.53531526      0.53534701 -5.9312531E-003
       1.7028146    -0.033788117    -0.034933749      0.71381256      0.71388799    -0.010567362
       2.1285183    -0.034041713    -0.035816674      0.89236038      0.89250787    -0.016525596
       2.5542219    -0.034353967    -0.036895129       1.0709714       1.0712264    -0.023804088
       2.9799256    -0.034724692    -0.038168702       1.2496585       1.2500635    -0.032400551
       3.4056292    -0.035153670    -0.039636909       1.4284343       1.4290389    -0.042312268
       3.8313329    -0.035640651    -0.041299183       1.6073118       1.6081728    -0.053536089
       4.2570365    -0.036185355    -0.043154881       1.7863039       1.7874849    -0.066068426
       4.6827402    -0.036787471    -0.045203274       1.9654238       1.9669955    -0.079905242
       5.1084438    -0.037446662    -0.047443552       2.1446845       2.1467248    -0.095042041
       5.5341475    -0.038162562    -0.049874818       2.3240993       2.3266929     -0.11147386
       5.9598511    -0.038934781    -0.052496086       2.5036816       2.5069204     -0.12919528
       6.3855548    -0.039762903    -0.055306277       2.6834449       2.6874277     -0.14820035
       6.8112584    -0.040646493    -0.058304218       2.8634029       2.8682354     -0.16848265
       7.2369621    -0.041585092    -0.061488639       3.0435695       3.0493644     -0.19003525
       7.6626657    -0.042578227    -0.064858165       3.2239585       3.2308354     -0.21285066
       8.0883694    -0.043625406    -0.068411317       3.4045843       3.4126696     -0.23692086
       8.5140730    -0.044726128    -0.072146505       3.5854611       3.5948883     -0.26223726
       8.9397767    -0.045879878    -0.076062023       3.7666036       3.7775127     -0.28879069
       9.3654804    -0.047086138    -0.080156044       3.9480265       3.9605646     -0.31657136
       9.7911840    -0.048344385    -0.084426616       4.1297450       4.1440656     -0.34556888
       10.216888    -0.049654096    -0.088871653       4.3117743       4.3280378     -0.37577216
       10.642591    -0.051014753    -0.093488931       4.4941299       4.5125034     -0.40716948
       11.068295    -0.052425847    -0.098276081       4.6768278       4.6974849     -0.43974838
       11.493999    -0.053886885     -0.10323058       4.8598840       4.8830048     -0.47349569
       11.919702    -0.055397391     -0.10834974       5.0433151       5.0690862     -0.50839745
       12.345406    -0.056956913     -0.11363071       5.2271378       5.2557522     -0.54443891
       12.771110    -0.058565034     -0.11907044       5.4113694       5.4430263     -0.58160449
       13.196813    -0.060221372     -0.12466573       5.5960274       5.6309323     -0.61987772
       13.622517    -0.061925592     -0.13041313       5.7811296       5.8194941     -0.65924124
       14.048221    -0.063677412     -0.13630901       5.9666946       6.0087363     -0.69967669
       14.473924    -0.065476612     -0.14234951       6.1527409       6.1986834     -0.74116473
       14.899628    -0.067323046     -0.14853051       6.3392881       6.3893605     -0.78368498
       15.325331    -0.069216647     -0.15484766       6.5263557       6.5807931     -0.82721590
       15.751035    -0.071157445     -0.16129633       6.7139641       6.7730068     -0.87173484
       16.176739    -0.073145574     -0.16787161       6.9021342       6.9660278     -0.91721788
       16.602442    -0.075181287     -0.17456828       7.0908872       7.1598827     -0.96363983
       17.028146    -0.077264972     -0.18138078       7.2802453       7.3545984      -1.0109741
       17.453850    -0.079397166     -0.18830322       7.4702311       7.5502023      -1.0591928
       17.879553    -0.081578573     -0.19532934       7.6608679       7.7467223      -1.1082663
       18.305257    -0.083810084     -0.20245249       7.8521799       7.9441866      -1.1581636
       18.730961    -0.086092796     -0.20966557       8.0441917       8.1426240      -1.2088518
       19.156664    -0.088428033     -0.21696105       8.2369291       8.3420638      -1.2602964
       19.582368    -0.090817377     -0.22433093       8.4304185       8.5425359      -1.3124608
       20.008072    -0.093262685     -0.23176665       8.6246872       8.7440705      -1.3653066
       20.433775    -0.095766127     -0.23925913       8.8197635       8.9466987      -1.4187932
       20.859479    -0.098330213     -0.24679867       9.0156767       9.1504517      -1.4728777
       21.285183     -0.10095783     -0.25437494       9.2124572       9.3553618      -1.5275149
       21.710886     -0.10365228     -0.26197692       9.4101365       9.5614616      -1.5826569
       22.136590     -0.10641732     -0.26959284       9.6087470       9.7687845      -1.6382532
       22.562294     -0.10925721     -0.27721014       9.8083229       9.9773644      -1.6942505
       22.987997     -0.11217676     -0.28481538       10.008899       10.187236      -1.7505922
       23.413701     -0.11518139     -0.29239419       10.210513       10.398435      -1.8072187
       23.839405     -0.11827719     -0.29993121       10.413202       10.610998      -1.8640667
       24.265108     -0.12147098     -0.30740996       10.617005       10.824960      -1.9210693
       24.690812     -0.12477038     -0.31481281       10.821966       11.040361      -1.9781556
       25.116515     -0.12818391     -0.32212082       11.028126       11.257239      -2.0352503
       25.542219     -0.13172104     -0.32931366       11.235531       11.475632      -2.0922737
       25.967923     -0.13539233     -0.33636952       11.444228       11.695582      -2.1491413
       26.393626     -0.13920951     -0.34326490       11.654267       11.917130      -2.2057630
       26.819330     -0.14318559     -0.34997452       11.865698       12.140318      -2.2620434
       27.245034     -0.14733500     -0.35647115       12.078578       12.365188      -2.3178809
       27.670737     -0.15167374     -0.36272542       12.292962       12.591786      -2.3731674
       28.096441     -0.15621949     -0.36870560       12.508911       12.820157      -2.4277877
       28.522145     -0.16099184     -0.37437740       12.726486       13.050346      -2.4816191
       28.947848     -0.16601244     -0.37970371       12.945756       13.282402      -2.5345306
       29.373552     -0.17130517     -0.38464433       13.166788       13.516373      -2.5863825
       29.799256     -0.17689646     -0.38915563       13.389658       13.752310      -2.6370253
       30.224959     -0.18281544     -0.39319022       13.614442       13.990263      -2.6862992
       30.650663     -0.18909424     -0.39669656       13.841224       14.230285      -2.7340331
       31.076367     -0.19576830     -0.39961848       14.070090       14.472429      -2.7800434
       31.502070     -0.20287669     -0.40189472       14.301132       14.716753      -2.8241334
       31.927774     -0.21046242     -0.40345832       14.534449       14.963311      -2.8660915
       32.353478     -0.21857284     -0.40423600       14.770145       15.212163      -2.9056902
       32.779181     -0.22726007     -0.40414740       15.008331       15.463369      -2.9426844
       33.204885     -0.23658139     -0.40310426       15.249125       15.716990      -2.9768101
       33.630589     -0.24659971     -0.40100945       15.492654       15.973090      -3.0077818
       34.056292     -0.25738408     -0.39775585       15.739054       16.231734      -3.0352909
       34.481996     -0.26901017     -0.39322509       15.988468       16.492989      -3.0590033
       34.907699     -0.28156074     -0.38728610       16.241053       16.756924      -3.0785564
       35.333403     -0.29512618     -0.37979335       16.496976       17.023610      -3.0935561
       35.759107     -0.30980492     -0.37058494       16.756416       17.293121      -3.1035737
       36.184810     -0.32570380     -0.35948021       17.019570       17.565531      -3.1081414
       36.610514     -0.34293828     -0.34627706       17.286646       17.840919      -3.1067481
       37.036218     -0.36163249     -0.33074878       17.557874       18.119363      -3.0988343
       37.461921     -0.38191886     -0.31264019       17.833502       18.400948      -3.0837857
       37.887625     -0.40393729     -0.29166323       18.113800       18.685757      -3.0609269
       38.313329     -0.42783356     -0.26749152       18.399062       18.973879      -3.0295134
       38.739032     -0.45375667     -0.23975398       18.689614       19.265403      -2.9887218
       39.164736     -0.48185454     -0.20802698       18.985809       19.560424      -2.9376398
       39.590440     -0.51226744     -0.17182497       19.288040       19.859038      -2.8752534
       40.016143     -0.54511802     -0.13058887       19.596739       20.161344      -2.8004316
       40.441847     -0.58049645    -0.083671938       19.912386       20.467445      -2.7119098
       40.867551     -0.61843843    -0.030322172       20.235517       20.777448      -2.6082684
       41.293254     -0.65889264     0.030339623       20.566727       21.091463      -2.4879081
       41.718958     -0.70167267     0.099347404       20.906687       21.409603      -2.3490206
       42.144662     -0.74638571      0.17792487       21.256153       21.731986      -2.1895523
       42.570365     -0.79232632      0.26753027       21.615980       22.058734      -2.0071615
