Results for:	
File:	C:\Users\User\OneDrive - Massachusetts Institute of Technology\Documents\MIT\Grad School\Classes\2.156\Lens Project\Prime Lenses\US08625209-1.zmx
Title:	
Date:	11/7/2025 5:50:36 PM

0 message(s) in output.
3 series table(s) in output.

Table series: Data for wavelength : 0.486133 µm.
   Y Angle (deg)       Tan Shift       Sag Shift     Real Height     Ref. Height      Distortion
  --------------  --------------  --------------  --------------  --------------  --------------
      0.00000000    -0.085055637    -0.085055637      0.00000000      0.00000000      0.00000000
      0.20739598    -0.085059484    -0.085076900      0.14198083      0.14198089 -4.3583465E-005
      0.41479197    -0.085056064    -0.085140685      0.28396460      0.28396551 -3.1764797E-004
      0.62218795    -0.085045298    -0.085246985      0.42595426      0.42595756 -7.7422819E-004
      0.82958393    -0.085027061    -0.085395786      0.56795275      0.56796078 -1.4130334E-003
       1.0369799    -0.085001173    -0.085587070      0.70996303      0.70997889 -2.2336569E-003
       1.2443759    -0.084967406    -0.085820812      0.85198803      0.85201560 -3.2355768E-003
       1.4517719    -0.084925476    -0.086096980      0.99403074      0.99407466 -4.4181558E-003
       1.6591679    -0.084875038    -0.086415536       1.1360941       1.1361598 -5.7806428E-003
       1.8665639    -0.084815690    -0.086776436       1.2781811       1.2782747 -7.3221727E-003
       2.0739598    -0.084746962    -0.087179626       1.4202947       1.4204232 -9.0417680E-003
       2.2813558    -0.084668312    -0.087625045       1.5624380       1.5626089    -0.010938339
       2.4887518    -0.084579124    -0.088112622       1.7046138       1.7048356    -0.013010687
       2.6961478    -0.084478699    -0.088642275       1.8468253       1.8471071    -0.015257501
       2.9035438    -0.084366253    -0.089213911       1.9890754       1.9894271    -0.017677363
       3.1109398    -0.084240902    -0.089827427       2.1313673       2.1317994    -0.020268751
       3.3183357    -0.084101663    -0.090482704       2.2737039       2.2742277    -0.023030033
       3.5257317    -0.083947443    -0.091179609       2.4160884       2.4167158    -0.025959476
       3.7331277    -0.083777027    -0.091917994       2.5585239       2.5592675    -0.029055245
       3.9405237    -0.083589077    -0.092697695       2.7010134       2.7018865    -0.032315403
       4.1479197    -0.083382113    -0.093518528       2.8435601       2.8445767    -0.035737916
       4.3553157    -0.083154511    -0.094380290       2.9861671       2.9873418    -0.039320653
       4.5627116    -0.082904490    -0.095282755       3.1288377       3.1301856    -0.043061388
       4.7701076    -0.082630100    -0.096225676       3.2715750       3.2731120    -0.046957801
       4.9775036    -0.082329212    -0.097208781       3.4143823       3.4161248    -0.051007484
       5.1848996    -0.081999506    -0.098231771       3.5572628       3.5592277    -0.055207938
       5.3922956    -0.081638461    -0.099294321       3.7002197       3.7024247    -0.059556580
       5.5996916    -0.081243339     -0.10039607       3.8432564       3.8457196    -0.064050741
       5.8070875    -0.080811174     -0.10153664       3.9863762       3.9891162    -0.068687672
       6.0144835    -0.080338761     -0.10271560       4.1295825       4.1326185    -0.073464542
       6.2218795    -0.079822637     -0.10393249       4.2728786       4.2762302    -0.078378444
       6.4292755    -0.079259075     -0.10518682       4.4162680       4.4199554    -0.083426396
       6.6366715    -0.078644063     -0.10647806       4.5597541       4.5637978    -0.088605343
       6.8440675    -0.077973292     -0.10780563       4.7033403       4.7077615    -0.093912161
       7.0514634    -0.077242142     -0.10916890       4.8470303       4.8518503    -0.099343655
       7.2588594    -0.076445668     -0.11056722       4.9908275       4.9960682     -0.10489657
       7.4662554    -0.075578582     -0.11199986       5.1347355       5.1404191     -0.11056757
       7.6736514    -0.074635239     -0.11346606       5.2787579       5.2849071     -0.11635329
       7.8810474    -0.073609623     -0.11496500       5.4228984       5.4295360     -0.12225027
       8.0884434    -0.072495329     -0.11649580       5.5671607       5.5743100     -0.12825502
       8.2958393    -0.071285547     -0.11805754       5.7115484       5.7192330     -0.13436397
       8.5032353    -0.069973051     -0.11964922       5.8560654       5.8643090     -0.14057353
       8.7106313    -0.068550175     -0.12126978       6.0007154       6.0095422     -0.14688002
       8.9180273    -0.067008803     -0.12291811       6.1455023       6.1549366     -0.15327973
       9.1254233    -0.065340350     -0.12459302       6.2904299       6.3004962     -0.15976891
       9.3328193    -0.063535749     -0.12629326       6.4355023       6.4462252     -0.16634375
       9.5402152    -0.061585430     -0.12801749       6.5807232       6.5921276     -0.17300039
       9.7476112    -0.059479308     -0.12976431       6.7260968       6.7382077     -0.17973494
       9.9550072    -0.057206766     -0.13153225       6.8716271       6.8844696     -0.18654345
       10.162403    -0.054756639     -0.13331973       7.0173181       7.0309174     -0.19342195
       10.369799    -0.052117198     -0.13512514       7.1631741       7.1775555     -0.20036640
       10.577195    -0.049276134     -0.13694673       7.3091991       7.3243879     -0.20737274
       10.784591    -0.046220546     -0.13878269       7.4553974       7.4714189     -0.21443685
       10.991987    -0.042936921     -0.14063114       7.6017734       7.6186528     -0.22155458
       11.199383    -0.039411123     -0.14249007       7.7483312       7.7660939     -0.22872173
       11.406779    -0.035628380     -0.14435740       7.8950753       7.9137466     -0.23593406
       11.614175    -0.031573264     -0.14623095       8.0420102       8.0616150     -0.24318729
       11.821571    -0.027229686     -0.14810845       8.1891402       8.2097036     -0.25047709
       12.028967    -0.022580875     -0.14998751       8.3364699       8.3580168     -0.25779906
       12.236363    -0.017609371     -0.15186566       8.4840039       8.5065589     -0.26514878
       12.443759    -0.012297011     -0.15374031       8.6317468       8.6553344     -0.27252177
       12.651155 -6.6249201E-003     -0.15560877       8.7797033       8.8043478     -0.27991347
       12.858551 -5.7349761E-004     -0.15746824       8.9278782       8.9536036     -0.28731928
       13.065947  5.8775895E-003     -0.15931581       9.0762762       9.1031062     -0.29473455
       13.273343     0.012749417     -0.16114846       9.2249023       9.2528602     -0.30215451
       13.480739     0.020063813     -0.16296306       9.3737613       9.4028702     -0.30957437
       13.688135     0.027843355     -0.16475636       9.5228583       9.5531407     -0.31698923
       13.895531     0.036111392     -0.16652499       9.6721983       9.7036764     -0.32439410
       14.102927     0.044892036     -0.16826547       9.8217864       9.8544820     -0.33178391
       14.310323     0.054210173     -0.16997418       9.9716279       10.005562     -0.33915346
       14.517719     0.064091460     -0.17164740       10.121728       10.156922     -0.34649748
       14.725115     0.074562332     -0.17328129       10.272092       10.308565     -0.35381055
       14.932511     0.085649996     -0.17487186       10.422726       10.460497     -0.36108711
       15.139907     0.097382432     -0.17641503       10.573634       10.612723     -0.36832148
       15.347303      0.10978839     -0.17790656       10.724823       10.765247     -0.37550781
       15.554699      0.12289739     -0.17934210       10.876298       10.918075     -0.38264008
       15.762095      0.13673969     -0.18071719       11.028065       11.071211     -0.38971210
       15.969491      0.15134632     -0.18202720       11.180130       11.224660     -0.39671746
       16.176887      0.16674904     -0.18326741       11.332498       11.378427     -0.40364955
       16.384283      0.18298034     -0.18443294       11.485177       11.532518     -0.41050152
       16.591679      0.20007341     -0.18551881       11.638171       11.686937     -0.41726627
       16.799075      0.21806214     -0.18651989       11.791488       11.841689     -0.42393641
       17.006471      0.23698111     -0.18743092       11.945134       11.996780     -0.43050428
       17.213867      0.25686552     -0.18824653       12.099115       12.152215     -0.43696188
       17.421263      0.27775124     -0.18896118       12.253438       12.307999     -0.44330087
       17.628659      0.29967472     -0.18956924       12.408109       12.464137     -0.44951254
       17.836055      0.32267298     -0.19006493       12.563137       12.620635     -0.45558778
       18.043451      0.34678359     -0.19044235       12.718527       12.777498     -0.46151704
       18.250847      0.37204462     -0.19069544       12.874288       12.934731     -0.46729030
       18.458243      0.39849461     -0.19081806       13.030426       13.092340     -0.47289707
       18.665639      0.42617253     -0.19080390       13.186950       13.250330     -0.47832629
       18.873034      0.45511772     -0.19064654       13.343867       13.408707     -0.48356633
       19.080430      0.48536985     -0.19033941       13.501185       13.567477     -0.48860496
       19.287826      0.51696886     -0.18987584       13.658913       13.726644     -0.49342927
       19.495222      0.54995494     -0.18924901       13.817059       13.886216     -0.49802564
       19.702618      0.58436839     -0.18845197       13.975631       14.046196     -0.50237968
       19.910014      0.62024965     -0.18747766       14.134640       14.206593     -0.50647622
       20.117410      0.65763916     -0.18631887       14.294093       14.367410     -0.51029917
       20.324806      0.69657732     -0.18496826       14.454001       14.528654     -0.51383155
       20.532202      0.73710438     -0.18341837       14.614374       14.690331     -0.51705536
       20.739598      0.77926042     -0.18166159       14.775222       14.852448     -0.51995152

Table series: Data for wavelength : 0.587562 µm.
   Y Angle (deg)       Tan Shift       Sag Shift     Real Height     Ref. Height      Distortion
  --------------  --------------  --------------  --------------  --------------  --------------
      0.00000000     0.023282180     0.023282180      0.00000000      0.00000000      0.00000000
      0.20739598     0.023268859     0.023256369      0.14201382      0.14201396 -9.3987832E-005
      0.41479197     0.023241657     0.023178938      0.28403057      0.28403163 -3.7594120E-004
      0.62218795     0.023200648     0.023049893      0.42605315      0.42605676 -8.4566341E-004
      0.82958393     0.023145953     0.022869247      0.56808451      0.56809304 -1.5028678E-003
       1.0369799     0.023077740     0.022637016      0.71012755      0.71014422 -2.3471549E-003
       1.2443759     0.022996225     0.022353220      0.85218523      0.85221402 -3.3780071E-003
       1.4517719     0.022901679     0.022017889      0.99426047      0.99430615 -4.5947977E-003
       1.6591679     0.022794427     0.021631053       1.1363562       1.1364244 -5.9967829E-003
       1.8665639     0.022674852     0.021192754       1.2784754       1.2785724 -7.5831050E-003
       2.0739598     0.022543401     0.020703038       1.4206211       1.4207539 -9.3527991E-003
       2.2813558     0.022400590     0.020161960       1.5627961       1.5629728    -0.011304789
       2.4887518     0.022247005     0.019569583       1.7050035       1.7052326    -0.013437887
       2.6961478     0.022083316     0.018925980       1.8472463       1.8475373    -0.015750800
       2.9035438     0.021910274     0.018231235       1.9895274       1.9898904    -0.018242127
       3.1109398     0.021728724     0.017485443       2.1318500       2.1322958    -0.020910361
       3.3183357     0.021539612     0.016688711       2.2742170       2.2747573    -0.023753892
       3.5257317     0.021343990     0.015841160       2.4166315       2.4172786    -0.026771007
       3.7331277     0.021143027     0.014942927       2.5590965       2.5598635    -0.029959893
       3.9405237     0.020938018     0.013994164       2.7016153       2.7025157    -0.033318637
       4.1479197     0.020730390     0.012995041       2.8441908       2.8452391    -0.036845230
       4.3553157     0.020521717     0.011945746       2.9868262       2.9880375    -0.040537568
       4.5627116     0.020313727     0.010846492       3.1295246       3.1309146    -0.044393453
       4.7701076     0.020108312  9.6975080E-003       3.2722893       3.2738742    -0.048410595
       4.9775036     0.019907543  8.4990515E-003       3.4151235       3.4169203    -0.052586618
       5.1848996     0.019713677  7.2514037E-003       3.5580302       3.5600566    -0.056919056
       5.3922956     0.019529173  5.9548733E-003       3.7010129       3.7032869    -0.061405359
       5.5996916     0.019356701  4.6097982E-003       3.8440748       3.8466152    -0.066042897
       5.8070875     0.019199157  3.2165473E-003       3.9872191       3.9900452    -0.070828956
       6.0144835     0.019059676  1.7755225E-003       4.1304493       4.1335809    -0.075760747
       6.2218795     0.018941645  2.8716061E-004       4.2737686       4.2772261    -0.080835405
       6.4292755     0.018848716 -1.2480648E-003       4.4171804       4.4209847    -0.086049989
       6.6366715     0.018784820 -2.8296409E-003       4.5606883       4.5648606    -0.091401492
       6.8440675     0.018754183 -4.4570140E-003       4.7042955       4.7088578    -0.096886833
       7.0514634     0.018761340 -6.1295870E-003       4.8480057       4.8529802     -0.10250287
       7.2588594     0.018811148 -7.8467174E-003       4.9918223       4.9972316     -0.10824639
       7.4662554     0.018908804 -9.6077150E-003       5.1357489       5.1416162     -0.11411413
       7.6736514     0.019059858    -0.011411839       5.2797890       5.2861378     -0.12010275
       7.8810474     0.019270228    -0.013258298       5.4239463       5.4308004     -0.12620887
       8.0884434     0.019546219    -0.015146246       5.5682244       5.5756081     -0.13242905
       8.2958393     0.019894535    -0.017074778       5.7126270       5.7205649     -0.13875979
       8.5032353     0.020322295    -0.019042931       5.8571579       5.8656747     -0.14519754
       8.7106313     0.020837052    -0.021049682       6.0018208       6.0109417     -0.15173870
       8.9180273     0.021446806    -0.023093941       6.1466195       6.1563699     -0.15837963
       9.1254233     0.022160020    -0.025174555       6.2915578       6.3019634     -0.16511664
       9.3328193     0.022985637    -0.027290299       6.4366397       6.4477263     -0.17194600
       9.5402152     0.023933096    -0.029439881       6.5818691       6.5936628     -0.17886391
       9.7476112     0.025012348    -0.031621930       6.7272499       6.7397769     -0.18586657
       9.9550072     0.026233867    -0.033835005       6.8727861       6.8860728     -0.19295010
       10.162403     0.027608674    -0.036077583       7.0184819       7.0325548     -0.20011061
       10.369799     0.029148343    -0.038348061       7.1643412       7.1792269     -0.20734414
       10.577195     0.030865024    -0.040644753       7.3103683       7.3260935     -0.21464672
       10.784591     0.032771454    -0.042965890       7.4565673       7.4731588     -0.22201432
       10.991987     0.034880969    -0.045309612       7.6029425       7.6204270     -0.22944286
       11.199383     0.037207523    -0.047673971       7.7494981       7.7679025     -0.23692826
       11.406779     0.039765701    -0.050056927       7.8962385       7.9155895     -0.24446636
       11.614175     0.042570729    -0.052456345       8.0431681       8.0634923     -0.25205296
       11.821571     0.045638489    -0.054869995       8.1902912       8.2116154     -0.25968385
       12.028967     0.048985532    -0.057295545       8.3376124       8.3599631     -0.26735473
       12.236363     0.052629088    -0.059730567       8.4851362       8.5085399     -0.27506127
       12.443759     0.056587078    -0.062172527       8.6328672       8.6573501     -0.28279910
       12.651155     0.060878124    -0.064618787       8.7808100       8.8063982     -0.29056378
       12.858551     0.065521560    -0.067066603       8.9289693       8.9556887     -0.29835082
       13.065947     0.070537438    -0.069513124       9.0773499       9.1052261     -0.30615566
       13.273343     0.075946538    -0.071955385       9.2259567       9.2550150     -0.31397368
       13.480739     0.081770374    -0.074390314       9.3747944       9.4050599     -0.32180018
       13.688135     0.088031202    -0.076814722       9.5238680       9.5553654     -0.32963039
       13.895531     0.094752021    -0.079225306       9.6731826       9.7059362     -0.33745945
       14.102927      0.10195658    -0.081618649       9.8227432       9.8567769     -0.34528241
       14.310323      0.10966939    -0.083991213       9.9725549       10.007892     -0.35309421
       14.517719      0.11791569    -0.086339342       10.122623       10.159287     -0.36088969
       14.725115      0.12672149    -0.088659261       10.272953       10.310966     -0.36866357
       14.932511      0.13611355    -0.090947073       10.423550       10.462933     -0.37641044
       15.139907      0.14611938    -0.093198759       10.574419       10.615194     -0.38412474
       15.347303      0.15676722    -0.095410179       10.725566       10.767754     -0.39180078
       15.554699      0.16808607    -0.097577064       10.876997       10.920617     -0.39943268
       15.762095      0.18010563    -0.099695027       11.028717       11.073789     -0.40701439
       15.969491      0.19285634     -0.10175955       11.180732       11.227274     -0.41453965
       16.176887      0.20636935     -0.10376600       11.333049       11.381077     -0.42200201
       16.384283      0.22067648     -0.10570960       11.485672       11.535204     -0.42939476
       16.591679      0.23581025     -0.10758547       11.638609       11.689659     -0.43671098
       16.799075      0.25180381     -0.10938858       11.791864       11.844447     -0.44394343
       17.006471      0.26869099     -0.11111380       11.945446       11.999574     -0.45108462
       17.213867      0.28650619     -0.11275585       12.099360       12.155045     -0.45812671
       17.421263      0.30528442     -0.11430934       12.253612       12.310865     -0.46506153
       17.628659      0.32506124     -0.11576874       12.408210       12.467040     -0.47188056
       17.836055      0.34587274     -0.11712842       12.563161       12.623574     -0.47857484
       18.043451      0.36775551     -0.11838259       12.718471       12.780473     -0.48513502
       18.250847      0.39074658     -0.11952536       12.874147       12.937743     -0.49155128
       18.458243      0.41488341     -0.12055072       13.030198       13.095389     -0.49781329
       18.665639      0.44020381     -0.12145252       13.186630       13.253416     -0.50391019
       18.873034      0.46674593     -0.12222449       13.343452       13.411830     -0.50983056
       19.080430      0.49454817     -0.12286024       13.500671       13.570636     -0.51556236
       19.287826      0.52364918     -0.12335326       13.658296       13.729841     -0.52109289
       19.495222      0.55408772     -0.12369692       13.816334       13.889449     -0.52640874
       19.702618      0.58590269     -0.12388447       13.974795       14.049467     -0.53149576
       19.910014      0.61913297     -0.12390901       14.133688       14.209901     -0.53633896
       20.117410      0.65381743     -0.12376357       14.293021       14.370756     -0.54092252
       20.324806      0.68999479     -0.12344100       14.452805       14.532038     -0.54522967
       20.532202      0.72770359     -0.12293408       14.613048       14.693752     -0.54924267
       20.739598      0.76698205     -0.12223542       14.773762       14.855906     -0.55294269

Table series: Data for wavelength : 0.656273 µm.
   Y Angle (deg)       Tan Shift       Sag Shift     Real Height     Ref. Height      Distortion
  --------------  --------------  --------------  --------------  --------------  --------------
      0.00000000      0.15600186      0.15600186      0.00000000      0.00000000      0.00000000
      0.20739598      0.15598553      0.15597445      0.14203495      0.14203495  2.0719876E-006
      0.41479197      0.15594841      0.15589221      0.28407282      0.28407362 -2.8280747E-004
      0.62218795      0.15589058      0.15575514      0.42611652      0.42611974 -7.5744199E-004
      0.82958393      0.15581216      0.15556327      0.56816895      0.56817703 -1.4215759E-003
       1.0369799      0.15571331      0.15531660      0.71023305      0.71024921 -2.2747758E-003
       1.2443759      0.15559425      0.15501516      0.85231174      0.85234000 -3.3165279E-003
       1.4517719      0.15545525      0.15465897      0.99440794      0.99445315 -4.5462053E-003
       1.6591679      0.15529663      0.15424807       1.1365246       1.1365924 -5.9630684E-003
       1.8665639      0.15511876      0.15378249       1.2786646       1.2787614 -7.5662661E-003
       2.0739598      0.15492210      0.15326228       1.4208310       1.4209640 -9.3548365E-003
       2.2813558      0.15470715      0.15268748       1.5630268       1.5632038    -0.011327716
       2.4887518      0.15447449      0.15205817       1.7052548       1.7054847    -0.013483692
       2.6961478      0.15422479      0.15137442       1.8475180       1.8478104    -0.015821524
       2.9035438      0.15395880      0.15063630       1.9898196       1.9901846    -0.018339786
       3.1109398      0.15367734      0.14984390       2.1321624       2.1326111    -0.021036987
       3.3183357      0.15338138      0.14899734       2.2745496       2.2750936    -0.023911524
       3.5257317      0.15307194      0.14809673       2.4169841       2.4176360    -0.026961694
       3.7331277      0.15275019      0.14714220       2.5594691       2.5602419    -0.030185692
       3.9405237      0.15241742      0.14613391       2.7020076       2.7029152    -0.033581615
       4.1479197      0.15207505      0.14507202       2.8446026       2.8456597    -0.037147465
       4.3553157      0.15172465      0.14395671       2.9872575       2.9884792    -0.040881148
       4.5627116      0.15136793      0.14278820       3.1299752       3.1313774    -0.044780478
       4.7701076      0.15100679      0.14156670       3.2727589       3.2743582    -0.048843178
       4.9775036      0.15064328      0.14029248       3.4156119       3.4174254    -0.053066884
       5.1848996      0.15027967      0.13896581       3.5585374       3.5605829    -0.057449144
       5.3922956      0.14991839      0.13758700       3.7015385       3.7038344    -0.061987423
       5.5996916      0.14956212      0.13615638       3.8446186       3.8471839    -0.066679105
       5.8070875      0.14921374      0.13467431       3.9877809       3.9906351    -0.071521491
       6.0144835      0.14887638      0.13314119       4.1310288       4.1341920    -0.076511811
       6.2218795      0.14855342      0.13155746       4.2743657       4.2778584    -0.081647213
       6.4292755      0.14824852      0.12992358       4.4177948       4.4216383    -0.086924779
       6.6366715      0.14796559      0.12824006       4.5613196       4.5655355    -0.092341516
       6.8440675      0.14770886      0.12650746       4.7049436       4.7095539    -0.097894366
       7.0514634      0.14748285      0.12472636       4.8486701       4.8536976     -0.10358020
       7.2588594      0.14729243      0.12289740       4.9925028       4.9979704     -0.10939584
       7.4662554      0.14714278      0.12102127       5.1364452       5.1423763     -0.11533803
       7.6736514      0.14703946      0.11909870       5.2805008       5.2869193     -0.12140347
       7.8810474      0.14698837      0.11713049       5.4246732       5.4316033     -0.12758878
       8.0884434      0.14699583      0.11511746       5.5689661       5.5764324     -0.13389056
       8.2958393      0.14706852      0.11306052       5.7133831       5.7214106     -0.14030533
       8.5032353      0.14721358      0.11096064       5.8579280       5.8665419     -0.14682956
       8.7106313      0.14743856      0.10881882       6.0026046       6.0118303     -0.15345970
       8.9180273      0.14775145      0.10663615       6.1474166       6.1572800     -0.16019211
       9.1254233      0.14816072      0.10441379       6.2923678       6.3028951     -0.16702315
       9.3328193      0.14867531      0.10215294       6.4374621       6.4486795     -0.17394910
       9.5402152      0.14930466     0.099854901       6.5827035       6.5946375     -0.18096621
       9.7476112      0.15005873     0.097521033       6.7280958       6.7407733     -0.18807069
       9.9550072      0.15094799     0.095152775       6.8736432       6.8870908     -0.19525872
       10.162403      0.15198346     0.092751642       7.0193496       7.0335944     -0.20252641
       10.369799      0.15317673     0.090319233       7.1652190       7.1802883     -0.20986986
       10.577195      0.15453994     0.087857228       7.3112557       7.3271766     -0.21728512
       10.784591      0.15608584     0.085367391       7.4574639       7.4742636     -0.22476821
       10.991987      0.15782776     0.082851576       7.6038476       7.6215536     -0.23231508
       11.199383      0.15977966     0.080311725       7.7504112       7.7690509     -0.23992168
       11.406779      0.16195612     0.077749874       7.8971591       7.9167597     -0.24758389
       11.614175      0.16437238     0.075168150       8.0440955       8.0646844     -0.25529757
       11.821571      0.16704431     0.072568780       8.1912249       8.2128294     -0.26305853
       12.028967      0.16998847     0.069954086       8.3385517       8.3611990     -0.27086252
       12.236363      0.17322209     0.067326493       8.4860805       8.5097977     -0.27870526
       12.443759      0.17676308     0.064688527       8.6338158       8.6586299     -0.28658241
       12.651155      0.18063007     0.062042820       8.7817623       8.8077001     -0.29448958
       12.858551      0.18484238     0.059392109       8.9299246       8.9570126     -0.30242232
       13.065947      0.18942006     0.056739240       9.0783075       9.1065722     -0.31037613
       13.273343      0.19438388     0.054087168       9.2269158       9.2563832     -0.31834643
       13.480739      0.19975534     0.051438960       9.3757544       9.4064503     -0.32632857
       13.688135      0.20555669     0.048797796       9.5248280       9.5567780     -0.33431784
       13.895531      0.21181090     0.046166970       9.6741418       9.7073711     -0.34230941
       14.102927      0.21854171     0.043549893       9.8237008       9.8582341     -0.35029840
       14.310323      0.22577360     0.040950094       9.9735102       10.009372     -0.35827979
       14.517719      0.23353178     0.038371218       10.123575       10.160789     -0.36624848
       14.725115      0.24184224     0.035817032       10.273901       10.312490     -0.37419926
       14.932511      0.25073169     0.033291422       10.424492       10.464480     -0.38212675
       15.139907      0.26022761     0.030798396       10.575356       10.616764     -0.39002547
       15.347303      0.27035818     0.028342086       10.726496       10.769346     -0.39788976
       15.554699      0.28115235     0.025926746       10.877919       10.922232     -0.40571383
       15.762095      0.29263976     0.023556752       11.029630       11.075426     -0.41349166
       15.969491      0.30485079     0.021236607       11.181635       11.228934     -0.42121708
       16.176887      0.31781649     0.018970936       11.333941       11.382760     -0.42888369
       16.384283      0.33156862     0.016764492       11.486552       11.536909     -0.43648485
       16.591679      0.34613960     0.014622149       11.639475       11.691387     -0.44401368
       16.799075      0.36156249     0.012548910       11.792717       11.846198     -0.45146303
       17.006471      0.37787099     0.010549900       11.946283       12.001348     -0.45882546
       17.213867      0.39509938  8.6303707E-003       12.100180       12.156842     -0.46609322
       17.421263      0.41328254  6.7956978E-003       12.254415       12.312685     -0.47325819
       17.628659      0.43245588  5.0513814E-003       12.408993       12.468883     -0.48031192
       17.836055      0.45265534  3.4030456E-003       12.563923       12.625440     -0.48724553
       18.043451      0.47391734  1.8564379E-003       12.719212       12.782363     -0.49404974
       18.250847      0.49627870  4.1742916E-004       12.874865       12.939656     -0.50071479
       18.458243      0.51977670 -9.0798763E-004       13.030891       13.097325     -0.50723043
       18.665639      0.54444893 -2.1136974E-003       13.187297       13.255375     -0.51358589
       18.873034      0.57033330 -3.1934635E-003       13.344091       13.413812     -0.51976982
       19.080430      0.59746797 -4.1409289E-003       13.501281       13.572642     -0.52577026
       19.287826      0.62589130 -4.9496157E-003       13.658875       13.731871     -0.53157458
       19.495222      0.65564179 -5.6129265E-003       13.816882       13.891503     -0.53716946
       19.702618      0.68675801 -6.1241439E-003       13.975309       14.051544     -0.54254083
       19.910014      0.71927852 -6.4764313E-003       14.134166       14.212002     -0.54767379
       20.117410      0.75324183 -6.6628326E-003       14.293462       14.372880     -0.55255260
       20.324806      0.78868630 -6.6762719E-003       14.453207       14.534186     -0.55716060
       20.532202      0.82565006 -6.5095531E-003       14.613410       14.695925     -0.56148011
       20.739598      0.86417092 -6.1553593E-003       14.774081       14.858103     -0.56549242
