Results for:	
File:	C:\Users\User\OneDrive - Massachusetts Institute of Technology\Documents\MIT\Grad School\Classes\2.156\Lens Project\Prime Lenses\US05808808-1.ZMX
Title:	
Date:	11/7/2025 5:47:27 PM

0 message(s) in output.
3 series table(s) in output.

Table series: Data for wavelength : 0.486133 µm.
   Y Angle (deg)       Tan Shift       Sag Shift     Real Height     Ref. Height      Distortion
  --------------  --------------  --------------  --------------  --------------  --------------
      0.00000000    -0.036778568    -0.036778568      0.00000000      0.00000000      0.00000000
      0.51599706    -0.036675572    -0.036771091      0.14914394      0.14914469 -5.0250274E-004
       1.0319941    -0.036377569    -0.036748961      0.29830760      0.29831358 -2.0056921E-003
       1.5479912    -0.035889455    -0.036713069      0.44751076      0.44753088 -4.4972715E-003
       2.0639882    -0.035219329    -0.036664896      0.59677334      0.59682083 -7.9567321E-003
       2.5799853    -0.034378405    -0.036606491      0.74611552      0.74620772    -0.012355553
       3.0959823    -0.033380870    -0.036540454      0.89555775      0.89571591    -0.017657392
       3.6119794    -0.032243725    -0.036469911       1.0451208       1.0453698    -0.023818322
       4.1279765    -0.030986576    -0.036398481       1.1948260       1.1951940    -0.030787132
       4.6439735    -0.029631401    -0.036330241       1.3446951       1.3452131    -0.038505656
       5.1599706    -0.028202287    -0.036269684       1.4947503       1.4954518    -0.046909169
       5.6759676    -0.026725137    -0.036221675       1.6450145       1.6459351    -0.055926810
       6.1919647    -0.025227350    -0.036191400       1.7955115       1.7966880    -0.065482058
       6.7079617    -0.023737488    -0.036184312       1.9462654       1.9477358    -0.075493238
       7.2239588    -0.022284913    -0.036206077       2.0973014       2.0991040    -0.085874066
       7.7399558    -0.020899413    -0.036262515       2.2486453       2.2508181    -0.096534230
       8.2559529    -0.019610817    -0.036359533       2.4003239       2.4029041     -0.10737999
       8.7719500    -0.018448595    -0.036503066       2.5523647       2.5553881     -0.11831484
       9.2879470    -0.017441458    -0.036699010       2.7047963       2.7082965     -0.12924011
       9.8039441    -0.016616946    -0.036953154       2.8576481       2.8616561     -0.14005571
       10.319941    -0.016001027    -0.037271114       3.0109505       3.0154936     -0.15066079
       10.835938    -0.015617695    -0.037658264       3.1647346       3.1698366     -0.16095446
       11.351935    -0.015488571    -0.038119673       3.3190328       3.3247127     -0.17083654
       11.867932    -0.015632526    -0.038660032       3.4738782       3.4801498     -0.18020826
       12.383929    -0.016065308    -0.039283596       3.6293049       3.6361763     -0.18897304
       12.899926    -0.016799205    -0.039994116       3.7853480       3.7928212     -0.19703722
       13.415923    -0.017842713    -0.040794781       3.9420431       3.9501137     -0.20431080
       13.931921    -0.019200254    -0.041688162       4.0994273       4.1080833     -0.21070823
       14.447918    -0.020871916    -0.042676156       4.2575379       4.2667604     -0.21614909
       14.963915    -0.022853237    -0.043759941       4.4164133       4.4261756     -0.22055888
       15.479912    -0.025135041    -0.044939925       4.5760927       4.5863601     -0.22386967
       15.995909    -0.027703325    -0.046215718       4.7366157       4.7473457     -0.22602088
       16.511906    -0.030539198    -0.047586095       4.8980228       4.9091647     -0.22695983
       17.027903    -0.033618901    -0.049048969       5.0603550       5.0718500     -0.22664250
       17.543900    -0.036913892    -0.050601388       5.2236537       5.2354352     -0.22503400
       18.059897    -0.040391008    -0.052239514       5.3879609       5.3999547     -0.22210922
       18.575894    -0.044012715    -0.053958634       5.5533187       5.5654432     -0.21785323
       19.091891    -0.047737450    -0.055753174       5.7197699       5.7319366     -0.21226176
       19.607888    -0.051520048    -0.057616721       5.8873571       5.8994712     -0.20534151
       20.123885    -0.055312276    -0.059542061       6.0561234       6.0680842     -0.19711042
       20.639882    -0.059063449    -0.061521227       6.2261118       6.2378138     -0.18759783
       21.155879    -0.062721146    -0.063545560       6.3973655       6.4086989     -0.17684457
       21.671876    -0.066232011    -0.065605781       6.5699274       6.5807793     -0.16490286
       22.187873    -0.069542637    -0.067692081       6.7438407       6.7540958     -0.15183621
       22.703870    -0.072600504    -0.069794213       6.9191481       6.9286903     -0.13771905
       23.219868    -0.075354988    -0.071901604       7.0958926       7.1046054     -0.12263638
       23.735865    -0.077758386    -0.074003472       7.2741167       7.2818852     -0.10668318
       24.251862    -0.079766963    -0.076088958       7.4538629       7.4605747    -0.089963720
       24.767859    -0.081341982    -0.078147259       7.6351736       7.6407201    -0.072590802
       25.283856    -0.082450691    -0.080167768       7.8180912       7.8223688    -0.054684783
       25.799853    -0.083067245    -0.082140224       8.0026578       8.0055697    -0.036372561
       26.315850    -0.083173522    -0.084054854       8.1889159       8.1903727    -0.017786436
       26.831847    -0.082759818    -0.085902521       8.3769078       8.3768293  9.3710559E-004
       27.347844    -0.081825378    -0.087674867       8.5666764       8.5649926     0.019658673
       27.863841    -0.080378749    -0.089364445       8.7582647       8.7549170     0.038237294
       28.379838    -0.078437930    -0.090964851       8.9517163       8.9466586     0.056531763
       28.895835    -0.076030302    -0.092470838       9.1470756       9.1402751     0.074401992
       29.411832    -0.073192329    -0.093878422       9.3443880       9.3358261     0.091710327
       29.927829    -0.069969030    -0.095184972       9.5436997       9.5333729      0.10832283
       30.443826    -0.066413217    -0.096389281       9.7450584       9.7329787      0.12411052
       30.959823    -0.062584524    -0.097491631       9.9485132       9.9347089      0.13895047
       31.475820    -0.058548226    -0.098493827       10.154115       10.138631      0.15272690
       31.991817    -0.054373893    -0.099399230       10.361917       10.344814      0.16533207
       32.507815    -0.050133898     -0.10021276       10.571974       10.553330      0.17666718
       33.023812    -0.045901806     -0.10094090       10.784344       10.764253      0.18664302
       33.539809    -0.041750700     -0.10159168       10.999087       10.977660      0.19518067
       34.055806    -0.037751469     -0.10217464       11.216266       11.193631      0.20221198
       34.571803    -0.033971104     -0.10270081       11.435948       11.412247      0.20768001
       35.087800    -0.030471033     -0.10318266       11.658204       11.633594      0.21153946
       35.603797    -0.027305544     -0.10363409       11.883106       11.857760      0.21375697
       36.119794    -0.024520309     -0.10407036       12.110734       12.084835      0.21431145
       36.635791    -0.022151066     -0.10450806       12.341170       12.314915      0.21319445
       37.151788    -0.020222441     -0.10496513       12.574500       12.548097      0.21041048
       37.667785    -0.018746969     -0.10546080       12.810817       12.784484      0.20597751
       38.183782    -0.017724294     -0.10601560       13.050220       13.024181      0.19992748
       38.699779    -0.017140564     -0.10665145       13.292811       13.267297      0.19230705
       39.215776    -0.016968020     -0.10739160       13.538702       13.513948      0.18317844
       39.731773    -0.017164769     -0.10826079       13.788010       13.764250      0.17262054
       40.247770    -0.017674726     -0.10928530       14.040860       14.018328      0.16073023
       40.763767    -0.018427707     -0.11049311       14.297385       14.276310      0.14762407
       41.279765    -0.019339655     -0.11191405       14.557729       14.538329      0.13344025
       41.795762    -0.020312965     -0.11357999       14.822044       14.804524      0.11834097
       42.311759    -0.021236882     -0.11552511       15.090495       15.075041      0.10251525
       42.827756    -0.021987935     -0.11778619       15.363259       15.350030     0.086182223
       43.343753    -0.022430376     -0.12040292       15.640526       15.629648     0.069595000
       43.859750    -0.022416588     -0.12341833       15.922502       15.914061     0.053045174
       44.375747    -0.021787413     -0.12687924       16.209413       16.203439     0.036868021
       44.891744    -0.020372374     -0.13083678       16.501502       16.497963     0.021448552
       45.407741    -0.017989739     -0.13534699       16.799034       16.797820  7.2284956E-003
       45.923738    -0.014446398     -0.14047155       17.102302       17.103206 -5.2856109E-003
       46.439735 -9.5375045E-003     -0.14627851       17.411625       17.414326    -0.015513050
       46.955732 -3.0458438E-003     -0.15284331       17.727355       17.731395    -0.022788047
       47.471729  5.2591029E-003     -0.16024973       18.049882       18.054639    -0.026347098
       47.987726     0.015622440     -0.16859120       18.379640       18.384294    -0.025314176
       48.503723     0.028305509     -0.17797219       18.717109       18.720606    -0.018683351
       49.019720     0.043587920     -0.18850987       19.062827       19.063838 -5.2983047E-003
       49.535717     0.061769975     -0.20033608       19.417400       19.414260     0.016171974
       50.051714     0.083175429     -0.21359962       19.781506       19.772161     0.047262200
       50.567712      0.10815453     -0.22846905       20.155916       20.137843     0.089745643
       51.083709      0.13708711     -0.24513591       20.541503       20.511623      0.14567631
       51.599706      0.17038554     -0.26381879       20.939267       20.893836      0.21744037

Table series: Data for wavelength : 0.587562 µm.
   Y Angle (deg)       Tan Shift       Sag Shift     Real Height     Ref. Height      Distortion
  --------------  --------------  --------------  --------------  --------------  --------------
      0.00000000     0.026646301     0.026646301      0.00000000      0.00000000      0.00000000
      0.51599706     0.026746941     0.026652350      0.14929804      0.14929881 -5.1521665E-004
       1.0319941     0.027041310     0.026670193      0.29861570      0.29862185 -2.0567581E-003
       1.5479912     0.027524443     0.026698925      0.44797267      0.44799334 -4.6121867E-003
       2.0639882     0.028188127     0.026737051      0.59738880      0.59743755 -8.1608797E-003
       2.5799853     0.029020991     0.026782492      0.74688414      0.74697881    -0.012674157
       3.0959823     0.030008650     0.026832617      0.89647906      0.89664149    -0.018115497
       3.6119794     0.031133871     0.026884261       1.0461943       1.0464501    -0.024440754
       4.1279765     0.032376781     0.026933759       1.1960510       1.1964290    -0.031598469
       4.6439735     0.033715105     0.026976986       1.3460708       1.3466031    -0.039530211
       5.1599706     0.035124438     0.027009393       1.4962760       1.4969971    -0.048170974
       5.6759676     0.036578537     0.027026058       1.6466893       1.6476359    -0.057449613
       6.1919647     0.038049649     0.027021733       1.7973344       1.7985446    -0.067289320
       6.7079617     0.039508851     0.026990901       1.9482353       1.9497485    -0.077608148
       7.2239588     0.040926415     0.026927831       2.0994172       2.1012731    -0.088319562
       7.7399558     0.042272186     0.026826639       2.2509059       2.2531440    -0.099333024
       8.2559529     0.043515976     0.026681350       2.4027279       2.4053871     -0.11055462
       8.7719500     0.044627964     0.026485964       2.5549108       2.5580287     -0.12188767
       9.2879470     0.045579100     0.026234524       2.7074831       2.7110952     -0.13323347
       9.8039441     0.046341520     0.025921177       2.8604740       2.8646131     -0.14449189
       10.319941     0.046888947     0.025540250       3.0139139       3.0186097     -0.15556213
       10.835938     0.047197098     0.025086311       3.1678339       3.1731122     -0.16634346
       11.351935     0.047244075     0.024554240       3.3222662       3.3281482     -0.17673592
       11.867932     0.047010745     0.023939294       3.4772439       3.4837460     -0.18664105
       12.383929     0.046481105     0.023237174       3.6328009       3.6399338     -0.19596271
       12.899926     0.045642618     0.022444084       3.7889721       3.7967405     -0.20460775
       13.415923     0.044486534     0.021556794       3.9457933       3.9541955     -0.21248682
       13.931921     0.043008162     0.020572695       4.1033012       4.1123284     -0.21951509
       14.447918     0.041207122     0.019489850       4.2615332       4.2711695     -0.22561299
       14.963915     0.039087543     0.018307047       4.4205273       4.4307494     -0.23070698
       15.479912     0.036658215     0.017023834       4.5803227       4.5910994     -0.23473017
       15.995909     0.033932684     0.015640561       4.7409589       4.7522514     -0.23762310
       16.511906     0.030929285     0.014158406       4.9024761       4.9142375     -0.23933436
       17.027903     0.027671110     0.012579400       5.0649150       5.0770910     -0.23982117
       17.543900     0.024185896     0.010906434       5.2283170       5.2408453     -0.23905003
       18.059897     0.020505835  9.1432698E-003       5.3927237       5.4055347     -0.23699719
       18.575894     0.016667299  7.2945301E-003       5.5581772       5.5711943     -0.23364915
       19.091891     0.012710471  5.3656822E-003       5.7247198       5.7378597     -0.22900303
       19.607888  8.6788872E-003  3.3630109E-003       5.8923940       5.9055674     -0.22306691
       20.123885  4.6188832E-003  1.2935782E-003       6.0612426       6.0743547     -0.21586005
       20.639882  5.7894465E-004 -8.3482792E-004       6.2313083       6.2442597     -0.20741303
       21.155879 -3.3910291E-003 -3.0137580E-003       6.4026339       6.4153213     -0.19776779
       21.671876 -7.2405472E-003 -5.2341775E-003       6.5752623       6.5875795     -0.18697752
       22.187873    -0.010919423 -7.4865552E-003       6.7492361       6.7610752     -0.17510650
       22.703870    -0.014378735 -9.7609635E-003       6.9245980       6.9358500     -0.16222973
       23.219868    -0.017571825    -0.012047190       7.1013905       7.1119469     -0.14843252
       23.735865    -0.020455335    -0.014334858       7.2796560       7.2894099     -0.13380988
       24.251862    -0.022990239    -0.016613557       7.4594367       7.4682841     -0.11846581
       24.767859    -0.025142850    -0.018872977       7.6407748       7.6486156     -0.10251246
       25.283856    -0.026885788    -0.021103054       7.8237125       7.8304521    -0.086069221
       25.799853    -0.028198861    -0.023294112       8.0082917       8.0138422    -0.069261629
       26.315850    -0.029069836    -0.025437008       8.1945547       8.1988362    -0.052220238
       26.831847    -0.029495083    -0.027523275       8.3825439       8.3854855    -0.035079395
       27.347844    -0.029480042    -0.029545264       8.5723020       8.5738432    -0.017975962
       27.863841    -0.029039511    -0.031496272       8.7638720       8.7639639 -1.0480031E-003
       28.379838    -0.028197725    -0.033370669       8.9572977       8.9559036     0.015566546
       28.895835    -0.026988212    -0.035164005       9.1526235       9.1497202     0.031731199
       29.411832    -0.025453419    -0.036873114       9.3498948       9.3454732     0.047312216
       29.927829    -0.023644116    -0.038496192       9.5491581       9.5432242     0.062179846
       30.443826    -0.021618560    -0.040032869       9.7504614       9.7430363     0.076209501
       30.959823    -0.019441466    -0.041484259       9.9538541       9.9449749     0.089282855
       31.475820    -0.017182777    -0.042852995       10.159387       10.149107      0.10128883
       31.991817    -0.014916272    -0.044143250       10.367115       10.355504      0.11212452
       32.507815    -0.012718048    -0.045360737       10.577091       10.564235      0.12169592
       33.023812    -0.010664891    -0.046512705       10.789376       10.775376      0.12991866
       33.539809 -8.8326104E-003    -0.047607914       11.004028       10.989004      0.13671858
       34.055806 -7.2943349E-003    -0.048656607       11.221113       11.205198      0.14203216
       34.571803 -6.1188438E-003    -0.049670473       11.440697       11.424040      0.14580700
       35.087800 -5.3689530E-003    -0.050662606       11.662852       11.645616      0.14800216
       35.603797 -5.0999970E-003    -0.051647468       11.887650       11.870013      0.14858845
       36.119794 -5.3584404E-003    -0.052640845       12.115172       12.097323      0.14754878
       36.635791 -6.1806416E-003    -0.053659824       12.345501       12.327640      0.14487846
       37.151788 -7.5917925E-003    -0.054722766       12.578723       12.561064      0.14058562
       37.667785 -9.6050536E-003    -0.055849297       12.814932       12.797695      0.13469167
       38.183782    -0.012220883    -0.057060320       13.054227       13.037639      0.12723183
       38.699779    -0.015426580    -0.058378040       13.296713       13.281007      0.11825597
       39.215776    -0.019196019    -0.059826015       13.542499       13.527912      0.10782943
       39.731773    -0.023489590    -0.061429232       13.791705       13.778473     0.096034231
       40.247770    -0.028254310    -0.063214213       14.044457       14.032814     0.082970499
       40.763767    -0.033424106    -0.065209151       14.300889       14.291062     0.068758150
       41.279765    -0.038920230    -0.067444084       14.561144       14.553352     0.053538999
       41.795762    -0.044651798    -0.069951109       14.825377       14.819823     0.037479219
       42.311759    -0.050516418    -0.072764631       15.093753       15.090619     0.020772272
       42.827756    -0.056400868    -0.075921672       15.366451       15.365892  3.6423423E-003
       43.343753    -0.062181818    -0.079462215       15.643663       15.645799    -0.013651652
       43.859750    -0.067726535    -0.083429621       15.925597       15.930506    -0.030811396
       44.375747    -0.072893568    -0.087871098       16.212480       16.220183    -0.047493771
       44.891744    -0.077533364    -0.092838247       16.504557       16.515012    -0.063304592
       45.407741    -0.081488798    -0.098387691       16.802097       16.815178    -0.077791371
       45.923738    -0.084595596     -0.10458178       17.105396       17.120880    -0.090434930
       46.439735    -0.086682622     -0.11148945       17.414777       17.432321     -0.10063969
       46.955732    -0.087572027     -0.11918712       17.730598       17.749718     -0.10772240
       47.471729    -0.087079246     -0.12775983       18.053253       18.073296     -0.11089897
       47.987726    -0.085012875     -0.13730250       18.383182       18.403291     -0.10926911
       48.503723    -0.081174425     -0.14792140       18.720874       18.739951     -0.10179824
       49.019720    -0.075358051     -0.15973589       19.066878       19.083537    -0.087296159
       49.535717    -0.067350317     -0.17288044       19.421808       19.434322    -0.064391699
       50.051714    -0.056930191     -0.18750706       19.786358       19.792593    -0.031502379
       50.567712    -0.043869517     -0.20378814       20.161314       20.158652     0.013202081
       51.083709    -0.027934369     -0.22191995       20.547570       20.532818     0.071844027
       51.599706 -8.8879303E-003     -0.24212678       20.946149       20.915426      0.14689198

Table series: Data for wavelength : 0.656273 µm.
   Y Angle (deg)       Tan Shift       Sag Shift     Real Height     Ref. Height      Distortion
  --------------  --------------  --------------  --------------  --------------  --------------
      0.00000000     0.078578935     0.078578935      0.00000000      0.00000000      0.00000000
      0.51599706     0.078681618     0.078585336      0.14939925      0.14940014 -5.9358231E-004
       1.0319941     0.078983370     0.078604236      0.29881810      0.29882452 -2.1487311E-003
       1.5479912     0.079479189     0.078634722      0.44827620      0.44829739 -4.7267980E-003
       2.0639882     0.080160801     0.078675287      0.59779337      0.59784303 -8.3071101E-003
       2.5799853     0.081016758     0.078723840      0.74738965      0.74748578    -0.012860922
       3.0959823     0.082032571     0.078777730      0.89708538      0.89725004    -0.018351610
       3.6119794     0.083190887     0.078833771       1.0469013       1.0471603    -0.024734921
       4.1279765     0.084471697     0.078888272       1.1968584       1.1972410    -0.031959273
       4.6439735     0.085852575     0.078937080       1.3469785       1.3475171    -0.039966101
       5.1599706     0.087308953     0.078975617       1.4972837       1.4980131    -0.048690256
       5.6759676     0.088814417     0.078998928       1.6477969       1.6487541    -0.058060446
       6.1919647     0.090341038     0.079001732       1.7985414       1.7997653    -0.067999718
       6.7079617     0.091859712     0.078978477       1.9495416       1.9510718    -0.078425981
       7.2239588     0.093340533     0.078923396       2.1008225       2.1026992    -0.089252562
       7.7399558     0.094753170     0.078830570       2.2524097       2.2546732     -0.10038880
       8.2559529     0.096067266     0.078693992       2.4043301       2.4070197     -0.11174066
       8.7719500     0.097252839     0.078507628       2.5566109       2.5597649     -0.12321140
       9.2879470     0.098280693     0.078265487       2.7092808       2.7129352     -0.13470222
       9.8039441     0.099122827     0.077961691       2.8623689       2.8665573     -0.14611296
       10.319941     0.099752845     0.077590537       3.0159056       3.0206584     -0.15734282
       10.835938      0.10014636     0.077146569       3.1699220       3.1752657     -0.16829110
       11.351935      0.10028139     0.076624648       3.3244503       3.3304070     -0.17885788
       11.867932      0.10013873     0.076020013       3.4795235       3.4861104     -0.18894484
       12.383929     0.099702337     0.075328350       3.6351756       3.6424042     -0.19845597
       12.899926     0.098959626     0.074545855       3.7914414       3.7993173     -0.20729832
       13.415923     0.097901826     0.073669289       3.9483567       3.9568792     -0.21538278
       13.931921     0.096524235     0.072696042       4.1059581       4.1151194     -0.22262481
       14.447918     0.094826465     0.071624176       4.2642830       4.2740683     -0.22894517
       14.963915     0.092812637     0.070452482       4.4233695       4.4337565     -0.23427069
       15.479912     0.090491530     0.069180515       4.5832566       4.5942154     -0.23853490
       15.995909     0.087876662     0.067808630       4.7439837       4.7554767     -0.24167882
       16.511906     0.084986325     0.066338017       4.9055911       4.9175728     -0.24365149
       17.027903     0.081843532     0.064770711       5.0681194       5.0805368     -0.24441070
       17.543900     0.078475904     0.063109614       5.2316099       5.2444022     -0.24392346
       18.059897     0.074915464     0.061358493       5.3961041       5.4092034     -0.24216661
       18.575894     0.071198352     0.059521972       5.5616441       5.5749754     -0.23912719
       19.091891     0.067364443     0.057605515       5.7282721       5.7417539     -0.23480290
       19.607888     0.063456878     0.055615400       5.8960306       5.9095755     -0.22920237
       20.123885     0.059521495     0.053558672       6.0649621       6.0784773     -0.22234537
       20.639882     0.055606170     0.051443093       6.2351094       6.2484976     -0.21426296
       21.155879     0.051760068     0.049277076       6.4065152       6.4196754     -0.20499750
       21.671876     0.048032810     0.047069606       6.5792222       6.5920505     -0.19460255
       22.187873     0.044473569     0.044830150       6.7532730       6.7656639     -0.18314264
       22.703870     0.041130105     0.042568558       6.9287103       6.9405573     -0.17069295
       23.219868     0.038047755     0.040294944       7.1055763       7.1167738     -0.15733884
       23.735865     0.035268404     0.038019571       7.2839135       7.2943572     -0.14317523
       24.251862     0.032829453     0.035752716       7.4637640       7.4733528     -0.12830590
       24.767859     0.030762813     0.033504534       7.6451699       7.6538067     -0.11284266
       25.283856     0.029093952     0.031284917       7.8281733       7.8357665    -0.096904336
       25.799853     0.027841030     0.029103347       8.0128163       8.0192812    -0.080615765
       26.315850     0.027014140     0.026968752       8.1991411       8.2044007    -0.064106620
       26.831847     0.026614694     0.024889365       8.3871900       8.3911767    -0.047510188
       27.347844     0.026634975     0.022872585       8.5770058       8.5796623    -0.030962097
       27.863841     0.027057882     0.020924845       8.7686316       8.7699119    -0.014599006
       28.379838     0.027856886     0.019051495       8.9621112       8.9619819  1.4427178E-003
       28.895835     0.028996201     0.017256687       9.1574891       9.1559300     0.017028313
       29.411832     0.030431195     0.015543281       9.3548110       9.3518160     0.032025898
       29.927829     0.032109029     0.013912768       9.5541233       9.5497011     0.046307708
       30.443826     0.033969513     0.012365199       9.7554744       9.7496488     0.059751243
       30.959823     0.035946177     0.010899139       9.9589137       9.9517245     0.072240349
       31.475820     0.037967528  9.5116355E-003       10.164493       10.155996     0.083666192
       31.991817     0.039958466  8.1982014E-003       10.372265       10.362532     0.093928129
       32.507815     0.041841828  6.9528134E-003       10.582287       10.571405      0.10293447
       33.023812     0.043540022  5.7679245E-003       10.794616       10.782690      0.11060316
       33.539809     0.044976720  4.6344868E-003       11.009313       10.996462      0.11686229
       34.055806     0.046078550  3.5419841E-003       11.226443       11.212803      0.12165061
       34.571803     0.046776777  2.4784695E-003       11.446074       11.431794      0.12491795
       35.087800     0.047008900  1.4306077E-003       11.668276       11.653520      0.12662548
       35.603797     0.046720166  3.8371582E-004       11.893124       11.878069      0.12674613
       36.119794     0.045864934 -6.7819840E-004       12.120697       12.105533      0.12526480
       36.635791     0.044407891 -1.7724054E-003       12.351079       12.336007      0.12217879
       37.151788     0.042325084 -2.9174327E-003       12.584358       12.569589      0.11749812
       37.667785     0.039604752 -4.1330574E-003       12.820627       12.806381      0.11124604
       38.183782     0.036247965 -5.4403151E-003       13.059986       13.046488      0.10345964
       38.699779     0.032269039 -6.8615300E-003       13.302539       13.290021     0.094190566
       39.215776     0.027695760 -8.4203671E-003       13.548398       13.537094     0.083506020
       39.731773     0.022569408    -0.010141910       13.797682       13.787825     0.071489916
       40.247770     0.016944596    -0.012052773       14.050517       14.042338     0.058244342
       40.763767     0.010888942    -0.014181239       14.307038       14.300762     0.043891328
       41.279765  4.4826112E-003    -0.016557437       14.567391       14.563230     0.028574969
       41.795762 -2.1822708E-003    -0.019213561       14.831729       14.829881     0.012463956
       42.311759 -9.0022918E-003    -0.022184130       15.100220       15.100861 -4.2454364E-003
       42.827756    -0.015863484    -0.025506290       15.373041       15.376320    -0.021325845
       43.343753    -0.022642089    -0.029220184       15.650388       15.656418    -0.038514727
       43.859750    -0.029205318    -0.033369358       15.932469       15.941318    -0.055509607
       44.375747    -0.035412095    -0.038001253       16.219511       16.231192    -0.071962569
       44.891744    -0.041113725    -0.043167754       16.511764       16.526220    -0.087473870
       45.407741    -0.046154500    -0.048925830       16.809497       16.826591     -0.10158457
       45.923738    -0.050372190    -0.055338267       17.113008       17.132499     -0.11376800
       46.439735    -0.053598423    -0.062474504       17.422623       17.444152     -0.12341983
       46.955732    -0.055658938    -0.070411610       17.738702       17.761765     -0.12984661
       47.471729    -0.056373712    -0.079235392       18.061644       18.085562     -0.13225233
       47.987726    -0.055556996    -0.089041699       18.391892       18.415781     -0.12972275
       48.503723    -0.053017270    -0.099937929       18.729940       18.752670     -0.12120692
       49.019720    -0.048557229     -0.11204480       19.076343       19.096489     -0.10549538
       49.535717    -0.041973877     -0.12549841       19.431721       19.447512    -0.081194244
       50.051714    -0.033058960     -0.14045277       19.796778       19.806026    -0.046694124
       50.567712    -0.021600004     -0.15708265       20.172307       20.172334 -1.3276295E-004
       51.083709 -7.3824373E-003     -0.17558722       20.559216       20.546754     0.060650382
       51.599706  9.8065087E-003     -0.19619429       20.958540       20.929621      0.13816971
