Results for:	
File:	C:\Users\User\OneDrive - Massachusetts Institute of Technology\Documents\MIT\Grad School\Classes\2.156\Lens Project\Prime Lenses\US02622478-1.zmx
Title:	
Date:	11/7/2025 5:42:53 PM

0 message(s) in output.
3 series table(s) in output.

Table series: Data for wavelength : 0.486133 µm.
   Y Angle (deg)       Tan Shift       Sag Shift     Real Height     Ref. Height      Distortion
  --------------  --------------  --------------  --------------  --------------  --------------
      0.00000000    -0.013661992    -0.013661992      0.00000000      0.00000000      0.00000000
      0.27000000    -0.013734098    -0.013721137      0.11922368      0.11922362  4.9745172E-005
      0.54000000    -0.013953582    -0.013898497      0.23845291      0.23845254  1.5778574E-004
      0.81000000    -0.014320198    -0.014193853      0.35769325      0.35769204  3.3717583E-004
       1.0800000    -0.014833536    -0.014606836      0.47695024      0.47694744  5.8687361E-004
       1.3500000    -0.015493019    -0.015136932      0.59622943      0.59622403  9.0544508E-004
       1.6200000    -0.016297907    -0.015783478      0.71553635      0.71552711  1.2910343E-003
       1.8900000    -0.017247297    -0.016545662      0.83487654      0.83486200  1.7413679E-003
       2.1600000    -0.018340116    -0.017422522      0.95425551      0.95423401  2.2537522E-003
       2.4300000    -0.019575129    -0.018412948       1.0736788       1.0736485  2.8250691E-003
       2.7000000    -0.020950934    -0.019515676       1.1931519       1.1931107  3.4517728E-003
       2.9700000    -0.022465963    -0.020729291       1.3126802       1.3126260  4.1298842E-003
       3.2400000    -0.024118480    -0.022052224       1.4322693       1.4321998  4.8549864E-003
       3.5100000    -0.025906583    -0.023482749       1.5519246       1.5518374  5.6222183E-003
       3.7800000    -0.027828201    -0.025018985       1.6716516       1.6715442  6.4262683E-003
       4.0500000    -0.029881096    -0.026658891       1.7914556       1.7913255  7.2613675E-003
       4.3200000    -0.032062860    -0.028400266       1.9113420       1.9111868  8.1212819E-003
       4.5900000    -0.034370915    -0.030240744       2.0313163       2.0311335  8.9993041E-003
       4.8600000    -0.036802514    -0.032177795       2.1513837       2.1511709  9.8882445E-003
       5.1300000    -0.039354738    -0.034208723       2.2715495       2.2713046     0.010780422
       5.4000000    -0.042024495    -0.036330658       2.3918191       2.3915400     0.011667654
       5.6700000    -0.044808522    -0.038540560       2.5121976       2.5118826     0.012541245
       5.9400000    -0.047703382    -0.040835210       2.6326903       2.6323378     0.013391976
       6.2100000    -0.050705464    -0.043211211       2.7533024       2.7529112     0.014210091
       6.4800000    -0.053810982    -0.045664985       2.8740389       2.8736083     0.014985287
       6.7500000    -0.057015973    -0.048192764       2.9949050       2.9944347     0.015706698
       7.0200000    -0.060316298    -0.050790594       3.1159057       3.1153959     0.016362882
       7.2900000    -0.063707640    -0.053454323       3.2370459       3.2364976     0.016941805
       7.5600000    -0.067185504    -0.056179603       3.3583307       3.3577454     0.017430828
       7.8300000    -0.070745216    -0.058961883       3.4797648       3.4791450     0.017816688
       8.1000000    -0.074381922    -0.061796405       3.6013532       3.6007020     0.018085482
       8.3700000    -0.078090586    -0.064678199       3.7231005       3.7224221     0.018222650
       8.6400000    -0.081865991    -0.067602076       3.8450114       3.8443112     0.018212953
       8.9100000    -0.085702740    -0.070562627       3.9670905       3.9663750     0.018040461
       9.1800000    -0.089595251    -0.073554213       4.0893424       4.0886192     0.017688522
       9.4500000    -0.093537761    -0.076570961       4.2117716       4.2110498     0.017139753
       9.7200000    -0.097524324    -0.079606759       4.3343823       4.3336726     0.016376008
       9.9900000     -0.10154881    -0.082655247       4.4571788       4.4564935     0.015378361
       10.260000     -0.10560491    -0.085709812       4.5801654       4.5795185     0.014127082
       10.530000     -0.10968612    -0.088763581       4.7033461       4.7027535     0.012601611
       10.800000     -0.11378577    -0.091809413       4.8267249       4.8262046     0.010780535
       11.070000     -0.11789701    -0.094839891       4.9503057       4.9498779  8.6415577E-003
       11.340000     -0.12201279    -0.097847315       5.0740921       5.0737795  6.1614796E-003
       11.610000     -0.12612591     -0.10082369       5.1980878       5.1979154  3.3161646E-003
       11.880000     -0.13022897     -0.10376073       5.3222962       5.3222920  8.0514011E-005
       12.150000     -0.13431442     -0.10664983       5.4467208       5.4469154 -3.5715630E-003
       12.420000     -0.13837452     -0.10948207       5.5713647       5.5717919 -7.6671795E-003
       12.690000     -0.14240140     -0.11224820       5.6962309       5.6969279    -0.012234502
       12.960000     -0.14638700     -0.11493863       5.8213223       5.8223297    -0.017302780
       13.230000     -0.15032311     -0.11754342       5.9466416       5.9480039    -0.022902382
       13.500000     -0.15420141     -0.12005227       6.0721914       6.0739568    -0.029064824
       13.770000     -0.15801340     -0.12245451       6.1979739       6.2001950    -0.035822806
       14.040000     -0.16175050     -0.12473909       6.3239914       6.3267251    -0.043210245
       14.310000     -0.16540401     -0.12689455       6.4502456       6.4535539    -0.051262301
       14.580000     -0.16896511     -0.12890903       6.5767384       6.5806878    -0.060015428
       14.850000     -0.17242495     -0.13077024       6.7034712       6.7081339    -0.069507396
       15.120000     -0.17577459     -0.13246546       6.8304453       6.8358988    -0.079777328
       15.390000     -0.17900510     -0.13398153       6.9576616       6.9639895    -0.090865735
       15.660000     -0.18210752     -0.13530481       7.0851209       7.0924129     -0.10281455
       15.930000     -0.18507295     -0.13642117       7.2128236       7.2211761     -0.11566716
       16.200000     -0.18789258     -0.13731601       7.3407698       7.3502861     -0.12946842
       16.470000     -0.19055771     -0.13797420       7.4689595       7.4797502     -0.14426473
       16.740000     -0.19305986     -0.13838009       7.5973922       7.6095754     -0.16010400
       17.010000     -0.19539077     -0.13851748       7.7260671       7.7397693     -0.17703574
       17.280000     -0.19754255     -0.13836961       7.8549831       7.8703390     -0.19511102
       17.550000     -0.19950774     -0.13791916       7.9841388       8.0012921     -0.21438253
       17.820000     -0.20127942     -0.13714818       8.1135323       8.1326362     -0.23490457
       18.090000     -0.20285136     -0.13603813       8.2431614       8.2643788     -0.25673308
       18.360000     -0.20421818     -0.13456985       8.3730235       8.3965276     -0.27992561
       18.630000     -0.20537551     -0.13272351       8.5031157       8.5290903     -0.30454132
       18.900000     -0.20632027     -0.13047864       8.6334346       8.6620750     -0.33064095
       19.170000     -0.20705087     -0.12781407       8.7639764       8.7954895     -0.35828683
       19.440000     -0.20756763     -0.12470796       8.8947368       8.9293418     -0.38754273
       19.710000     -0.20787308     -0.12113778       9.0257111       9.0636401     -0.41847389
       19.980000     -0.20797250     -0.11708024       9.1568944       9.1983926     -0.45114685
       20.250000     -0.20787448     -0.11251139       9.2882810       9.3336077     -0.48562935
       20.520000     -0.20759164     -0.10740652       9.4198650       9.4692937     -0.52199015
       20.790000     -0.20714148     -0.10174023       9.5516400       9.6054593     -0.56029883
       21.060000     -0.20654748    -0.095486389       9.6835993       9.7421129     -0.60062549
       21.330000     -0.20584043    -0.088618201       9.8157357       9.8792634     -0.64304047
       21.600000     -0.20506008    -0.081108202       9.9480418       10.016920     -0.68761381
       21.870000     -0.20425723    -0.072928322       10.080510       10.155090     -0.73441484
       22.140000     -0.20349641    -0.064049944       10.213132       10.293785     -0.78351140
       22.410000     -0.20285923    -0.054443998       10.345900       10.433012     -0.83496903
       22.680000     -0.20244870    -0.044081082       10.478806       10.572782     -0.88884986
       22.950000     -0.20239490    -0.032931633       10.611841       10.713103     -0.94521126
       23.220000     -0.20286231    -0.020966150       10.745000       10.853985      -1.0041041
       23.490000     -0.20405959 -8.1554980E-003       10.878274       10.995438      -1.0655703
       23.760000     -0.20625266  5.5286775E-003       11.011658       11.137472      -1.1296403
       24.030000     -0.20978249     0.020113400       11.145149       11.280096      -1.1963287
       24.300000     -0.21508951     0.035623601       11.278744       11.423321      -1.2656296
       24.570000     -0.22274800     0.052081082       11.412444       11.567156      -1.3375094
       24.840000     -0.23351497     0.069503060       11.546257       11.711613      -1.4118979
       25.110000     -0.24840142     0.087900119       11.680193       11.856701      -1.4886751
       25.380000     -0.26877876      0.10727327       11.814275       12.002432      -1.5676532
       25.650000     -0.29654177      0.12760963       11.948536       12.148815      -1.6485505
       25.920000     -0.33436662      0.14887593       12.083027       12.295863      -1.7309524
       26.190000     -0.38613480      0.17100846       12.217828       12.443586      -1.8142525
       26.460000     -0.45766163      0.19389693       12.353054       12.591995      -1.8975587
       26.730000     -0.55801872      0.21735736       12.488887       12.741102      -1.9795378
       27.000000     -0.70210509      0.24108397       12.625604       12.890918      -2.0581419

Table series: Data for wavelength : 0.587562 µm.
   Y Angle (deg)       Tan Shift       Sag Shift     Real Height     Ref. Height      Distortion
  --------------  --------------  --------------  --------------  --------------  --------------
      0.00000000     0.041536938     0.041536938      0.00000000      0.00000000      0.00000000
      0.27000000     0.041459197     0.041474105      0.11916589      0.11916584  4.2484953E-005
      0.54000000     0.041222192     0.041285677      0.23833737      0.23833696  1.6968203E-004
      0.81000000     0.040826161     0.040971871      0.35752004      0.35751868  3.8099537E-004
       1.0800000     0.040271499     0.040533046      0.47671949      0.47671627  6.7547215E-004
       1.3500000     0.039558760     0.039969706      0.59594132      0.59593505  1.0516993E-003
       1.6200000     0.038688656     0.039282501      0.71519109      0.71518031  1.5078832E-003
       1.8900000     0.037662058     0.038472226      0.83447440      0.83445736  2.0418264E-003
       2.1600000     0.036479997     0.037539821      0.95379679      0.95377151  2.6509255E-003
       2.4300000     0.035143662     0.036486375       1.0731638       1.0731281  3.3321667E-003
       2.7000000     0.033654402     0.035313124       1.1925811       1.1925324  4.0821226E-003
       2.9700000     0.032013727     0.034021453       1.3120540       1.3119898  4.8969473E-003
       3.2400000     0.030223307     0.032612899       1.4315883       1.4315056  5.7723711E-003
       3.5100000     0.028284971     0.031089150       1.5511892       1.5510852  6.7036950E-003
       3.7800000     0.026200713     0.029452049       1.6708624       1.6707340  7.6857846E-003
       4.0500000     0.023972685     0.027703593       1.7906133       1.7904573  8.7130628E-003
       4.3200000     0.021603204     0.025845937       1.9104473       1.9102605  9.7795030E-003
       4.5900000     0.019094749     0.023881397       2.0303699       2.0301490     0.010878620
       4.8600000     0.016449964     0.021812447       2.1503864       2.1501283     0.012003464
       5.1300000     0.013671655     0.019641730       2.2705022       2.2702038     0.013146607
       5.4000000     0.010762795     0.017372052       2.3907227       2.3903809     0.014300138
       5.6700000  7.7265217E-003     0.015006389       2.5110532       2.5106651     0.015455647
       5.9400000  4.5661397E-003     0.012547891       2.6314988       2.6310619     0.016604221
       6.2100000  1.2851207E-003  9.9998818E-003       2.7520649       2.7515769     0.017736424
       6.4800000 -2.1128956E-003  7.3658645E-003       2.8727567       2.8722155     0.018842291
       6.7500000 -5.6241010E-003  4.6495245E-003       2.9935793       2.9929833     0.019911313
       7.0200000 -9.2445173E-003  1.8547328E-003       3.1145377       3.1138859     0.020932422
       7.2900000    -0.012969997 -1.0144498E-003       3.2356372       3.2349289     0.021893978
       7.5600000    -0.016796219 -3.9537687E-003       3.3568826       3.3561180     0.022783752
       7.8300000    -0.020718694 -6.9587713E-003       3.4782790       3.4774587     0.023588913
       8.1000000    -0.024732758    -0.010024802       3.5998312       3.5989568     0.024296009
       8.3700000    -0.028833574    -0.013146999       3.7215441       3.7206180     0.024890949
       8.6400000    -0.033016130    -0.016320287       3.8434224       3.8424479     0.025358989
       8.9100000    -0.037275243    -0.019539374       3.9654708       3.9644525     0.025684706
       9.1800000    -0.041605552    -0.022798744       4.0876940       4.0866375     0.025851988
       9.4500000    -0.046001521    -0.026092653       4.2100966       4.2090088     0.025844002
       9.7200000    -0.050457440    -0.029415122       4.3326829       4.3315721     0.025643183
       9.9900000    -0.054967423    -0.032759932       4.4554574       4.4543335     0.025231205
       10.260000    -0.059525407    -0.036120615       4.5784244       4.5772989     0.024588962
       10.530000    -0.064125155    -0.039490449       4.7015880       4.7004742     0.023696542
       10.800000    -0.068760254    -0.042862452       4.8249525       4.8238655     0.022533202
       11.070000    -0.073424119    -0.046229369       4.9485216       4.9474788     0.021077345
       11.340000    -0.078109990    -0.049583673       5.0722994       5.0713203     0.019306491
       11.610000    -0.082810937    -0.052917548       5.1962895       5.1953961     0.017197253
       11.880000    -0.087519859    -0.056222886       5.3204957       5.3197124     0.014725303
       12.150000    -0.092229490    -0.059491276       5.4449213       5.4442753     0.011865350
       12.420000    -0.096932398    -0.062713997       5.5695698       5.5690913  8.5911082E-003
       12.690000     -0.10162099    -0.065882004       5.6944443       5.6941667  4.8752630E-003
       12.960000     -0.10628753    -0.068985923       5.8195479       5.8195078  6.8944428E-004
       13.230000     -0.11092411    -0.072016036       5.9448834       5.9451210 -3.9958077E-003
       13.500000     -0.11552269    -0.074962275       6.0704536       6.0710129 -9.2110744E-003
       13.770000     -0.12007511    -0.077814204       6.1962611       6.1971899    -0.014988092
       14.040000     -0.12457306    -0.080561016       6.3223080       6.3236587    -0.021359789
       14.310000     -0.12900813    -0.083191512       6.4485966       6.4504259    -0.028360308
       14.580000     -0.13337180    -0.085694096       6.5751288       6.5774983    -0.036025057
       14.850000     -0.13765548    -0.088056754       6.7019062       6.7048826    -0.044390735
       15.120000     -0.14185050    -0.090267050       6.8289305       6.8325856    -0.053495367
       15.390000     -0.14594815    -0.092312102       6.9562027       6.9606142    -0.063378342
       15.660000     -0.14993971    -0.094178576       7.0837238       7.0889754    -0.074080447
       15.930000     -0.15381645    -0.095852663       7.2114946       7.2176761    -0.085643893
       16.200000     -0.15756971    -0.097320072       7.3395155       7.3467236    -0.098112361
       16.470000     -0.16119091    -0.098566008       7.4677867       7.4761249     -0.11153103
       16.740000     -0.16467161    -0.099575156       7.5963079       7.6058872     -0.12594659
       17.010000     -0.16800357     -0.10033167       7.7250787       7.7360180     -0.14140730
       17.280000     -0.17117880     -0.10081914       7.8540982       7.8665244     -0.15796300
       17.550000     -0.17418968     -0.10102061       7.9833654       7.9974141     -0.17566513
       17.820000     -0.17702902     -0.10091851       8.1128787       8.1286945     -0.19456674
       18.090000     -0.17969018     -0.10049468       8.2426363       8.2603732     -0.21472252
       18.360000     -0.18216723    -0.099730345       8.3726359       8.3924579     -0.23618879
       18.630000     -0.18445507    -0.098606068       8.5028748       8.5249565     -0.25902352
       18.900000     -0.18654966    -0.097101770       8.6333501       8.6578767     -0.28328630
       19.170000     -0.18844825    -0.095196696       8.7640582       8.7912265     -0.30903831
       19.440000     -0.19014960    -0.092869399       8.8949953       8.9250139     -0.33634231
       19.710000     -0.19165438    -0.090097731       9.0261571       9.0592471     -0.36526257
       19.980000     -0.19296556    -0.086858825       9.1575388       9.1939344     -0.39586477
       20.250000     -0.19408887    -0.083129087       9.2891353       9.3290839     -0.42821594
       20.520000     -0.19503341    -0.078884191       9.4209409       9.4647042     -0.46238430
       20.790000     -0.19581240    -0.074099073       9.5529495       9.6008037     -0.49843910
       21.060000     -0.19644405    -0.068747934       9.6851548       9.7373911     -0.53645038
       21.330000     -0.19695270    -0.062804251       9.8175499       9.8744751     -0.57648871
       21.600000     -0.19737020    -0.056240795       9.9501274       10.012065     -0.61862482
       21.870000     -0.19773761    -0.049029662       10.082880       10.150168     -0.66292918
       22.140000     -0.19810747    -0.041142319       10.215800       10.288796     -0.70947138
       22.410000     -0.19854648    -0.032549670       10.348878       10.427955     -0.75831950
       22.680000     -0.19913912    -0.023222149       10.482108       10.567657     -0.80953914
       22.950000     -0.19999224    -0.013129849       10.615481       10.707910     -0.86319232
       23.220000     -0.20124100 -2.2426928E-003       10.748988       10.848724     -0.91933604
       23.490000     -0.20305676  9.4693278E-003       10.882623       10.990109     -0.97802037
       23.760000     -0.20565755     0.022035837       11.016380       11.132074      -1.0392861
       24.030000     -0.20932220     0.035485643       11.150251       11.274629      -1.1031616
       24.300000     -0.21440955     0.049846148       11.284235       11.417784      -1.1696588
       24.570000     -0.22138519     0.065142546       11.418329       11.561550      -1.2387673
       24.840000     -0.23085916     0.081396707       11.552536       11.705936      -1.3104476
       25.110000     -0.24364004     0.098625611       11.686864       11.850954      -1.3846207
       25.380000     -0.26081451      0.11683913       11.821325       11.996614      -1.4611537
       25.650000     -0.28386714      0.13603680       11.955945       12.142927      -1.5398405
       25.920000     -0.31486589      0.15620305       12.090761       12.289903      -1.6203720
       26.190000     -0.35675955      0.17729997       12.225831       12.437554      -1.7022930
       26.460000     -0.41387329      0.19925592       12.361242       12.585892      -1.7849343
       26.730000     -0.49277553      0.22194702       12.497126       12.734926      -1.8673053
       27.000000     -0.60388534      0.24516548       12.633688       12.884670      -1.9479102

Table series: Data for wavelength : 0.656273 µm.
   Y Angle (deg)       Tan Shift       Sag Shift     Real Height     Ref. Height      Distortion
  --------------  --------------  --------------  --------------  --------------  --------------
      0.00000000     0.082572570     0.082572570      0.00000000      0.00000000      0.00000000
      0.27000000     0.082492709     0.082508286      0.11912840      0.11912823  1.3963473E-004
      0.54000000     0.082249101     0.082315504      0.23826241      0.23826176  2.7358991E-004
      0.81000000     0.081841979     0.081994439      0.35740764      0.35740586  4.9615613E-004
       1.0800000     0.081271733     0.081545448      0.47656969      0.47656585  8.0643501E-004
       1.3500000     0.080538906     0.080969031      0.59575417      0.59574701  1.2030133E-003
       1.6200000     0.079644201     0.080265832      0.71496668      0.71495464  1.6841229E-003
       1.8900000     0.078588476     0.079436640      0.83421280      0.83419405  2.2475980E-003
       2.1600000     0.077372743     0.078482388      0.95349811      0.95347055  2.8908721E-003
       2.4300000     0.075998175     0.077404155       1.0728282       1.0727895  3.6109747E-003
       2.7000000     0.074466099     0.076203167       1.1922086       1.1921561  4.4045272E-003
       2.9700000     0.072778001     0.074880800       1.3116449       1.3115758  5.2677386E-003
       3.2400000     0.070935524     0.073438578       1.4311426       1.4310539  6.1964000E-003
       3.5100000     0.068940469     0.071878174       1.5507072       1.5505958  7.1858796E-003
       3.7800000     0.066794797     0.070201417       1.6703443       1.6702068  8.2311159E-003
       4.0500000     0.064500627     0.068410289       1.7900593       1.7898923  9.3266114E-003
       4.3200000     0.062060239     0.066506926       1.9098576       1.9096577     0.010466425
       4.5900000     0.059476072     0.064493625       2.0297447       2.0295084     0.011644164
       4.8600000     0.056750727     0.062372843       2.1497261       2.1494498     0.012852977
       5.1300000     0.053886966     0.060147197       2.2698071       2.2694874     0.014085541
       5.4000000     0.050887713     0.057819473       2.3899930       2.3896266     0.015334057
       5.6700000     0.047756056     0.055392623       2.5102893       2.5098729     0.016590236
       5.9400000     0.044495244     0.052869770       2.6307011       2.6302317     0.017845288
       6.2100000     0.041108693     0.050254211       2.7512338       2.7507087     0.019089913
       6.4800000     0.037599984     0.047549420       2.8718925       2.8713092     0.020314285
       6.7500000     0.033972861     0.044759052       2.9926824       2.9920389     0.021508043
       7.0200000     0.030231238     0.041886947       3.1136088       3.1129034     0.022660276
       7.2900000     0.026379193     0.038937131       3.2346765       3.2339082     0.023759505
       7.5600000     0.022420975     0.035913823       3.3558908       3.3550590     0.024793674
       7.8300000     0.018360999     0.032821440       3.4772566       3.4763614     0.025750132
       8.1000000     0.014203851     0.029664598       3.5987787       3.5978212     0.026615613
       8.3700000  9.9542866E-003     0.026448117       3.7204622       3.7194439     0.027376225
       8.6400000  5.6172319E-003     0.023177031       3.8423117       3.8412355     0.028017426
       8.9100000  1.1977845E-003     0.019856588       3.9643320       3.9632016     0.028524012
       9.1800000 -3.2987865E-003     0.016492255       4.0865279       4.0853480     0.028880088
       9.4500000 -7.8670403E-003     0.013089728       4.2089038       4.2076806     0.029069059
       9.7200000    -0.012501363  9.6549360E-003       4.3314643       4.3302053     0.029073599
       9.9900000    -0.017195969  6.1940445E-003       4.4542138       4.4529280     0.028875635
       10.260000    -0.021944901  2.7134659E-003       4.5771566       4.5758545     0.028456323
       10.530000    -0.026742027 -7.8013583E-004       4.7002971       4.6989910     0.027796023
       10.800000    -0.031581045 -4.2798373E-003       4.8236393       4.8223433     0.026874275
       11.070000    -0.036455483 -7.7784487E-003       4.9471873       4.9459177     0.025669775
       11.340000    -0.041358698    -0.011268506       5.0709449       5.0697201     0.024160347
       11.610000    -0.046283876    -0.014742262       5.1949161       5.1937567     0.022322919
       11.880000    -0.051224041    -0.018191680       5.3191044       5.3180337     0.020133491
       12.150000    -0.056172048    -0.021608422       5.4435135       5.4425574     0.017567111
       12.420000    -0.061120594    -0.024983843       5.5681468       5.5673340     0.014597840
       12.690000    -0.066062214    -0.028308979       5.6930074       5.6923699     0.011198727
       12.960000    -0.070989293    -0.031574536       5.8180986       5.8176714  7.3417767E-003
       13.230000    -0.075894066    -0.034770883       5.9434232       5.9432450  2.9979142E-003
       13.500000    -0.080768624    -0.037888040       6.0689841       6.0690972 -1.8630432E-003
       13.770000    -0.085604925    -0.040915666       6.1947839       6.1952344 -7.2724210E-003
       14.040000    -0.090394800    -0.043843047       6.3208249       6.3216633    -0.013262723
       14.310000    -0.095129967    -0.046659085       6.4471094       6.4483905    -0.019867658
       14.580000    -0.099802039    -0.049352284       6.5736394       6.5754228    -0.027122185
       14.850000     -0.10440254    -0.051910741       6.7004167       6.7027669    -0.035062542
       15.120000     -0.10892292    -0.054322126       6.8274429       6.8304296    -0.043726283
       15.390000     -0.11335459    -0.056573674       6.9547192       6.9584178    -0.053152311
       15.660000     -0.11768893    -0.058652167       7.0822468       7.0867385    -0.063380914
       15.930000     -0.12191730    -0.060543921       7.2100265       7.2153986    -0.074453805
       16.200000     -0.12603113    -0.062234768       7.3380588       7.3444054    -0.086414139
       16.470000     -0.13002191    -0.063710042       7.4663439       7.4737658    -0.099306567
       16.740000     -0.13388123    -0.064954566       7.5948818       7.6034872     -0.11317725
       17.010000     -0.13760088    -0.065952626       7.7236722       7.7335769     -0.12807391
       17.280000     -0.14117288    -0.066687965       7.8527144       7.8640422     -0.14404583
       17.550000     -0.14458956    -0.067143757       7.9820073       7.9948905     -0.16114389
       17.820000     -0.14784365    -0.067302593       8.1115495       8.1261295     -0.17942059
       18.090000     -0.15092840    -0.067146462       8.2413395       8.2577667     -0.19893006
       18.360000     -0.15383768    -0.066656737       8.3713750       8.3898097     -0.21972809
       18.630000     -0.15656615    -0.065814148       8.5016535       8.5222665     -0.24187209
       18.900000     -0.15910943    -0.064598776       8.6321721       8.6551447     -0.26542111
       19.170000     -0.16146432    -0.062990025       8.7629276       8.7884524     -0.29043584
       19.440000     -0.16362905    -0.060966612       8.8939162       8.9221977     -0.31697854
       19.710000     -0.16560357    -0.058506551       9.0251338       9.0563885     -0.34511300
       19.980000     -0.16738999    -0.055587136       9.1565757       9.1910333     -0.37490451
       20.250000     -0.16899294    -0.052184933       9.2882369       9.3261402     -0.40641972
       20.520000     -0.17042019    -0.048275768       9.4201119       9.4617176     -0.43972655
       20.790000     -0.17168330    -0.043834724       9.5521949       9.5977742     -0.47489404
       21.060000     -0.17279847    -0.038836138       9.6844796       9.7343185     -0.51199210
       21.330000     -0.17378752    -0.033253610       9.8169590       9.8713592     -0.55109133
       21.600000     -0.17467923    -0.027060016       9.9496263       10.008905     -0.59226262
       21.870000     -0.17551086    -0.020227530       10.082474       10.146966     -0.63557679
       22.140000     -0.17633025    -0.012727668       10.215494       10.285549     -0.68110407
       22.410000     -0.17719826 -4.5313423E-003       10.348678       10.424665     -0.72891343
       22.680000     -0.17819212  4.3910591E-003       10.482019       10.564323     -0.77907175
       22.950000     -0.17940953     0.014069558       10.615508       10.704532     -0.83164284
       23.220000     -0.18097415     0.024534431       10.749137       10.845301     -0.88668602
       23.490000     -0.18304272     0.035816008       10.882899       10.986641     -0.94425451
       23.760000     -0.18581451     0.047944378       11.016786       11.128561      -1.0043932
       24.030000     -0.18954405     0.060949015       11.150793       11.271071      -1.0671357
       24.300000     -0.19455839     0.074858250       11.284915       11.414181      -1.1325009
       24.570000     -0.20128095     0.089698556       11.419150       11.557902      -1.2004877
       24.840000     -0.21026501      0.10549356       11.553499       11.702243      -1.2710686
       25.110000     -0.22224151      0.12226266       11.687967       11.847215      -1.3441804
       25.380000     -0.23818884      0.14001905       11.822565       11.992829      -1.4197118
       25.650000     -0.25943706      0.15876695       11.957314       12.139095      -1.4974858
       25.920000     -0.28782798      0.17849739       12.092246       12.286025      -1.5772339
       26.190000     -0.32596885      0.19918196       12.227411       12.433630      -1.6585580
       26.460000     -0.37764993      0.22076315       12.362885       12.581920      -1.7408727
       26.730000     -0.44856311      0.24313863       12.498783       12.730908      -1.8233129
       27.000000     -0.54760906      0.26613495       12.635283       12.880604      -1.9045807
