Results for:	
File:	C:\Users\User\OneDrive - Massachusetts Institute of Technology\Documents\MIT\Grad School\Classes\2.156\Lens Project\Prime Lenses\US004147410_Example01P.zmx
Title:	US 4,147,410 Example 1 (Konica Minolta 24-50mm F4 MD Zoom)
Date:	11/7/2025 5:36:59 PM

0 message(s) in output.
3 series table(s) in output.

Table series: Data for wavelength : 0.486133 µm.
   Y Angle (deg)       Tan Shift       Sag Shift     Real Height     Ref. Height      Distortion
  --------------  --------------  --------------  --------------  --------------  --------------
      0.00000000    -0.076476586    -0.076476586      0.00000000      0.00000000      0.00000000
      0.24034902    -0.076642980    -0.076559117      0.20376387      0.20376409 -1.0644622E-004
      0.48069803    -0.077109193    -0.076806637      0.40753408      0.40753535 -3.0975420E-004
      0.72104705    -0.077874962    -0.077218922      0.61131698      0.61132095 -6.4848080E-004
      0.96139607    -0.078939845    -0.077795600      0.81511892      0.81512807 -1.1224294E-003
       1.2017451    -0.080303227    -0.078536149       1.0189462       1.0189639 -1.7313805E-003
       1.4420941    -0.081964316    -0.079439896       1.2228053       1.2228356 -2.4749933E-003
       1.6824431    -0.083922140    -0.080506021       1.4267025       1.4267503 -3.3528709E-003
       1.9227921    -0.086175548    -0.081733549       1.6306442       1.6307154 -4.3645437E-003
       2.1631412    -0.088723211    -0.083121355       1.8346367       1.8347378 -5.5094692E-003
       2.4034902    -0.091563615    -0.084668163       2.0386866       2.0388250 -6.7870319E-003
       2.6438392    -0.094695066    -0.086372538       2.2428001       2.2429840 -8.1965427E-003
       2.8841882    -0.098115683    -0.088232895       2.4469838       2.4472221 -9.7372389E-003
       3.1245372     -0.10182340    -0.090247489       2.6512441       2.6515466    -0.011408284
       3.3648862     -0.10581595    -0.092414419       2.8555874       2.8559647    -0.013208765
       3.6052353     -0.11009090    -0.094731624       3.0600203       3.0604836    -0.015137698
       3.8455843     -0.11464559    -0.097196880       3.2645493       3.2651107    -0.017194019
       4.0859333     -0.11947718    -0.099807802       3.4691808       3.4698532    -0.019376590
       4.3262823     -0.12458264     -0.10256184       3.6739216       3.6747184    -0.021684199
       4.5666313     -0.12995871     -0.10545627       3.8787781       3.8797138    -0.024115551
       4.8069803     -0.13560193     -0.10848821       4.0837571       4.0848465    -0.026669279
       5.0473294     -0.14150865     -0.11165459       4.2888651       4.2901240    -0.029343934
       5.2876784     -0.14767497     -0.11495218       4.4941089       4.4955537    -0.032137990
       5.5280274     -0.15409679     -0.11837757       4.6994952       4.7011430    -0.035049839
       5.7683764     -0.16076979     -0.12192715       4.9050308       4.9068992    -0.038077793
       6.0087254     -0.16768941     -0.12559715       5.1107224       5.1128299    -0.041220083
       6.2490744     -0.17485084     -0.12938360       5.3165770       5.3189426    -0.044474858
       6.4894235     -0.18224905     -0.13328235       5.5226014       5.5252447    -0.047840183
       6.7297725     -0.18987877     -0.13728903       5.7288026       5.7317438    -0.051314037
       6.9701215     -0.19773444     -0.14139910       5.9351875       5.9384474    -0.054894317
       7.2104705     -0.20581028     -0.14560780       6.1417632       6.1453631    -0.058578831
       7.4508195     -0.21410022     -0.14991016       6.3485368       6.3524986    -0.062365301
       7.6911685     -0.22259792     -0.15430102       6.5555155       6.5598615    -0.066251359
       7.9315176     -0.23129676     -0.15877497       6.7627063       6.7674594    -0.070234549
       8.1718666     -0.24018983     -0.16332641       6.9701167       6.9753002    -0.074312323
       8.4122156     -0.24926992     -0.16794948       7.1777538       7.1833915    -0.078482040
       8.6525646     -0.25852950     -0.17263813       7.3856251       7.3917411    -0.082740967
       8.8929136     -0.26796075     -0.17738602       7.5937381       7.6003570    -0.087086275
       9.1332626     -0.27755549     -0.18218660       7.8021002       7.8092468    -0.091515039
       9.3736117     -0.28730522     -0.18703306       8.0107190       8.0184187    -0.096024237
       9.6139607     -0.29720109     -0.19191833       8.2196022       8.2278804     -0.10061074
       9.8543097     -0.30723389     -0.19683508       8.4287575       8.4376400     -0.10527134
       10.094659     -0.31739402     -0.20177569       8.6381928       8.6477055     -0.11000270
       10.335008     -0.32767151     -0.20673227       8.8479158       8.8580850     -0.11480138
       10.575357     -0.33805598     -0.21169666       9.0579346       9.0687866     -0.11966387
       10.815706     -0.34853666     -0.21666036       9.2682571       9.2798185     -0.12458650
       11.056055     -0.35910231     -0.22161461       9.4788917       9.4911890     -0.12956554
       11.296404     -0.36974127     -0.22655030       9.6898464       9.7029062     -0.13459710
       11.536753     -0.38044143     -0.23145801       9.9011296       9.9149786     -0.13967722
       11.777102     -0.39119017     -0.23632798       10.112750       10.127414     -0.14480180
       12.017451     -0.40197439     -0.24115011       10.324715       10.340222     -0.14996663
       12.257800     -0.41278047     -0.24591393       10.537035       10.553410     -0.15516738
       12.498149     -0.42359426     -0.25060861       10.749717       10.766988     -0.16039960
       12.738498     -0.43440104     -0.25522294       10.962771       10.980962     -0.16565870
       12.978847     -0.44518552     -0.25974530       11.176206       11.195343     -0.17093999
       13.219196     -0.45593179     -0.26416368       11.390030       11.410139     -0.17623863
       13.459545     -0.46662333     -0.26846564       11.604253       11.625359     -0.18154966
       13.699894     -0.47724296     -0.27263831       11.818884       11.841011     -0.18686798
       13.940243     -0.48777280     -0.27666834       12.033932       12.057104     -0.19218836
       14.180592     -0.49819428     -0.28054195       12.249407       12.273649     -0.19750542
       14.420941     -0.50848808     -0.28424484       12.465320       12.490652     -0.20281366
       14.661290     -0.51863409     -0.28776223       12.681678       12.708125     -0.20810741
       14.901639     -0.52861143     -0.29107880       12.898493       12.926075     -0.21338086
       15.141988     -0.53839833     -0.29417870       13.115775       13.144512     -0.21862807
       15.382337     -0.54797218     -0.29704550       13.333533       13.363446     -0.22384293
       15.622686     -0.55730941     -0.29966220       13.551779       13.582886     -0.22901916
       15.863035     -0.56638552     -0.30201119       13.770522       13.802841     -0.23415034
       16.103384     -0.57517499     -0.30407422       13.989774       14.023321     -0.23922990
       16.343733     -0.58365123     -0.30583238       14.209544       14.244336     -0.24425108
       16.584082     -0.59178658     -0.30726609       14.429846       14.465896     -0.24920695
       16.824431     -0.59955219     -0.30835503       14.650689       14.688009     -0.25409043
       17.064780     -0.60691803     -0.30907817       14.872084       14.910687     -0.25889425
       17.305129     -0.61385278     -0.30941368       15.094045       15.133939     -0.26361096
       17.545478     -0.62032380     -0.30933895       15.316581       15.357776     -0.26823294
       17.785827     -0.62629706     -0.30883050       15.539706       15.582207     -0.27275238
       18.026176     -0.63173707     -0.30786400       15.763431       15.807242     -0.27716127
       18.266525     -0.63660677     -0.30641418       15.987769       16.032893     -0.28145141
       18.506874     -0.64086754     -0.30445484       16.212732       16.259170     -0.28561442
       18.747223     -0.64447904     -0.30195875       16.438333       16.486083     -0.28964171
       18.987572     -0.64739913     -0.29889768       16.664585       16.713643     -0.29352448
       19.227921     -0.64958384     -0.29524226       16.891501       16.941861     -0.29725374
       19.468270     -0.65098720     -0.29096202       17.119095       17.170748     -0.30082027
       19.708619     -0.65156118     -0.28602527       17.347381       17.400315     -0.30421464
       19.948968     -0.65125557     -0.28039907       17.576371       17.630573     -0.30742723
       20.189317     -0.65001788     -0.27404919       17.806082       17.861533     -0.31044816
       20.429666     -0.64779317     -0.26694000       18.036526       18.093206     -0.31326735
       20.670015     -0.64452398     -0.25903445       18.267719       18.325605     -0.31587449
       20.910364     -0.64015015     -0.25029396       18.499675       18.558740     -0.31825903
       21.150713     -0.63460868     -0.24067838       18.732411       18.792624     -0.32041019
       21.391062     -0.62783360     -0.23014588       18.965940       19.027268     -0.32231697
       21.631412     -0.61975577     -0.21865290       19.200280       19.262685     -0.32396811
       21.871761     -0.61030271     -0.20615400       19.435446       19.498886     -0.32535211
       22.112110     -0.59939845     -0.19260184       19.671455       19.735885     -0.32645726
       22.352459     -0.58696326     -0.17794702       19.908324       19.973692     -0.32727155
       22.592808     -0.57291350     -0.16213799       20.146069       20.212321     -0.32778278
       22.833157     -0.55716136     -0.14512095       20.384708       20.451785     -0.32797846
       23.073506     -0.53961464     -0.12683970       20.624258       20.692096     -0.32784588
       23.313855     -0.52017646     -0.10723551       20.864738       20.933268     -0.32737208
       23.554204     -0.49874502    -0.086247027       21.106166       21.175313     -0.32654384
       23.794553     -0.47521330    -0.063810044       21.348561       21.418245     -0.32534770
       24.034902     -0.44946872    -0.039857407       21.591942       21.662077     -0.32376997

Table series: Data for wavelength : 0.587562 µm.
   Y Angle (deg)       Tan Shift       Sag Shift     Real Height     Ref. Height      Distortion
  --------------  --------------  --------------  --------------  --------------  --------------
      0.00000000 -3.6601012E-003 -3.6601012E-003      0.00000000      0.00000000      0.00000000
      0.24034902 -3.8300535E-003 -3.7451838E-003      0.20385189      0.20385203 -6.9233891E-005
      0.48069803 -4.3044758E-003 -4.0003570E-003      0.40771010      0.40771123 -2.7689501E-004
      0.72104705 -5.0830849E-003 -4.4253962E-003      0.61158097      0.61158478 -6.2287452E-004
      0.96139607 -6.1654080E-003 -5.0199278E-003      0.81547083      0.81547986 -1.1069875E-003
       1.2017451 -7.5507857E-003 -5.7834274E-003       1.0193860       1.0194036 -1.7289792E-003
       1.4420941 -9.2383667E-003 -6.7152206E-003       1.2233329       1.2233633 -2.4885176E-003
       1.6824431    -0.011227109 -7.8144822E-003       1.4273178       1.4273661 -3.3851980E-003
       1.9227921    -0.013515781 -9.0802345E-003       1.6313470       1.6314191 -4.4185417E-003
       2.1631412    -0.016102954    -0.010511348       1.8354271       1.8355297 -5.5879956E-003
       2.4034902    -0.018987008    -0.012106540       2.0395643       2.0397049 -6.8929321E-003
       2.6438392    -0.022166125    -0.013864371       2.2437650       2.2439520 -8.3326485E-003
       2.8841882    -0.025638290    -0.015783249       2.4480357       2.4482783 -9.9063673E-003
       3.1245372    -0.029401284    -0.017861423       2.6523829       2.6526909    -0.011613235
       3.3648862    -0.033452689    -0.020096984       2.8568129       2.8571972    -0.013452322
       3.6052353    -0.037789878    -0.022487860       3.0613322       3.0618044    -0.015422622
       3.8455843    -0.042410019    -0.025031822       3.2659474       3.2665198    -0.017523053
       4.0859333    -0.047310065    -0.027726474       3.4706650       3.4713507    -0.019752454
       4.3262823    -0.052486754    -0.030569253       3.6754915       3.6763044    -0.022109586
       4.5666313    -0.057936609    -0.033557431       3.8804336       3.8813881    -0.024593132
       4.8069803    -0.063655927    -0.036688106       4.0854978       4.0866094    -0.027201694
       5.0473294    -0.069640779    -0.039958207       4.2906908       4.2919755    -0.029933796
       5.2876784    -0.075887004    -0.043364483       4.4960192       4.4974939    -0.032787880
       5.5280274    -0.082390209    -0.046903507       4.7014899       4.7031718    -0.035762306
       5.7683764    -0.089145756    -0.050571668       4.9071095       4.9090169    -0.038855352
       6.0087254    -0.096148762    -0.054365173       5.1128849       5.1150365    -0.042065212
       6.2490744     -0.10339409    -0.058280037       5.3188228       5.3212381    -0.045389997
       6.4894235     -0.11087636    -0.062312091       5.5249302       5.5276292    -0.048827732
       6.7297725     -0.11858989    -0.066456961       5.7312141       5.7342174    -0.052376354
       6.9701215     -0.12652878    -0.070710079       5.9376813       5.9410103    -0.056033717
       7.2104705     -0.13468681    -0.075066671       6.1443389       6.1480153    -0.059797582
       7.4508195     -0.14305750    -0.079521755       6.3511941       6.3552402    -0.063665624
       7.6911685     -0.15163405    -0.084070136       6.5582538       6.5626925    -0.067635424
       7.9315176     -0.16040939    -0.088706403       6.7655254       6.7703801    -0.071704474
       8.1718666     -0.16937611    -0.093424920       6.9730161       6.9783105    -0.075870171
       8.4122156     -0.17852651    -0.098219825       7.1807331       7.1864916    -0.080129819
       8.6525646     -0.18785255     -0.10308502       7.3886839       7.3949312    -0.084480623
       8.8929136     -0.19734583     -0.10801417       7.5968760       7.6036371    -0.088919695
       9.1332626     -0.20699763     -0.11300069       7.8053167       7.8126171    -0.093444043
       9.3736117     -0.21679886     -0.11803775       8.0140137       8.0218792    -0.098050579
       9.6139607     -0.22674004     -0.12311825       8.2229746       8.2314313     -0.10273611
       9.8543097     -0.23681134     -0.12823484       8.4322073       8.4412814     -0.10749734
       10.094659     -0.24700249     -0.13337988       8.6417194       8.6514376     -0.11233087
       10.335008     -0.25730284     -0.13854545       8.8515188       8.8619079     -0.11723319
       10.575357     -0.26770130     -0.14372335       9.0616136       9.0727005     -0.12220069
       10.815706     -0.27818635     -0.14890508       9.2720117       9.2838235     -0.12722963
       11.056055     -0.28874599     -0.15408182       9.4827213       9.4952851     -0.13231617
       11.296404     -0.29936777     -0.15924446       9.6937507       9.7070937     -0.13745637
       11.536753     -0.31003873     -0.16438355       9.9051082       9.9192576     -0.14264614
       11.777102     -0.32074542     -0.16948928       10.116802       10.131785     -0.14788129
       12.017451     -0.33147383     -0.17455153       10.328841       10.344685     -0.15315752
       12.257800     -0.34220943     -0.17955980       10.541234       10.557965     -0.15847038
       12.498149     -0.35293710     -0.18450322       10.753989       10.771634     -0.16381531
       12.738498     -0.36364114     -0.18937056       10.967115       10.985701     -0.16918763
       12.978847     -0.37430521     -0.19415017       11.180621       11.200175     -0.17458251
       13.219196     -0.38491234     -0.19882999       11.394517       11.415063     -0.17999499
       13.459545     -0.39544490     -0.20339756       11.608811       11.630376     -0.18541999
       13.699894     -0.40588455     -0.20783995       11.823512       11.846121     -0.19085228
       13.940243     -0.41621222     -0.21214381       12.038631       12.062308     -0.19628648
       14.180592     -0.42640809     -0.21629530       12.254177       12.278946     -0.20171709
       14.420941     -0.43645154     -0.22028009       12.470159       12.496043     -0.20713844
       14.661290     -0.44632114     -0.22408336       12.686587       12.713609     -0.21254472
       14.901639     -0.45599459     -0.22768975       12.903472       12.931653     -0.21792997
       15.141988     -0.46544869     -0.23108337       13.120822       13.150185     -0.22328807
       15.382337     -0.47465931     -0.23424776       13.338650       13.369214     -0.22861274
       15.622686     -0.48360134     -0.23716586       13.556964       13.588748     -0.23389753
       15.863035     -0.49224861     -0.23982003       13.775776       13.808798     -0.23913584
       16.103384     -0.50057394     -0.24219197       13.995097       14.029374     -0.24432089
       16.343733     -0.50854896     -0.24426273       14.214937       14.250484     -0.24944574
       16.584082     -0.51614418     -0.24601269       14.435307       14.472139     -0.25450326
       16.824431     -0.52332884     -0.24742148       14.656219       14.694348     -0.25948613
       17.064780     -0.53007091     -0.24846801       14.877683       14.917122     -0.26438688
       17.305129     -0.53633701     -0.24913043       15.099713       15.140471     -0.26919783
       17.545478     -0.54209233     -0.24938606       15.322319       15.364404     -0.27391110
       17.785827     -0.54730058     -0.24921138       15.545513       15.588931     -0.27851865
       18.026176     -0.55192391     -0.24858200       15.769309       15.814064     -0.28301219
       18.266525     -0.55592284     -0.24747261       15.993717       16.039813     -0.28738328
       18.506874     -0.55925614     -0.24585694       16.218751       16.266187     -0.29162323
       18.747223     -0.56188080     -0.24370774       16.444424       16.493198     -0.29572317
       18.987572     -0.56375190     -0.24099668       16.670749       16.720857     -0.29967401
       19.227921     -0.56482253     -0.23769437       16.897738       16.949173     -0.30346641
       19.468270     -0.56504365     -0.23377025       17.125406       17.178159     -0.30709085
       19.708619     -0.56436403     -0.22919259       17.353767       17.407825     -0.31053755
       19.948968     -0.56273011     -0.22392840       17.582834       17.638182     -0.31379652
       20.189317     -0.56008585     -0.21794336       17.812621       17.869241     -0.31685753
       20.429666     -0.55637264     -0.21120179       18.043144       18.101015     -0.31971009
       20.670015     -0.55152914     -0.20366658       18.274417       18.333514     -0.32234349
       20.910364     -0.54549113     -0.19529908       18.506455       18.566750     -0.32474677
       21.150713     -0.53819134     -0.18605906       18.739273       18.800735     -0.32690870
       21.391062     -0.52955931     -0.17590463       18.972888       19.035480     -0.32881782
       21.631412     -0.51952117     -0.16479214       19.207315       19.270998     -0.33046239
       21.871761     -0.50799949     -0.15267609       19.442571       19.507302     -0.33183042
       22.112110     -0.49491303     -0.13950906       19.678671       19.744402     -0.33290965
       22.352459     -0.48017659     -0.12524156       19.915634       19.982312     -0.33368756
       22.592808     -0.46370068     -0.10982197       20.153475       20.221044     -0.33415135
       22.833157     -0.44539136    -0.093196387       20.392214       20.460611     -0.33428794
       23.073506     -0.42514994    -0.075308528       20.631868       20.701026     -0.33408399
       23.313855     -0.40287270    -0.056099582       20.872454       20.942302     -0.33352589
       23.554204     -0.37845057    -0.035508074       21.113992       21.184452     -0.33259973
       23.794553     -0.35176885    -0.013469714       21.356501       21.427488     -0.33129134
       24.034902     -0.32270682     0.010082764       21.600000       21.671426     -0.32958628

Table series: Data for wavelength : 0.656273 µm.
   Y Angle (deg)       Tan Shift       Sag Shift     Real Height     Ref. Height      Distortion
  --------------  --------------  --------------  --------------  --------------  --------------
      0.00000000      0.10524433      0.10524433      0.00000000      0.00000000      0.00000000
      0.24034902      0.10507401      0.10515851      0.20394456      0.20394481 -1.2443924E-004
      0.48069803      0.10459924      0.10490112      0.40789545      0.40789680 -3.3327646E-004
      0.72104705      0.10382030      0.10447240      0.61185898      0.61186315 -6.8121505E-004
      0.96139607      0.10273768      0.10387271      0.81584151      0.81585104 -1.1680916E-003
       1.2017451      0.10135208      0.10310259       1.0198494       1.0198676 -1.7936028E-003
       1.4420941     0.099664358      0.10216271       1.2238889       1.2239202 -2.5574370E-003
       1.6824431     0.097675604      0.10105391       1.4279664       1.4280158 -3.4591856E-003
       1.9227921     0.095387092     0.099777155       1.6320883       1.6321617 -4.4983658E-003
       2.1631412     0.092800297     0.098333592       1.8362609       1.8363651 -5.6744194E-003
       2.4034902     0.089916897     0.096724509       2.0404907       2.0406333 -6.9867133E-003
       2.6438392     0.086738772     0.094951352       2.2447840       2.2449734 -8.4345386E-003
       2.8841882     0.083268008     0.093015722       2.4491473       2.4493927    -0.010017111
       3.1245372     0.079506897     0.090919380       2.6535870       2.6538984    -0.011733568
       3.3648862     0.075457944     0.088664244       2.8581095       2.8584977    -0.013582973
       3.6052353     0.071123864     0.086252396       3.0627213       3.0631981    -0.015564311
       3.8455843     0.066507589     0.083686078       3.2674290       3.2680066    -0.017676489
       4.0859333     0.061612268     0.080967699       3.4722390       3.4729307    -0.019918336
       4.3262823     0.056441276     0.078099833       3.6771579       3.6779777    -0.022288602
       4.5666313     0.050998210     0.075085226       3.8821924       3.8831548    -0.024785956
       4.8069803     0.045286900     0.071926791       4.0873489       4.0884695    -0.027408991
       5.0473294     0.039311408     0.068627618       4.2926342       4.2939291    -0.030156214
       5.2876784     0.033076038     0.065190973       4.4980550       4.4995410    -0.033026054
       5.5280274     0.026585335     0.061620303       4.7036179       4.7053126    -0.036016856
       5.7683764     0.019844093     0.057919235       4.9093297       4.9112513    -0.039126882
       6.0087254     0.012857364     0.054091583       5.1151973       5.1173647    -0.042354309
       6.2490744  5.6304543E-003     0.050141354       5.3212274       5.3236602    -0.045697230
       6.4894235 -1.8310582E-003     0.046072736       5.5274270       5.5301453    -0.049153652
       6.7297725 -9.5213251E-003     0.041890127       5.7338029       5.7368275    -0.052721494
       6.9701215    -0.017434218     0.037598118       5.9403622       5.9437144    -0.056398586
       7.2104705    -0.025563321     0.033201508       6.1471119       6.1508137    -0.060182671
       7.4508195    -0.033901923     0.028705304       6.3540591       6.3581329    -0.064071399
       7.6911685    -0.042443012     0.024114728       6.5612109       6.5656797    -0.068062331
       7.9315176    -0.051179264     0.019435218       6.7685745       6.7734617    -0.072152933
       8.1718666    -0.060103032     0.014672439       6.9761571       6.9814868    -0.076340578
       8.4122156    -0.069206345  9.8322835E-003       7.1839661       7.1897627    -0.080622541
       8.6525646    -0.078480885  4.9208792E-003       7.3920089       7.3982972    -0.084996002
       8.8929136    -0.087917991 -5.5405240E-005       7.6002929       7.6070980    -0.089458043
       9.1332626    -0.097508637 -5.0899541E-003       7.8088255       7.8161732    -0.094005645
       9.3736117     -0.10724342    -0.010175898       8.0176145       8.0255305    -0.098635686
       9.6139607     -0.11711257    -0.015306108       8.2266673       8.2351780     -0.10334494
       9.8543097     -0.12710590    -0.020473187       8.4359919       8.4451236     -0.10813009
       10.094659     -0.13721281    -0.025669463       8.6455959       8.6553755     -0.11298768
       10.335008     -0.14742229    -0.030886982       8.8554874       8.8659416     -0.11791419
       10.575357     -0.15772289    -0.036117498       9.0656741       9.0768301     -0.12290594
       10.815706     -0.16810269    -0.041352466       9.2761643       9.2880492     -0.12795919
       11.056055     -0.17854931    -0.046583032       9.4869660       9.4996071     -0.13307003
       11.296404     -0.18904987    -0.051800027       9.6980875       9.7115121     -0.13823449
       11.536753     -0.19959099    -0.056993950       9.9095371       9.9237726     -0.14344844
       11.777102     -0.21015876    -0.062154964       10.121323       10.136397     -0.14870764
       12.017451     -0.22073873    -0.067272885       10.333454       10.349393     -0.15400774
       12.257800     -0.23131588    -0.072337166       10.545939       10.562771     -0.15934425
       12.498149     -0.24187459    -0.077336889       10.758787       10.776537     -0.16471256
       12.738498     -0.25239864    -0.082260753       10.972006       10.990702     -0.17010792
       12.978847     -0.26287115    -0.087097059       11.185605       11.205273     -0.17552547
       13.219196     -0.27327461    -0.091833697       11.399593       11.420259     -0.18096019
       13.459545     -0.28359079    -0.096458130       11.613980       11.635670     -0.18640693
       13.699894     -0.29380075     -0.10095739       11.828775       11.851513     -0.19186040
       13.940243     -0.30388481     -0.10531803       12.043987       12.067798     -0.19731518
       14.180592     -0.31382249     -0.10952616       12.259626       12.284535     -0.20276568
       14.420941     -0.32359250     -0.11356739       12.475701       12.501731     -0.20820618
       14.661290     -0.33317270     -0.11742681       12.692223       12.719396     -0.21363079
       14.901639     -0.34254007     -0.12108900       12.909202       12.937540     -0.21903349
       15.141988     -0.35167065     -0.12453799       13.126647       13.156171     -0.22440807
       15.382337     -0.36053953     -0.12775724       13.344569       13.375299     -0.22974817
       15.622686     -0.36912076     -0.13072961       13.562979       13.594933     -0.23504729
       15.863035     -0.37738734     -0.13343737       13.781886       13.815084     -0.24029872
       16.103384     -0.38531119     -0.13586214       14.001302       14.035759     -0.24549561
       16.343733     -0.39286303     -0.13798488       14.221238       14.256970     -0.25063092
       16.584082     -0.40001239     -0.13978586       14.441704       14.478726     -0.25569741
       16.824431     -0.40672752     -0.14124464       14.662713       14.701037     -0.26068771
       17.064780     -0.41297536     -0.14234003       14.884275       14.923912     -0.26559421
       17.305129     -0.41872141     -0.14305005       15.106402       15.147362     -0.27040913
       17.545478     -0.42392975     -0.14335192       15.329107       15.371397     -0.27512450
       17.785827     -0.42856290     -0.14322203       15.552400       15.596027     -0.27973215
       18.026176     -0.43258177     -0.14263585       15.776295       15.821262     -0.28422370
       18.266525     -0.43594559     -0.14156797       16.000803       16.047114     -0.28859056
       18.506874     -0.43861181     -0.13999200       16.225938       16.273591     -0.29282393
       18.747223     -0.44053598     -0.13788053       16.451712       16.500705     -0.29691481
       18.987572     -0.44167173     -0.13520513       16.678139       16.728467     -0.30085395
       19.227921     -0.44197059     -0.13193626       16.905232       16.956888     -0.30463191
       19.468270     -0.44138194     -0.12804322       17.133004       17.185978     -0.30823899
       19.708619     -0.43985286     -0.12349412       17.361469       17.415748     -0.31166528
       19.948968     -0.43732800     -0.11825583       17.590642       17.646210     -0.31490061
       20.189317     -0.43374949     -0.11229386       17.820536       17.877375     -0.31793459
       20.429666     -0.42905679     -0.10557237       18.051167       18.109254     -0.32075657
       20.670015     -0.42318651    -0.098054063       18.282549       18.341858     -0.32335566
       20.910364     -0.41607230    -0.089700118       18.514697       18.575201     -0.32572069
       21.150713     -0.40764466    -0.080470120       18.747628       18.809292     -0.32784027
       21.391062     -0.39783074    -0.070321976       18.981355       19.044144     -0.32970270
       21.631412     -0.38655423    -0.059211832       19.215897       19.279770     -0.33129606
       21.871761     -0.37373508    -0.047093980       19.451268       19.516181     -0.33260813
       22.112110     -0.35928931    -0.033920762       19.687487       19.753389     -0.33362641
       22.352459     -0.34312880    -0.019642469       19.924569       19.991407     -0.33433814
       22.592808     -0.32516104 -4.2072285E-003       20.162532       20.230248     -0.33473027
       22.833157     -0.30528888     0.012439110       20.401393       20.469924     -0.33478948
       23.073506     -0.28341021     0.030353100       20.641172       20.710449     -0.33450213
       23.313855     -0.25941772     0.049593831       20.881886       20.951834     -0.33385433
       23.554204     -0.23319856     0.070223070       21.123553       21.194094     -0.33283188
       23.794553     -0.20463401     0.092305413       21.366194       21.437242     -0.33142028
       24.034902     -0.17359911      0.11590845       21.609828       21.681290     -0.32960477
