Results for:	Listing of Longitudinal Aberration Data


File:	C:\Users\User\OneDrive - Massachusetts Institute of Technology\Documents\MIT\Grad School\Classes\2.156\Lens Project\Prime Lenses\JP2015-102734_Example01TCP.zmx
Title:	JP 2015-102734 Example 1 TC (Nikon AF-S Teleconverter TC-14E III)
Date:	11/7/2025 3:45:04 PM

0 message(s) in output.
1 series table(s) in output.

Table series: Units are Millimeters.
      Rel. Pupil          0.4861          0.5876          0.6563
  --------------  --------------  --------------  --------------
      0.00000000      -163.72158      -165.15506      -165.79368
     0.010000000      -163.72158      -165.15507      -165.79369
     0.020000000      -163.72160      -165.15508      -165.79370
     0.030000000      -163.72163      -165.15511      -165.79373
     0.040000000      -163.72167      -165.15515      -165.79377
     0.050000000      -163.72172      -165.15520      -165.79382
     0.060000000      -163.72178      -165.15526      -165.79388
     0.070000000      -163.72185      -165.15533      -165.79395
     0.080000000      -163.72193      -165.15541      -165.79403
     0.090000000      -163.72203      -165.15550      -165.79412
      0.10000000      -163.72213      -165.15561      -165.79423
      0.11000000      -163.72225      -165.15572      -165.79434
      0.12000000      -163.72238      -165.15585      -165.79446
      0.13000000      -163.72252      -165.15598      -165.79460
      0.14000000      -163.72267      -165.15613      -165.79475
      0.15000000      -163.72283      -165.15629      -165.79490
      0.16000000      -163.72300      -165.15646      -165.79507
      0.17000000      -163.72319      -165.15664      -165.79525
      0.18000000      -163.72338      -165.15683      -165.79544
      0.19000000      -163.72359      -165.15703      -165.79564
      0.20000000      -163.72380      -165.15725      -165.79585
      0.21000000      -163.72403      -165.15747      -165.79607
      0.22000000      -163.72427      -165.15771      -165.79631
      0.23000000      -163.72452      -165.15795      -165.79655
      0.24000000      -163.72478      -165.15821      -165.79681
      0.25000000      -163.72506      -165.15848      -165.79707
      0.26000000      -163.72534      -165.15876      -165.79735
      0.27000000      -163.72564      -165.15905      -165.79764
      0.28000000      -163.72594      -165.15935      -165.79794
      0.29000000      -163.72626      -165.15966      -165.79825
      0.30000000      -163.72659      -165.15998      -165.79857
      0.31000000      -163.72693      -165.16032      -165.79890
      0.32000000      -163.72728      -165.16066      -165.79924
      0.33000000      -163.72764      -165.16102      -165.79959
      0.34000000      -163.72801      -165.16138      -165.79995
      0.35000000      -163.72840      -165.16176      -165.80033
      0.36000000      -163.72879      -165.16215      -165.80071
      0.37000000      -163.72920      -165.16255      -165.80111
      0.38000000      -163.72962      -165.16296      -165.80152
      0.39000000      -163.73005      -165.16338      -165.80194
      0.40000000      -163.73049      -165.16381      -165.80236
      0.41000000      -163.73094      -165.16426      -165.80280
      0.42000000      -163.73140      -165.16471      -165.80325
      0.43000000      -163.73187      -165.16518      -165.80372
      0.44000000      -163.73236      -165.16565      -165.80419
      0.45000000      -163.73285      -165.16614      -165.80467
      0.46000000      -163.73336      -165.16664      -165.80516
      0.47000000      -163.73388      -165.16715      -165.80567
      0.48000000      -163.73441      -165.16767      -165.80619
      0.49000000      -163.73495      -165.16820      -165.80671
      0.50000000      -163.73550      -165.16874      -165.80725
      0.51000000      -163.73606      -165.16929      -165.80780
      0.52000000      -163.73664      -165.16986      -165.80836
      0.53000000      -163.73722      -165.17043      -165.80893
      0.54000000      -163.73782      -165.17102      -165.80951
      0.55000000      -163.73843      -165.17161      -165.81010
      0.56000000      -163.73904      -165.17222      -165.81070
      0.57000000      -163.73967      -165.17284      -165.81132
      0.58000000      -163.74031      -165.17347      -165.81194
      0.59000000      -163.74097      -165.17411      -165.81258
      0.60000000      -163.74163      -165.17476      -165.81322
      0.61000000      -163.74230      -165.17542      -165.81388
      0.62000000      -163.74299      -165.17610      -165.81455
      0.63000000      -163.74369      -165.17678      -165.81523
      0.64000000      -163.74439      -165.17748      -165.81592
      0.65000000      -163.74511      -165.17818      -165.81662
      0.66000000      -163.74584      -165.17890      -165.81733
      0.67000000      -163.74659      -165.17963      -165.81805
      0.68000000      -163.74734      -165.18037      -165.81879
      0.69000000      -163.74810      -165.18112      -165.81953
      0.70000000      -163.74888      -165.18188      -165.82029
      0.71000000      -163.74966      -165.18266      -165.82105
      0.72000000      -163.75046      -165.18344      -165.82183
      0.73000000      -163.75127      -165.18423      -165.82262
      0.74000000      -163.75209      -165.18504      -165.82342
      0.75000000      -163.75292      -165.18586      -165.82423
      0.76000000      -163.75376      -165.18668      -165.82505
      0.77000000      -163.75462      -165.18752      -165.82588
      0.78000000      -163.75548      -165.18837      -165.82672
      0.79000000      -163.75636      -165.18923      -165.82757
      0.80000000      -163.75724      -165.19010      -165.82844
      0.81000000      -163.75814      -165.19099      -165.82931
      0.82000000      -163.75905      -165.19188      -165.83020
      0.83000000      -163.75997      -165.19278      -165.83110
      0.84000000      -163.76090      -165.19370      -165.83201
      0.85000000      -163.76185      -165.19463      -165.83293
      0.86000000      -163.76280      -165.19556      -165.83386
      0.87000000      -163.76377      -165.19651      -165.83480
      0.88000000      -163.76475      -165.19747      -165.83575
      0.89000000      -163.76573      -165.19844      -165.83671
      0.90000000      -163.76673      -165.19943      -165.83769
      0.91000000      -163.76774      -165.20042      -165.83867
      0.92000000      -163.76876      -165.20142      -165.83967
      0.93000000      -163.76980      -165.20244      -165.84067
      0.94000000      -163.77084      -165.20346      -165.84169
      0.95000000      -163.77190      -165.20450      -165.84272
      0.96000000      -163.77296      -165.20555      -165.84376
      0.97000000      -163.77404      -165.20661      -165.84481
      0.98000000      -163.77513      -165.20768      -165.84587
      0.99000000      -163.77623      -165.20876      -165.84694
       1.0000000      -163.77734      -165.20985      -165.84803
