Results for:	
File:	C:\Users\User\OneDrive - Massachusetts Institute of Technology\Documents\MIT\Grad School\Classes\2.156\Lens Project\Prime Lenses\KR1020150147546_Example01P.zmx
Title:	KR 10-2015-0147546 Example 1 (Samyang AF 50mm F1.4 FE)
Date:	11/7/2025 5:33:17 PM

0 message(s) in output.
3 series table(s) in output.

Table series: Data for wavelength : 0.486133 µm.
   Y Angle (deg)       Tan Shift       Sag Shift     Real Height     Ref. Height      Distortion
  --------------  --------------  --------------  --------------  --------------  --------------
      0.00000000    -0.035571842    -0.035571842      0.00000000      0.00000000      0.00000000
      0.23496749    -0.035519174    -0.035576754      0.20912291      0.20912313 -1.0719308E-004
      0.46993498    -0.035358373    -0.035591500      0.41825106      0.41825330 -5.3533568E-004
      0.70490247    -0.035090149    -0.035616120      0.62738970      0.62739754 -1.2491909E-003
      0.93986996    -0.034715688    -0.035650677      0.83654407      0.83656288 -2.2491852E-003
       1.1748374    -0.034236644    -0.035695257       1.0457194       1.0457564 -3.5359019E-003
       1.4098049    -0.033655137    -0.035749973       1.2549209       1.2549851 -5.1101354E-003
       1.6447724    -0.032973741    -0.035814954       1.4641539       1.4642560 -6.9728096E-003
       1.8797399    -0.032195476    -0.035890352       1.6734235       1.6735762 -9.1250326E-003
       2.1147074    -0.031323792    -0.035976336       1.8827349       1.8829527    -0.011568083
       2.3496749    -0.030362560    -0.036073088       2.0920934       2.0923927    -0.014303407
       2.5846424    -0.029316050    -0.036180804       2.3015042       2.3019032    -0.017332625
       2.8196099    -0.028188917    -0.036299688       2.5109725       2.5114913    -0.020657525
       3.0545774    -0.026986183    -0.036429948       2.7205033       2.7211640    -0.024280062
       3.2895448    -0.025713211    -0.036571795       2.9301020       2.9309286    -0.028202365
       3.5245123    -0.024375687    -0.036725438       3.1397736       3.1407920    -0.032426729
       3.7594798    -0.022979592    -0.036891077       3.3495232       3.3507615    -0.036955619
       3.9944473    -0.021531179    -0.037068901       3.5593561       3.5608442    -0.041791668
       4.2294148    -0.020036946    -0.037259084       3.7692772       3.7710472    -0.046937679
       4.4643823    -0.018503605    -0.037461777       3.9792917       3.9813778    -0.052396620
       4.6993498    -0.016938056    -0.037677104       4.1894047       4.1918431    -0.058171629
       4.9343173    -0.015347352    -0.037905157       4.3996211       4.4024504    -0.064266010
       5.1692848    -0.013738672    -0.038145988       4.6099461       4.6132069    -0.070683234
       5.4042522    -0.012119285    -0.038399606       4.8203846       4.8241197    -0.077426938
       5.6392197    -0.010496516    -0.038665968       5.0309416       5.0351964    -0.084500924
       5.8741872 -8.8777167E-003    -0.038944974       5.2416220       5.2464440    -0.091909160
       6.1091547 -7.2702238E-003    -0.039236460       5.4524309       5.4578699    -0.099655778
       6.3441222 -5.6813291E-003    -0.039540191       5.6633730       5.6694816     -0.10774507
       6.5790897 -4.1182414E-003    -0.039855854       5.8744533       5.8812863     -0.11618151
       6.8140572 -2.5880516E-003    -0.040183050       6.0856767       6.0932914     -0.12496970
       7.0490247 -1.0976963E-003    -0.040521292       6.2970479       6.3055045     -0.13411443
       7.2839922  3.4607732E-004    -0.040869989       6.5085717       6.5179328     -0.14362065
       7.5189596  1.7367475E-003    -0.041228446       6.7202530       6.7305840     -0.15349346
       7.7539271  3.0680523E-003    -0.041595854       6.9320965       6.9434656     -0.16373811
       7.9888946  4.3340245E-003    -0.041971281       7.1441067       7.1565850     -0.17436005
       8.2238621  5.5290248E-003    -0.042353667       7.3562885       7.3699498     -0.18536483
       8.4588296  6.6477747E-003    -0.042741817       7.5686465       7.5835678     -0.19675821
       8.6937971  7.6853875E-003    -0.043134390       7.7811852       7.7974464     -0.20854606
       8.9287646  8.6373986E-003    -0.043529896       7.9939092       8.0115935     -0.22073444
       9.1637321  9.4997938E-003    -0.043926684       8.2068230       8.2260167     -0.23332955
       9.3986996     0.010269035    -0.044322938       8.4199311       8.4407238     -0.24633774
       9.6336671     0.010942087    -0.044716672       8.6332380       8.6557226     -0.25976552
       9.8686345     0.011516436    -0.045105716       8.8467481       8.8710209     -0.27361955
       10.103602     0.011990112    -0.045487717       9.0604657       9.0866267     -0.28790664
       10.338570     0.012361704    -0.045860125       9.2743951       9.3025477     -0.30263375
       10.573537     0.012630373    -0.046220192       9.4885406       9.5187921     -0.31780799
       10.808504     0.012795862    -0.046564965       9.7029066       9.7353679     -0.33343664
       11.043472     0.012858504    -0.046891278       9.9174970       9.9522830     -0.34952710
       11.278439     0.012819223    -0.047195747       10.132316       10.169546     -0.36608694
       11.513407     0.012679527    -0.047474766       10.347368       10.387164     -0.38312388
       11.748374     0.012441508    -0.047724499       10.562657       10.605146     -0.40064580
       11.983342     0.012107823    -0.047940880       10.778187       10.823500     -0.41866072
       12.218309     0.011681681    -0.048119605       10.993961       11.042235     -0.43717683
       12.453277     0.011166813    -0.048256131       11.209984       11.261359     -0.45620246
       12.688244     0.010567442    -0.048345669       11.426260       11.480880     -0.47574613
       12.923212  9.8882485E-003    -0.048383187       11.642792       11.700806     -0.49581650
       13.158179  9.1343193E-003    -0.048363402       11.859584       11.921147     -0.51642240
       13.393147  8.3110957E-003    -0.048280784       12.076639       12.141911     -0.53757286
       13.628114  7.4243095E-003    -0.048129551       12.293962       12.363106     -0.55927705
       13.863082  6.4799096E-003    -0.047903673       12.511556       12.584742     -0.58154437
       14.098049  5.4839798E-003    -0.047596867       12.729424       12.806827     -0.60438438
       14.333017  4.4426432E-003    -0.047202607       12.947570       13.029369     -0.62780686
       14.567984  3.3619567E-003    -0.046714119       13.165997       13.252379     -0.65182179
       14.802952  2.2477919E-003    -0.046124389       13.384708       13.475864     -0.67643939
       15.037919  1.1057021E-003    -0.045426166       13.603707       13.699835     -0.70167012
       15.272887 -5.9224952E-005    -0.044611969       13.822996       13.924299     -0.72752467
       15.507854 -1.2425306E-003    -0.043674093       14.042579       14.149267     -0.75401402
       15.742822 -2.4405657E-003    -0.042604617       14.262459       14.374747     -0.78114944
       15.977789 -3.6506890E-003    -0.041395416       14.482638       14.600749     -0.80894251
       16.212757 -4.8714858E-003    -0.040038171       14.703119       14.827283     -0.83740514
       16.447724 -6.1030072E-003    -0.038524380       14.923904       15.054357     -0.86654960
       16.682692 -7.3470323E-003    -0.036845377       15.144996       15.281982     -0.89638856
       16.917659 -8.6073543E-003    -0.034992345       15.366398       15.510168     -0.92693511
       17.152627 -9.8900927E-003    -0.032956335       15.588112       15.738923     -0.95820281
       17.387594    -0.011204034    -0.030728288       15.810139       15.968258     -0.99020571
       17.622562    -0.012561002    -0.028299060       16.032482       16.198182      -1.0229584
       17.857529    -0.013976256    -0.025659441       16.255142       16.428707      -1.0564762
       18.092497    -0.015468934    -0.022800191       16.478120       16.659841      -1.0907748
       18.327464    -0.017062517    -0.019712064       16.701419       16.891596      -1.1258709
       18.562432    -0.018785342    -0.016385848       16.925038       17.123981      -1.1617818
       18.797399    -0.020671154    -0.012812401       17.148979       17.357008      -1.1985258
       19.032367    -0.022759699 -8.9826867E-003       17.373243       17.590685      -1.2361220
       19.267334    -0.025097362 -4.8878283E-003       17.597829       17.825025      -1.2745906
       19.502302    -0.027737850 -5.1915021E-004       17.822737       18.060037      -1.3139530
       19.737269    -0.030742933  4.1317653E-003       18.047967       18.295734      -1.3542317
       19.972237    -0.034183222  9.0730211E-003       18.273518       18.532124      -1.3954506
       20.207204    -0.038139009     0.014312342       18.499388       18.769221      -1.4376352
       20.442172    -0.042701155     0.019857006       18.725576       19.007034      -1.4808125
       20.677139    -0.047972029     0.025713771       18.952078       19.245576      -1.5250113
       20.912107    -0.054066496     0.031888794       19.178893       19.484857      -1.5702623
       21.147074    -0.061112961     0.038387542       19.406017       19.724889      -1.6165985
       21.382042    -0.069254450     0.045214703       19.633444       19.965684      -1.6640551
       21.617009    -0.078649728     0.052374080       19.861170       20.207253      -1.7126698
       21.851976    -0.089474450     0.059868481       20.089188       20.449609      -1.7624832
       22.086944     -0.10192233     0.067699608       20.317492       20.692763      -1.8135389
       22.321911     -0.11620632     0.075867920       20.546073       20.936728      -1.8658838
       22.556879     -0.13255974     0.084372505       20.774922       21.181516      -1.9195683
       22.791846     -0.15123742     0.093210930       21.004029       21.427139      -1.9746469
       23.026814     -0.17251675      0.10237909       21.233381       21.673610      -2.0311781
       23.261781     -0.19669854      0.11187102       21.462965       21.920942      -2.0892252
       23.496749     -0.22410791      0.12167875       21.692765       22.169148      -2.1488566

Table series: Data for wavelength : 0.587562 µm.
   Y Angle (deg)       Tan Shift       Sag Shift     Real Height     Ref. Height      Distortion
  --------------  --------------  --------------  --------------  --------------  --------------
      0.00000000  5.7195298E-004  5.7195298E-004      0.00000000      0.00000000      0.00000000
      0.23496749  6.2877706E-004  5.6538143E-004      0.20930587      0.20930618 -1.4758772E-004
      0.46993498  8.0329651E-004  5.4565547E-004      0.41861693      0.41861941 -5.9043618E-004
      0.70490247  1.0948342E-003  5.1274115E-004      0.62793837      0.62794671 -1.3288031E-003
      0.93986996  1.5022596E-003  4.6658244E-004      0.83727535      0.83729514 -2.3631176E-003
       1.1748374  2.0239932E-003  4.0710216E-004       1.0466331       1.0466717 -3.6939813E-003
       1.4098049  2.6580133E-003  3.3420297E-004       1.2560167       1.2560836 -5.3221653E-003
       1.6447724  3.4018647E-003  2.4776913E-004       1.4654314       1.4655377 -7.2486140E-003
       1.8797399  4.2526692E-003  1.4766824E-004       1.6748824       1.6750411 -9.4744427E-003
       2.1147074  5.2071375E-003  3.3753396E-005       1.8843748       1.8846009    -0.012000938
       2.3496749  6.2615837E-003 -9.4134234E-005       2.0939137       2.0942242    -0.014829557
       2.5846424  7.4119408E-003 -2.3616264E-004       2.3035043       2.3039181    -0.017961929
       2.8196099  8.6537787E-003 -3.9250579E-004       2.5131517       2.5136896    -0.021399854
       3.0545774  9.9823229E-003 -5.6334022E-004       2.7228611       2.7235459    -0.025145302
       3.2895448     0.011392476 -7.4884125E-004       2.9326375       2.9334941    -0.029200413
       3.5245123     0.012878840 -9.4917897E-004       3.1424860       3.1435412    -0.033567498
       3.7594798     0.014435741 -1.1645139E-003       3.3524117       3.3536945    -0.038249038
       3.9944473     0.016057252 -1.3949924E-003       3.5624197       3.5639611    -0.043247684
       4.2294148     0.017737225 -1.6407418E-003       3.7725150       3.7743481    -0.048566255
       4.4643823     0.019469311 -1.9018653E-003       3.9827027       3.9848628    -0.054207740
       4.6993498     0.021247000 -2.1784365E-003       4.1929877       4.1955123    -0.060175295
       4.9343173     0.023063642 -2.4704939E-003       4.4033750       4.4063040    -0.066472246
       5.1692848     0.024912484 -2.7780351E-003       4.6138696       4.6172449    -0.073102087
       5.4042522     0.026786700 -3.1010106E-003       4.8244764       4.8283424    -0.080068476
       5.6392197     0.028679425 -3.4393177E-003       5.0352004       5.0396038    -0.087375241
       5.8741872     0.030583792 -3.7927941E-003       5.2460464       5.2510363    -0.095026374
       6.1091547     0.032492962 -4.1612112E-003       5.4570194       5.4626473     -0.10302603
       6.3441222     0.034400161 -4.5442673E-003       5.6681241       5.6744442     -0.11137854
       6.5790897     0.036298716 -4.9415808E-003       5.8793654       5.8864343     -0.12008839
       6.8140572     0.038182092 -5.3526832E-003       6.0907480       6.0986250     -0.12916022
       7.0490247     0.040043925 -5.7770121E-003       6.3022768       6.3110238     -0.13859885
       7.2839922     0.041878061 -6.2139034E-003       6.5139564       6.5236381     -0.14840926
       7.5189596     0.043678587 -6.6625846E-003       6.7257916       6.7364754     -0.15859657
       7.7539271     0.045439874 -7.1221673E-003       6.9377870       6.9495433     -0.16916610
       7.9888946     0.047156602 -7.5916395E-003       7.1499473       7.1628493     -0.18012328
       8.2238621     0.048823801 -8.0698583E-003       7.3622770       7.3764009     -0.19147375
       8.4588296     0.050436883 -8.5555427E-003       7.5747808       7.5902058     -0.20322326
       8.6937971     0.051991672 -9.0472658E-003       7.7874630       7.8042717     -0.21537776
       8.9287646     0.053484436 -9.5434476E-003       8.0003283       8.0186062     -0.22794332
       9.1637321     0.054911915    -0.010042347       8.2133811       8.2332171     -0.24092619
       9.3986996     0.056271351    -0.010542057       8.4266258       8.4481121     -0.25433277
       9.6336671     0.057560512    -0.011040493       8.6400668       8.6632991     -0.26816960
       9.8686345     0.058777714    -0.011535390       8.8537083       8.8787859     -0.28244338
       10.103602     0.059921845    -0.012024294       9.0675548       9.0945803     -0.29716099
       10.338570     0.060992382    -0.012504555       9.2816104       9.3106904     -0.31232942
       10.573537     0.061989404    -0.012973321       9.4958793       9.5271241     -0.32795584
       10.808504     0.062913610    -0.013427530       9.7103658       9.7438894     -0.34404757
       11.043472     0.063766320    -0.013863906       9.9250738       9.9609944     -0.36061207
       11.278439     0.064549487    -0.014278955       10.140008       10.178447     -0.37765697
       11.513407     0.065265692    -0.014668953       10.355171       10.396256     -0.39519005
       11.748374     0.065918143    -0.015029946       10.570568       10.614429     -0.41321923
       11.983342     0.066510666    -0.015357746       10.786203       10.832974     -0.43175260
       12.218309     0.067047690    -0.015647922       11.002079       11.051901     -0.45079842
       12.453277     0.067534226    -0.015895799       11.218200       11.271216     -0.47036508
       12.688244     0.067975845    -0.016096454       11.434571       11.490929     -0.49046117
       12.923212     0.068378639    -0.016244713       11.651194       11.711048     -0.51109541
       13.158179     0.068749189    -0.016335149       11.868073       11.931582     -0.53227673
       13.393147     0.069094511    -0.016362077       12.085212       12.152539     -0.55401420
       13.628114     0.069422002    -0.016319559       12.302615       12.373928     -0.57631709
       13.863082     0.069739379    -0.016201397       12.520285       12.595758     -0.59919486
       14.098049     0.070054601    -0.016001136       12.738224       12.818037     -0.62265717
       14.333017     0.070375784    -0.015712066       12.956438       13.040774     -0.64671386
       14.567984     0.070711112    -0.015327220       13.174928       13.263979     -0.67137501
       14.802952     0.071068724    -0.014839382       13.393698       13.487660     -0.69665092
       15.037919     0.071456596    -0.014241086       13.612751       13.711826     -0.72255213
       15.272887     0.071882411    -0.013524623       13.832091       13.936487     -0.74908942
       15.507854     0.072353406    -0.012682047       14.051719       14.161652     -0.77627386
       15.742822     0.072876216    -0.011705180       14.271639       14.387330     -0.80411681
       15.977789     0.073456687    -0.010585622       14.491853       14.613530     -0.83262992
       16.212757     0.074099682 -9.3147591E-003       14.712364       14.840262     -0.86182518
       16.447724     0.074808866 -7.8837776E-003       14.933175       15.067535     -0.89171496
       16.682692     0.075586461 -6.2836728E-003       15.154288       15.295359     -0.92231199
       16.917659     0.076432995 -4.5052656E-003       15.375705       15.523744     -0.95362943
       17.152627     0.077347010 -2.5392177E-003       15.597428       15.752699     -0.98568090
       17.387594     0.078324761 -3.7604988E-004       15.819459       15.982235      -1.0184805
       17.622562     0.079359872  1.9938381E-003       16.041800       16.212361      -1.0520429
       17.857529     0.080442976  4.5801454E-003       16.264452       16.443087      -1.0863834
       18.092497     0.081561317  7.3926456E-003       16.487418       16.674424      -1.1215178
       18.327464     0.082698321     0.010441159       16.710697       16.906382      -1.1574626
       18.562432     0.083833131     0.013735525       16.934291       17.138970      -1.1942353
       18.797399     0.084940106     0.017285567       17.158200       17.372200      -1.2318541
       19.032367     0.085988283     0.021101058       17.382426       17.606083      -1.2703379
       19.267334     0.086940793     0.025191683       17.606967       17.840627      -1.3097069
       19.502302     0.087754236     0.029566992       17.831825       18.075846      -1.3499823
       19.737269     0.088378013     0.034236362       18.056998       18.311748      -1.3911864
       19.972237     0.088753611     0.039208938       18.282484       18.548346      -1.4333429
       20.207204     0.088813837     0.044493586       18.508284       18.785650      -1.4764769
       20.442172     0.088482012     0.050098830       18.734395       19.023671      -1.5206151
       20.677139     0.087671104     0.056032789       18.960813       19.262422      -1.5657858
       20.912107     0.086282826     0.062303110       19.187538       19.501912      -1.6120192
       21.147074     0.084206683     0.068916892       19.414563       19.742154      -1.6593476
       21.382042     0.081318975     0.075880607       19.641887       19.983160      -1.7078055
       21.617009     0.077481765     0.083200014       19.869502       20.224941      -1.7574297
       21.851976     0.072541817     0.090880067       20.097403       20.467509      -1.8082597
       22.086944     0.066329511     0.098924815       20.325584       20.710876      -1.8603380
       22.321911     0.058657745      0.10733730       20.554035       20.955054      -1.9137101
       22.556879     0.049320863      0.11611943       20.782749       21.200057      -1.9684248
       22.791846     0.038093583      0.12527188       21.011715       21.445895      -2.0245348
       23.026814     0.024730004      0.13479395       21.240921       21.692582      -2.0820967
       23.261781  8.9626887E-003      0.14468343       21.470354       21.940130      -2.1411714
       23.496749 -9.4981224E-003      0.15493644       21.700000       22.188553      -2.2018246

Table series: Data for wavelength : 0.656273 µm.
   Y Angle (deg)       Tan Shift       Sag Shift     Real Height     Ref. Height      Distortion
  --------------  --------------  --------------  --------------  --------------  --------------
      0.00000000     0.047311303     0.047311303      0.00000000      0.00000000      0.00000000
      0.23496749     0.047370581     0.047304315      0.20940916      0.20940942 -1.2477854E-004
      0.46993498     0.047552947     0.047283340      0.41882349      0.41882589 -5.7270001E-004
      0.70490247     0.047857733     0.047248345      0.62824815      0.62825644 -1.3195222E-003
      0.93986996     0.048283828     0.047199277      0.83768831      0.83770813 -2.3656747E-003
       1.1748374     0.048829679     0.047136062       1.0471491       1.0471880 -3.7117777E-003
       1.4098049     0.049493300     0.047058608       1.2566358       1.2567031 -5.3585667E-003
       1.6447724     0.050272275     0.046966804       1.4661534       1.4662605 -7.3070051E-003
       1.8797399     0.051163776     0.046860523       1.6757071       1.6758673 -9.5582092E-003
       2.1147074     0.052164570     0.046739627       1.8853021       1.8855305    -0.012113467
       2.3496749     0.053271036     0.046603965       2.0949435       2.0952572    -0.014974236
       2.5846424     0.054479178     0.046453378       2.3046363       2.3050545    -0.018142148
       2.8196099     0.055784645     0.046287702       2.5143858       2.5149295    -0.021619003
       3.0545774     0.057182748     0.046106773       2.7241970       2.7248893    -0.025406774
       3.2895448     0.058668484     0.045910427       2.9340750       2.9349410    -0.029507602
       3.5245123     0.060236555     0.045698506       3.1440248       3.1450917    -0.033923801
       3.7594798     0.061881395     0.045470865       3.3540516       3.3553487    -0.038657852
       3.9944473     0.063597194     0.045227372       3.5641603       3.5657190    -0.043712409
       4.2294148     0.065377923     0.044967916       3.7743560       3.7762098    -0.049090293
       4.4643823     0.067217366     0.044692410       3.9846437       3.9868283    -0.054794495
       4.6993498     0.069109148     0.044400798       4.1950284       4.1975818    -0.060828174
       4.9343173     0.071046761     0.044093060       4.4055151       4.4084773    -0.067194658
       5.1692848     0.073023604     0.043769218       4.6161086       4.6195223    -0.073897442
       5.4042522     0.075033009     0.043429341       4.8268139       4.8307239    -0.080940189
       5.6392197     0.077068274     0.043073555       5.0376360       5.0420895    -0.088326726
       5.8741872     0.079122704     0.042702042       5.2485796       5.2536263    -0.096061050
       6.1091547     0.081189637     0.042315055       5.4596497       5.4653417     -0.10414732
       6.3441222     0.083262485     0.041912918       5.6708511       5.6772431     -0.11258986
       6.5790897     0.085334768     0.041496039       5.8821885       5.8893377     -0.12139317
       6.8140572     0.087400149     0.041064910       6.0936667       6.1016331     -0.13056189
       7.0490247     0.089452471     0.040620121       6.3052905       6.3141367     -0.14010084
       7.2839922     0.091485793     0.040162363       6.5170646       6.5268559     -0.15001500
       7.5189596     0.093494423     0.039692436       6.7289936       6.7397982     -0.16030950
       7.7539271     0.095472958     0.039211257       6.9410823       6.9529711     -0.17098965
       7.9888946     0.097416317     0.038719869       7.1533351       7.1663823     -0.18206090
       8.2238621     0.099319773     0.038219443       7.3657568       7.3800393     -0.19352888
       8.4588296      0.10117899     0.037711293       7.5783517       7.5939496     -0.20539934
       8.6937971      0.10299004     0.037196878       7.7911245       7.8081211     -0.21767824
       8.9287646      0.10474948     0.036677810       8.0040796       8.0225614     -0.23037165
       9.1637321      0.10645432     0.036155865       8.2172215       8.2372781     -0.24348582
       9.3986996      0.10810207     0.035632985       8.4305545       8.4522791     -0.25702715
       9.6336671      0.10969082     0.035111290       8.6440829       8.6675722     -0.27100219
       9.8686345      0.11121918     0.034593082       8.8578112       8.8831653     -0.28541765
       10.103602      0.11268636     0.034080853       9.0717435       9.0990662     -0.30028038
       10.338570      0.11409216     0.033577293       9.2858841       9.3152829     -0.31559741
       10.573537      0.11543701     0.033085292       9.5002371       9.5318233     -0.33137589
       10.808504      0.11672196     0.032607954       9.7148068       9.7486955     -0.34762314
       11.043472      0.11794869     0.032148597       9.9295971       9.9659076     -0.36434663
       11.278439      0.11911954     0.031710760       10.144612       10.183468     -0.38155400
       11.513407      0.12023751     0.031298211       10.359856       10.401384     -0.39925301
       11.748374      0.12130620     0.030914950       10.575333       10.619664     -0.41745160
       11.983342      0.12232988     0.030565215       10.791046       10.838318     -0.43615786
       12.218309      0.12331345     0.030253486       11.006999       11.057352     -0.45538004
       12.453277      0.12426238     0.029984489       11.223197       11.276776     -0.47512655
       12.688244      0.12518276     0.029763201       11.439642       11.496597     -0.49540595
       12.923212      0.12608121     0.029594851       11.656339       11.716825     -0.51622700
       13.158179      0.12696485     0.029484926       11.873292       11.937467     -0.53759860
       13.393147      0.12784131     0.029439168       12.090503       12.158533     -0.55952983
       13.628114      0.12871859     0.029463580       12.307976       12.380031     -0.58202997
       13.863082      0.12960508     0.029564425       12.525715       12.601970     -0.60510847
       14.098049      0.13050943     0.029748228       12.743723       12.824359     -0.62877498
       14.333017      0.13144049     0.030021771       12.962003       13.047207     -0.65303935
       14.567984      0.13240724     0.030392096       13.180559       13.270521     -0.67791165
       14.802952      0.13341866     0.030866500       13.399394       13.494313     -0.70340218
       15.037919      0.13448362     0.031452533       13.618510       13.718590     -0.72952147
       15.272887      0.13561075     0.032157993       13.837911       13.943361     -0.75628030
       15.507854      0.13680832     0.032990922       14.057599       14.168637     -0.78368972
       15.742822      0.13808405     0.033959597       14.277578       14.394426     -0.81176108
       15.977789      0.13944497     0.035072526       14.497850       14.620738     -0.84050601
       16.212757      0.14089719     0.036338435       14.718417       14.847581     -0.86993650
       16.447724      0.14244573     0.037766259       14.939282       15.074967     -0.90006488
       16.682692      0.14409426     0.039365133       15.160448       15.302903     -0.93090386
       16.917659      0.14584488     0.041144374       15.381916       15.531401     -0.96246657
       17.152627      0.14769780     0.043113469       15.603689       15.760469     -0.99476660
       17.387594      0.14965110     0.045282056       15.825769       15.990118      -1.0278180
       17.622562      0.15170034     0.047659907       16.048157       16.220358      -1.0616354
       17.857529      0.15383827     0.050256905       16.270854       16.451198      -1.0962340
       18.092497      0.15605441     0.053083022       16.493863       16.682649      -1.1316295
       18.327464      0.15833464     0.056148293       16.717184       16.914721      -1.1678385
       18.562432      0.16066075     0.059462789       16.940818       17.147424      -1.2048783
       18.797399      0.16300996     0.063036583       17.164767       17.380769      -1.2427668
       19.032367      0.16535441     0.066879721       17.389029       17.614767      -1.2815231
       19.267334      0.16766057     0.071002179       17.613606       17.849427      -1.3211671
       19.502302      0.16988864     0.075413830       17.838498       18.084761      -1.3617198
       19.737269      0.17199194     0.080124393       18.063703       18.320780      -1.4032035
       19.972237      0.17391617     0.085143393       18.289220       18.557495      -1.4456414
       20.207204      0.17559868     0.090480103       18.515049       18.794916      -1.4890586
       20.442172      0.17696771     0.096143492       18.741186       19.033055      -1.5334813
       20.677139      0.17794153      0.10214217       18.967631       19.271923      -1.5789377
       20.912107      0.17842756      0.10848430       19.194380       19.511531      -1.6254576
       21.147074      0.17832147      0.11517757       19.421429       19.751892      -1.6730728
       21.382042      0.17750617      0.12222907       19.648773       19.993017      -1.7218174
       21.617009      0.17585087      0.12964526       19.876409       20.234917      -1.7717277
       21.851976      0.17320995      0.13743184       20.104330       20.477604      -1.8228426
       22.086944      0.16942199      0.14559367       20.332529       20.721091      -1.8752039
       22.321911      0.16430866      0.15413469       20.560998       20.965390      -1.9288564
       22.556879      0.15767364      0.16305780       20.789729       21.210513      -1.9838481
       22.791846      0.14930162      0.17236473       21.018711       21.456473      -2.0402308
       23.026814      0.13895726      0.18205597       21.247934       21.703282      -2.0980599
       23.261781      0.12638432      0.19213057       21.477383       21.950952      -2.1573953
       23.496749      0.11130481      0.20258608       21.707046       22.199497      -2.2183013
