Results for:	Listing of Longitudinal Aberration Data


File:	C:\Users\User\OneDrive - Massachusetts Institute of Technology\Documents\MIT\Grad School\Classes\2.156\Lens Project\Prime Lenses\Samy&Gao-1(220deg).zmx
Title:	Samy & Gao
Date:	11/7/2025 3:50:01 PM

0 message(s) in output.
1 series table(s) in output.

Table series: Units are Millimeters.
      Rel. Pupil          0.4861          0.5876          0.6563
  --------------  --------------  --------------  --------------
      0.00000000  8.0020089E-003  2.2151454E-003  5.2648035E-003
     0.010000000  7.9974122E-003  2.2107966E-003  5.2605685E-003
     0.020000000  7.9790273E-003  2.1934035E-003  5.2436306E-003
     0.030000000  7.9483932E-003  2.1644223E-003  5.2154081E-003
     0.040000000  7.9055206E-003  2.1238640E-003  5.1759121E-003
     0.050000000  7.8504248E-003  2.0717439E-003  5.1251579E-003
     0.060000000  7.7831252E-003  2.0080818E-003  5.0631655E-003
     0.070000000  7.7036459E-003  1.9329018E-003  4.9899592E-003
     0.080000000  7.6120151E-003  1.8462327E-003  4.9055678E-003
     0.090000000  7.5082656E-003  1.7481073E-003  4.8100245E-003
      0.10000000  7.3924345E-003  1.6385632E-003  4.7033670E-003
      0.11000000  7.2645633E-003  1.5176424E-003  4.5856376E-003
      0.12000000  7.1246981E-003  1.3853914E-003  4.4568831E-003
      0.13000000  6.9728895E-003  1.2418613E-003  4.3171547E-003
      0.14000000  6.8091923E-003  1.0871076E-003  4.1665086E-003
      0.15000000  6.6336663E-003  9.2119045E-004  4.0050051E-003
      0.16000000  6.4463757E-003  7.4417479E-004  3.8327095E-003
      0.17000000  6.2473891E-003  5.5613008E-004  3.6496918E-003
      0.18000000  6.0367800E-003  3.5713049E-004  3.4560266E-003
      0.19000000  5.8146267E-003  1.4725500E-004  3.2517933E-003
      0.20000000  5.5810120E-003 -7.3412651E-005  3.0370762E-003
      0.21000000  5.3360236E-003 -3.0478388E-004  2.8119644E-003
      0.22000000  5.0797540E-003 -5.4676518E-004  2.5765519E-003
      0.23000000  4.8123007E-003 -7.9925813E-004  2.3309379E-003
      0.24000000  4.5337661E-003 -1.0621593E-003  2.0752263E-003
      0.25000000  4.2442577E-003 -1.3353601E-003  1.8095264E-003
      0.26000000  3.9438878E-003 -1.6187469E-003  1.5339525E-003
      0.27000000  3.6327741E-003 -1.9122010E-003  1.2486242E-003
      0.28000000  3.3110396E-003 -2.2155980E-003  9.5366629E-004
      0.29000000  2.9788123E-003 -2.5288087E-003  6.4920912E-004
      0.30000000  2.6362257E-003 -2.8516982E-003  3.3538835E-004
      0.31000000  2.2834188E-003 -3.1841259E-003  1.2345211E-005
      0.32000000  1.9205361E-003 -3.5259461E-003 -3.1977344E-004
      0.33000000  1.5477275E-003 -3.8770070E-003 -6.6081506E-004
      0.34000000  1.1651490E-003 -4.2371514E-003 -1.0106213E-003
      0.35000000  7.7296195E-004 -4.6062158E-003 -1.3690279E-003
      0.36000000  3.7133393E-004 -4.9840312E-003 -1.7358646E-003
      0.37000000 -3.9561648E-005 -5.3704223E-003 -2.1109552E-003
      0.38000000 -4.5954526E-004 -5.7652077E-003 -2.4941170E-003
      0.39000000 -8.8843116E-004 -6.1681997E-003 -2.8851613E-003
      0.40000000 -1.3260273E-003 -6.5792043E-003 -3.2838928E-003
      0.41000000 -1.7721352E-003 -6.9980208E-003 -3.6901097E-003
      0.42000000 -2.2265498E-003 -7.4244422E-003 -4.1036035E-003
      0.43000000 -2.6890594E-003 -7.8582543E-003 -4.5241589E-003
      0.44000000 -3.1594454E-003 -8.2992364E-003 -4.9515538E-003
      0.45000000 -3.6374824E-003 -8.7471606E-003 -5.3855588E-003
      0.46000000 -4.1229378E-003 -9.2017919E-003 -5.8259375E-003
      0.47000000 -4.6155722E-003 -9.6628883E-003 -6.2724464E-003
      0.48000000 -5.1151375E-003    -0.010130199 -6.7248331E-003
      0.49000000 -5.6213794E-003    -0.010603467 -7.1828393E-003
      0.50000000 -6.1340355E-003    -0.011082428 -7.6461979E-003
      0.51000000 -6.6528355E-003    -0.011566807 -8.1146341E-003
      0.52000000 -7.1775012E-003    -0.012056324 -8.5878647E-003
      0.53000000 -7.7077458E-003    -0.012550689 -9.0655984E-003
      0.54000000 -8.2432750E-003    -0.013049604 -9.5475355E-003
      0.55000000 -8.7837842E-003    -0.013552762    -0.010033366
      0.56000000 -9.3289615E-003    -0.014059847    -0.010522774
      0.57000000 -9.8784854E-003    -0.014570534    -0.011015430
      0.58000000    -0.010432025    -0.015084490    -0.011511000
      0.59000000    -0.010989242    -0.015601369    -0.012009138
      0.60000000    -0.011549784    -0.016120819    -0.012509486
      0.61000000    -0.012113293    -0.016642477    -0.013011680
      0.62000000    -0.012679399    -0.017165968    -0.013515344
      0.63000000    -0.013247722    -0.017690907    -0.014020090
      0.64000000    -0.013817872    -0.018216901    -0.014525521
      0.65000000    -0.014389445    -0.018743542    -0.015031228
      0.66000000    -0.014962030    -0.019270413    -0.015536792
      0.67000000    -0.015535202    -0.019797085    -0.016041779
      0.68000000    -0.016108525    -0.020323117    -0.016545746
      0.69000000    -0.016681551    -0.020848056    -0.017048237
      0.70000000    -0.017253819    -0.021371434    -0.017548783
      0.71000000    -0.017824855    -0.021892775    -0.018046902
      0.72000000    -0.018394173    -0.022411584    -0.018542098
      0.73000000    -0.018961272    -0.022927358    -0.019033863
      0.74000000    -0.019525640    -0.023439576    -0.019521673
      0.75000000    -0.020086749    -0.023947703    -0.020004992
      0.76000000    -0.020644055    -0.024451192    -0.020483265
      0.77000000    -0.021197001    -0.024949477    -0.020955927
      0.78000000    -0.021745014    -0.025441980    -0.021422393
      0.79000000    -0.022287506    -0.025928105    -0.021882063
      0.80000000    -0.022823871    -0.026407239    -0.022334322
      0.81000000    -0.023353488    -0.026878753    -0.022778536
      0.82000000    -0.023875717    -0.027342000    -0.023214054
      0.83000000    -0.024389902    -0.027796316    -0.023640207
      0.84000000    -0.024895367    -0.028241018    -0.024056307
      0.85000000    -0.025391419    -0.028675403    -0.024461647
      0.86000000    -0.025877344    -0.029098749    -0.024855500
      0.87000000    -0.026352410    -0.029510314    -0.025237120
      0.88000000    -0.026815862    -0.029909335    -0.025605737
      0.89000000    -0.027266926    -0.030295028    -0.025960563
      0.90000000    -0.027704804    -0.030666585    -0.026300785
      0.91000000    -0.028128679    -0.031023179    -0.026625568
      0.92000000    -0.028537706    -0.031363954    -0.026934053
      0.93000000    -0.028931020    -0.031688035    -0.027225357
      0.94000000    -0.029307730    -0.031994519    -0.027498572
      0.95000000    -0.029666919    -0.032282477    -0.027752763
      0.96000000    -0.030007645    -0.032550956    -0.027986968
      0.97000000    -0.030328938    -0.032798973    -0.028200199
      0.98000000    -0.030629800    -0.033025516    -0.028391438
      0.99000000    -0.030909204    -0.033229547    -0.028559638
       1.0000000    -0.031166094    -0.033409995    -0.028703721
