Results for:	
File:	C:\Users\User\OneDrive - Massachusetts Institute of Technology\Documents\MIT\Grad School\Classes\2.156\Lens Project\Prime Lenses\JP2020-190696_Example03MLP.zmx
Title:	JP 2020-190696 Example 3 ML (Canon EF24mm f2.8 IS USM)
Date:	11/7/2025 5:33:00 PM

0 message(s) in output.
3 series table(s) in output.

Table series: Data for wavelength : 0.486133 µm.
   Y Angle (deg)       Tan Shift       Sag Shift     Real Height     Ref. Height      Distortion
  --------------  --------------  --------------  --------------  --------------  --------------
      0.00000000    -0.040377560    -0.040377560      0.00000000      0.00000000      0.00000000
      0.42171598    -0.040399549    -0.040436235      0.18088004      0.18088106 -5.6836707E-004
      0.84343197    -0.040460854    -0.040612202      0.36177393      0.36178173 -2.1557062E-003
       1.2651479    -0.040560990    -0.040905284      0.54269555      0.54272160 -4.8007324E-003
       1.6868639    -0.040699161    -0.041315187      0.72365877      0.72372031 -8.5025049E-003
       2.1085799    -0.040874263    -0.041841500      0.90467753      0.90479750    -0.013259758
       2.5302959    -0.041084889    -0.042483695       1.0857658       1.0859729    -0.019070862
       2.9520119    -0.041329335    -0.043241126       1.2669375       1.2672661    -0.025933822
       3.3737279    -0.041605609    -0.044113031       1.4482067       1.4486971    -0.033846275
       3.7954438    -0.041911434    -0.045098531       1.6295877       1.6302855    -0.042805491
       4.2171598    -0.042244265    -0.046196628       1.8110945       1.8120514    -0.052808363
       4.6388758    -0.042601292    -0.047406212       1.9927415       1.9940147    -0.063851413
       5.0605918    -0.042979458    -0.048726054       2.1745430       2.1761954    -0.075930781
       5.4823078    -0.043375473    -0.050154810       2.3565137       2.3586139    -0.089042224
       5.9040238    -0.043785822    -0.051691020       2.5386681       2.5412902     -0.10318111
       6.3257397    -0.044206789    -0.053333109       2.7210209       2.7242448     -0.11834243
       6.7474557    -0.044634471    -0.055079388       2.9035871       2.9074983     -0.13452074
       7.1691717    -0.045064794    -0.056928051       3.0863817       3.0910711     -0.15171024
       7.5908877    -0.045493541    -0.058877180       3.2694199       3.2749842     -0.16990469
       8.0126037    -0.045916363    -0.060924742       3.4527171       3.4592585     -0.18909744
       8.4343197    -0.046328813    -0.063068590       3.6362890       3.6439150     -0.20928142
       8.8560356    -0.046726362    -0.065306463       3.8201512       3.8289751     -0.23044912
       9.2777516    -0.047104426    -0.067635986       4.0043198       4.0144600     -0.25259261
       9.6994676    -0.047458396    -0.070054672       4.1888110       4.2003916     -0.27570348
       10.121184    -0.047783666    -0.072559918       4.3736412       4.3867916     -0.29977290
       10.542900    -0.048075658    -0.075149011       4.5588271       4.5736820     -0.32479153
       10.964616    -0.048329858    -0.077819121       4.7443857       4.7610852     -0.35074959
       11.386332    -0.048541846    -0.080567306       4.9303343       4.9490237     -0.37763678
       11.808048    -0.048707331    -0.083390508       5.1166904       5.1375201     -0.40544230
       12.229764    -0.048822184    -0.086285556       5.3034718       5.3265975     -0.43415485
       12.651479    -0.048882479    -0.089249161       5.4906968       5.5162792     -0.46376256
       13.073195    -0.048884522    -0.092277920       5.6783837       5.7065887     -0.49425306
       13.494911    -0.048824899    -0.095368311       5.8665516       5.8975499     -0.52561338
       13.916627    -0.048700511    -0.098516693       6.0552196       6.0891869     -0.55782999
       14.338343    -0.048508617     -0.10171930       6.2444074       6.2815242     -0.59088874
       14.760059    -0.048246873     -0.10497226       6.4341350       6.4745866     -0.62477487
       15.181775    -0.047913380     -0.10827156       6.6244229       6.6683992     -0.65947298
       15.603491    -0.047506724     -0.11161305       6.8152921       6.8629876     -0.69496701
       16.025207    -0.047026023     -0.11499248       7.0067639       7.0583776     -0.73124021
       16.446923    -0.046470974     -0.11840544       7.1988602       7.2545955     -0.76827510
       16.868639    -0.045841894     -0.12184740       7.3916035       7.4516679     -0.80605349
       17.290355    -0.045139770     -0.12531367       7.5850167       7.6496220     -0.84455639
       17.712071    -0.044366307     -0.12879943       7.7791232       7.8484853     -0.88376403
       18.133787    -0.043523969     -0.13229969       7.9739473       8.0482858     -0.92365581
       18.555503    -0.042616031     -0.13580930       8.1695136       8.2490518     -0.96421023
       18.977219    -0.041646621     -0.13932296       8.3658475       8.4508123      -1.0054049
       19.398935    -0.040620765     -0.14283517       8.5629750       8.6535969      -1.0472165
       19.820651    -0.039544429     -0.14634026       8.7609228       8.8574353      -1.0896208
       20.242367    -0.038424563     -0.14983236       8.9597186       9.0623581      -1.1325923
       20.664083    -0.037269139     -0.15330537       9.1593904       9.2683965      -1.1761046
       21.085799    -0.036087185     -0.15675299       9.3599675       9.4755819      -1.2201302
       21.507515    -0.034888819     -0.16016868       9.5614796       9.6839467      -1.2646402
       21.929231    -0.033685281     -0.16354564       9.7639577       9.8935237      -1.3096047
       22.350947    -0.032488951     -0.16687678       9.9674334       10.104346      -1.3549923
       22.772663    -0.031313369     -0.17015474       10.171939       10.316449      -1.4007703
       23.194379    -0.030173248     -0.17337184       10.377510       10.529867      -1.4469046
       23.616095    -0.029084474     -0.17652003       10.584179       10.744635      -1.4933593
       24.037811    -0.028064101     -0.17959091       10.791983       10.960789      -1.5400973
       24.459527    -0.027130337     -0.18257567       11.000959       11.178368      -1.5870794
       24.881243    -0.026302508     -0.18546507       11.211145       11.397409      -1.6342648
       25.302959    -0.025601024     -0.18824937       11.422581       11.617950      -1.6816108
       25.724675    -0.025047316     -0.19091833       11.635308       11.840031      -1.7290726
       26.146391    -0.024663759     -0.19346112       11.849369       12.063693      -1.7766032
       26.568107    -0.024473576     -0.19586631       12.064807       12.288977      -1.8241536
       26.989823    -0.024500721     -0.19812178       12.281669       12.515926      -1.8716721
       27.411539    -0.024769729     -0.20021466       12.500001       12.744583      -1.9191047
       27.833255    -0.025305541     -0.20213127       12.719852       12.974992      -1.9663944
       28.254971    -0.026133298     -0.20385704       12.941274       13.207198      -2.0134815
       28.676687    -0.027278092     -0.20537642       13.164319       13.441250      -2.0603034
       29.098403    -0.028764679     -0.20667278       13.389043       13.677193      -2.1067940
       29.520119    -0.030617140     -0.20772829       13.615502       13.915077      -2.1528837
       29.941835    -0.032858495     -0.20852384       13.843756       14.154953      -2.1984995
       30.363551    -0.035510251     -0.20903889       14.073868       14.396871      -2.2435641
       30.785267    -0.038591879     -0.20925131       14.305902       14.640885      -2.2879963
       31.206983    -0.042120228     -0.20913725       14.539925       14.887048      -2.3317101
       31.628699    -0.046108834     -0.20867094       14.776008       15.135416      -2.3746151
       32.050415    -0.050567146     -0.20782451       15.014224       15.386046      -2.4166153
       32.472131    -0.055499633     -0.20656778       15.254651       15.638997      -2.4576097
       32.893847    -0.060904769     -0.20486799       15.497369       15.894329      -2.4974912
       33.315563    -0.066773878     -0.20268958       15.742462       16.152103      -2.5361463
       33.737279    -0.073089814     -0.19999384       15.990018       16.412384      -2.5734550
       34.158995    -0.079825456     -0.19673866       16.240131       16.675236      -2.6092900
       34.580711    -0.086942003     -0.19287807       16.492896       16.940727      -2.6435163
       35.002427    -0.094387016     -0.18836193       16.748417       17.208926      -2.6759907
       35.424143     -0.10209219     -0.18313541       17.006800       17.479904      -2.7065611
       35.845859     -0.10997082     -0.17713854       17.268158       17.753734      -2.7350657
       36.267575     -0.11791487     -0.17030563       17.532610       18.030492      -2.7613328
       36.689291     -0.12579165     -0.16256463       17.800282       18.310256      -2.7851796
       37.111006     -0.13343996     -0.15383648       18.071306       18.593105      -2.8064115
       37.532722     -0.14066570     -0.14403429       18.345820       18.879122      -2.8248215
       37.954438     -0.14723673     -0.13306250       18.623973       19.168392      -2.8401890
       38.376154     -0.15287698     -0.12081589       18.905921       19.461003      -2.8522789
       38.797870     -0.15725958     -0.10717849       19.191827       19.757044      -2.8608406
       39.219586     -0.15999882    -0.092022349       19.481867       20.056611      -2.8656070
       39.641302     -0.16064078    -0.075206153       19.776227       20.359798      -2.8662931
       40.063018     -0.15865226    -0.056573663       20.075102       20.666706      -2.8625953
       40.484734     -0.15340772    -0.035951961       20.378701       20.977437      -2.8541893
       40.906450     -0.14417380    -0.013149454       20.687246       21.292097      -2.8407298
       41.328166     -0.13009083     0.012046374       21.000972       21.610796      -2.8218483
       41.749882     -0.11015061     0.039871516       21.320130       21.933648      -2.7971526
       42.171598    -0.083169739     0.070588339       21.644987       22.260770      -2.7662246

Table series: Data for wavelength : 0.587562 µm.
   Y Angle (deg)       Tan Shift       Sag Shift     Real Height     Ref. Height      Distortion
  --------------  --------------  --------------  --------------  --------------  --------------
      0.00000000  1.9831760E-003  1.9831760E-003      0.00000000      0.00000000      0.00000000
      0.42171598  1.9592369E-003  1.9222615E-003      0.18104768      0.18104865 -5.3554809E-004
      0.84343197  1.8937100E-003  1.7395750E-003      0.36210917      0.36211692 -2.1420189E-003
       1.2651479  1.7870712E-003  1.4352878E-003      0.54319826      0.54322444 -4.8188767E-003
       1.6868639  1.6401005E-003  1.0096854E-003      0.72432880      0.72439085 -8.5652375E-003
       2.1085799  1.4538787E-003  4.6316714E-004      0.90551464      0.90563581    -0.013379859
       2.5302959  1.2297827E-003 -2.0375349E-004       1.0867697       1.0869790    -0.019261144
       2.9520119  9.6947994E-004 -9.9044938E-004       1.2681078       1.2684403    -0.026207134
       3.3737279  6.7492091E-004 -1.8961799E-003       1.4495432       1.4500393    -0.034215512
       3.7954438  3.4833121E-004 -2.9200909E-003       1.6310897       1.6317960    -0.043283597
       4.2171598 -7.7985074E-006 -4.0612153E-003       1.8127616       1.8137303    -0.053408346
       4.6388758 -3.9072329E-004 -5.3184732E-003       1.9945731       1.9958622    -0.064586343
       5.0605918 -7.9745636E-004 -6.6906724E-003       2.1765386       2.1782117    -0.076813803
       5.4823078 -1.2247826E-003 -8.1765080E-003       2.3586724       2.3607991    -0.090086564
       5.9040238 -1.6692736E-003 -9.7745637E-003       2.5409892       2.5436447     -0.10440009
       6.3257397 -2.1273038E-003    -0.011483312       2.7235036       2.7267689     -0.11974944
       6.7474557 -2.5950680E-003    -0.013301113       2.9062305       2.9101921     -0.13612931
       7.1691717 -3.0686006E-003    -0.015226218       3.0891848       3.0939351     -0.15353400
       7.5908877 -3.5437956E-003    -0.017256766       3.2723818       3.2780186     -0.17195737
       8.0126037 -4.0164283E-003    -0.019390786       3.4558367       3.4624636     -0.19139292
       8.4343197 -4.4821781E-003    -0.021626200       3.6395650       3.6472912     -0.21183371
       8.8560356 -4.9366536E-003    -0.023960817       3.8235824       3.8325227     -0.23327237
       9.2777516 -5.3754170E-003    -0.026392339       4.0079050       4.0181795     -0.25570112
       9.6994676 -5.7940126E-003    -0.028918358       4.1925487       4.2042833     -0.27911174
       10.121184 -6.1879941E-003    -0.031536357       4.3775300       4.3908560     -0.30349553
       10.542900 -6.5529554E-003    -0.034243711       4.5628654       4.5779196     -0.32884336
       10.964616 -6.8845608E-003    -0.037037686       4.7485720       4.7654964     -0.35514562
       11.386332 -7.1785783E-003    -0.039915438       4.9346668       4.9536090     -0.38239223
       11.808048 -7.4309134E-003    -0.042874015       5.1211673       5.1422801     -0.41057259
       12.229764 -7.6376435E-003    -0.045910356       5.3080912       5.3315327     -0.43967561
       12.651479 -7.7950556E-003    -0.049021288       5.4954567       5.5213901     -0.46968968
       13.073195 -7.8996831E-003    -0.052203530       5.6832821       5.7118759     -0.50060264
       13.494911 -7.9483451E-003    -0.055453686       5.8715863       5.9030141     -0.53240180
       13.916627 -7.9381868E-003    -0.058768249       6.0603883       6.0948286     -0.56507388
       14.338343 -7.8667204E-003    -0.062143598       6.2497078       6.2873441     -0.59860500
       14.760059 -7.7318677E-003    -0.065575996       6.4395645       6.4805854     -0.63298072
       15.181775 -7.5320030E-003    -0.069061588       6.6299790       6.6745776     -0.66818592
       15.603491 -7.2659985E-003    -0.072596399       6.8209720       6.8693462     -0.70420487
       16.025207 -6.9332679E-003    -0.076176329       7.0125647       7.0649173     -0.74102113
       16.446923 -6.5338126E-003    -0.079797153       7.2047791       7.2613170     -0.77861759
       16.868639 -6.0682681E-003    -0.083454518       7.3976372       7.4585720     -0.81697640
       17.290355 -5.5379504E-003    -0.087143933       7.5911620       7.6567095     -0.85607897
       17.712071 -4.9449021E-003    -0.090860770       7.7853769       7.8557571     -0.89590590
       18.133787 -4.2919397E-003    -0.094600254       7.9803057       8.0557426     -0.93643701
       18.555503 -3.5826993E-003    -0.098357462       8.1759730       8.2566946     -0.97765122
       18.977219 -2.8216819E-003     -0.10212731       8.3724040       8.4586421      -1.0195266
       19.398935 -2.0142985E-003     -0.10590454       8.5696247       8.6616145      -1.0620403
       19.820651 -1.1669131E-003     -0.10968374       8.7676615       8.8656418      -1.1051685
       20.242367 -2.8688372E-004     -0.11345929       8.9665419       9.0707545      -1.1488863
       20.664083  6.1739812E-004     -0.11722537       9.1662938       9.2769838      -1.1931678
       21.085799  1.5364710E-003     -0.12097597       9.3669461       9.4843612      -1.2379860
       21.507515  2.4597714E-003     -0.12470484       9.5685285       9.6929190      -1.2833126
       21.929231  3.3756044E-003     -0.12840549       9.7710717       9.9026902      -1.3291184
       22.350947  4.2711199E-003     -0.13207117       9.9746072       10.113708      -1.3753724
       22.772663  5.1322951E-003     -0.13569484       10.179167       10.326008      -1.4220428
       23.194379  5.9439230E-003     -0.13926919       10.384786       10.539623      -1.4690959
       23.616095  6.6896089E-003     -0.14278654       10.591497       10.754590      -1.5164969
       24.037811  7.3517765E-003     -0.14623889       10.799336       10.970945      -1.5642090
       24.459527  7.9116837E-003     -0.14961784       11.008341       11.188725      -1.6121940
       24.881243  8.3494514E-003     -0.15291455       11.218549       11.407969      -1.6604120
       25.302959  8.6441043E-003     -0.15611976       11.430000       11.628714      -1.7088209
       25.724675  8.7736299E-003     -0.15922369       11.642734       11.851001      -1.7573769
       26.146391  8.7150522E-003     -0.16221601       11.856794       12.074870      -1.8060340
       26.568107  8.4445285E-003     -0.16508580       12.072223       12.300363      -1.8547440
       26.989823  7.9374664E-003     -0.16782150       12.289066       12.527522      -1.9034564
       27.411539  7.1686679E-003     -0.17041080       12.507371       12.756391      -1.9521180
       27.833255  6.1125034E-003     -0.17284064       12.727185       12.987013      -2.0006732
       28.254971  4.7431155E-003     -0.17509707       12.948561       13.219435      -2.0490633
       28.676687  3.0346630E-003     -0.17716521       13.171548       13.453703      -2.0972269
       29.098403  9.6160473E-004     -0.17902914       13.396204       13.689865      -2.1450991
       29.520119 -1.5009701E-003     -0.18067178       13.622584       13.927970      -2.1926119
       29.941835 -4.3769584E-003     -0.18207480       13.850746       14.168068      -2.2396934
       30.363551 -7.6887997E-003     -0.18321849       14.080754       14.410210      -2.2862680
       30.785267    -0.011456968     -0.18408161       14.312670       14.654450      -2.3322558
       31.206983    -0.015699388     -0.18464124       14.546562       14.900841      -2.3775727
       31.628699    -0.020430763     -0.18487259       14.782500       15.149439      -2.4221298
       32.050415    -0.025661817     -0.18474886       15.020556       15.400301      -2.4658331
       32.472131    -0.031398416     -0.18424098       15.260806       15.653487      -2.5085833
       32.893847    -0.037640580     -0.18331738       15.503330       15.909055      -2.5502753
       33.315563    -0.044381348     -0.18194377       15.748212       16.167068      -2.5907979
       33.737279    -0.051605492     -0.18008281       15.995539       16.427590      -2.6300331
       34.158995    -0.059288051     -0.17769380       16.245402       16.690686      -2.6678561
       34.580711    -0.067392660     -0.17473237       16.497898       16.956423      -2.7041344
       35.002427    -0.075869649     -0.17115002       16.753128       17.224870      -2.7387273
       35.424143    -0.084653875     -0.16689371       17.011197       17.496099      -2.7714854
       35.845859    -0.093662244     -0.16190540       17.272218       17.770183      -2.8022500
       36.267575     -0.10279089     -0.15612146       17.536308       18.047198      -2.8308525
       36.689291     -0.11191190     -0.14947209       17.803591       18.327221      -2.8571132
       37.111006     -0.12086966     -0.14188065       18.074198       18.610332      -2.8808413
       37.532722     -0.12947649     -0.13326287       18.348266       18.896614      -2.9018332
       37.954438     -0.13750776     -0.12352603       18.625941       19.186152      -2.9198723
       38.376154     -0.14469615     -0.11256800       18.907377       19.479034      -2.9347277
       38.797870     -0.15072502     -0.10027617       19.192738       19.775350      -2.9461532
       39.219586     -0.15522064    -0.086526269       19.482195       20.075194      -2.9538864
       39.641302     -0.15774316    -0.071180984       19.775933       20.378662      -2.9576473
       40.063018     -0.15777594    -0.054088471       20.074145       20.685854      -2.9571373
       40.484734     -0.15471299    -0.035080621       20.377037       20.996872      -2.9520380
       40.906450     -0.14784404    -0.013971129       20.684828       21.311824      -2.9420098
       41.328166     -0.13633677  9.4467034E-003       20.997752       21.630819      -2.9266906
       41.749882     -0.11921553     0.035402456       21.316054       21.953970      -2.9056946
       42.171598    -0.095335619     0.064151418       21.640000       22.281395      -2.8786109

Table series: Data for wavelength : 0.656273 µm.
   Y Angle (deg)       Tan Shift       Sag Shift     Real Height     Ref. Height      Distortion
  --------------  --------------  --------------  --------------  --------------  --------------
      0.00000000     0.052708601     0.052708601      0.00000000      0.00000000      0.00000000
      0.42171598     0.052684471     0.052646909      0.18119940      0.18120045 -5.7711330E-004
      0.84343197     0.052618965     0.052461892      0.36241259      0.36242053 -2.1900201E-003
       1.2651479     0.052512557     0.052153718      0.54365336      0.54367988 -4.8775294E-003
       1.6868639     0.052366024     0.051722671      0.72493555      0.72499818 -8.6388105E-003
       2.1085799     0.052180443     0.051169147      0.90627298      0.90639510    -0.013472630
       2.5302959     0.051957185     0.050493654       1.0876796       1.0878904    -0.019377400
       2.9520119     0.051697913     0.049696816       1.2691692       1.2695037    -0.026351177
       3.3737279     0.051404568     0.048779367       1.4507559       1.4512550    -0.034391658
       3.7954438     0.051079368     0.047742153       1.6324537       1.6331641    -0.043496182
       4.2171598     0.050724793     0.046586133       1.8142768       1.8152509    -0.053661724
       4.6388758     0.050343578     0.045312379       1.9962394       1.9975355    -0.064884893
       5.0605918     0.049938696     0.043922072       2.1783558       2.1800379    -0.077161928
       5.4823078     0.049513349     0.042416506       2.3606404       2.3627785    -0.090488697
       5.9040238     0.049070948     0.040797085       2.5431078       2.5457773     -0.10486069
       6.3257397     0.048615104     0.039065323       2.7257727       2.7290550     -0.12027301
       6.7474557     0.048149602     0.037222845       2.9086499       2.9126320     -0.13672038
       7.1691717     0.047678389     0.035271384       3.0917543       3.0965290     -0.15419713
       7.5908877     0.047205547     0.033212785       3.2751011       3.2807669     -0.17269719
       8.0126037     0.046735278     0.031048999       3.4587056       3.4653665     -0.19221407
       8.4343197     0.046271876     0.028782087       3.6425833       3.6503491     -0.21274090
       8.8560356     0.045819707     0.026414218       3.8267499       3.8357359     -0.23427036
       9.2777516     0.045383177     0.023947669       4.0112212       4.0215483     -0.25679471
       9.6994676     0.044966711     0.021384824       4.1960135       4.2078082     -0.28030579
       10.121184     0.044574720     0.018728174       4.3811430       4.3945373     -0.30479497
       10.542900     0.044211575     0.015980319       4.5666264       4.5817578     -0.33025317
       10.964616     0.043881572     0.013143964       4.7524805       4.7694919     -0.35667086
       11.386332     0.043588902     0.010221925       4.9387224       4.9577621     -0.38403800
       11.808048     0.043337616  7.2171219E-003       5.1253697       5.1465914     -0.41234410
       12.229764     0.043131589  4.1325838E-003       5.3124400       5.3360027     -0.44157813
       12.651479     0.042974484  9.7144791E-004       5.4999515       5.5260193     -0.47172855
       13.073195     0.042869716 -2.2630394E-003       5.6879224       5.7166648     -0.50278330
       13.494911     0.042820409 -5.5675221E-003       5.8763715       5.9079632     -0.53472977
       13.916627     0.042829361 -8.9385333E-003       6.0653181       6.0999386     -0.56755476
       14.338343     0.042898995    -0.012372494       6.2547815       6.2926155     -0.60124453
       14.760059     0.043031327    -0.015865712       6.4447816       6.4860187     -0.63578468
       15.181775     0.043227910    -0.019414378       6.6353389       6.6801736     -0.67116024
       15.603491     0.043489802    -0.023014565       6.8264741       6.8751055     -0.70735556
       16.025207     0.043817513    -0.026662228       7.0182084       7.0708405     -0.74435434
       16.446923     0.044210960    -0.030353195       7.2105636       7.2674049     -0.78213958
       16.868639     0.044669425    -0.034083167       7.4035620       7.4648253     -0.82069355
       17.290355     0.045191504    -0.037847714       7.5972262       7.6631289     -0.85999778
       17.712071     0.045775063    -0.041642270       7.7915797       7.8623434     -0.90003303
       18.133787     0.046417190    -0.045462126       7.9866463       8.0624966     -0.94077923
       18.555503     0.047114149    -0.049302424       8.1824506       8.2636171     -0.98221549
       18.977219     0.047861335    -0.053158154       8.3790177       8.4657339      -1.0243200
       19.398935     0.048653230    -0.057024137       8.5763735       8.6688765      -1.0670701
       19.820651     0.049483357    -0.060895027       8.7745445       8.8730748      -1.1104420
       20.242367     0.050344242    -0.064765292       8.9735579       9.0783595      -1.1544112
       20.664083     0.051227375    -0.068629207       9.1734418       9.2847616      -1.1989518
       21.085799     0.052123168    -0.072480839       9.3742250       9.4923129      -1.2440371
       21.507515     0.053020930    -0.076314034       9.5759371       9.7010456      -1.2896390
       21.929231     0.053908834    -0.080122400       9.7786087       9.9109927      -1.3357283
       22.350947     0.054773895    -0.083899292       9.9822713       10.122188      -1.3822745
       22.772663     0.055601949    -0.087637787       10.186957       10.334665      -1.4292458
       23.194379     0.056377646    -0.091330664       10.392700       10.548459      -1.4766089
       23.616095     0.057084445    -0.094970383       10.599534       10.763606      -1.5243291
       24.037811     0.057704620    -0.098549051       10.807494       10.980143      -1.5723699
       24.459527     0.058219275     -0.10205840       11.016619       11.198106      -1.6206935
       24.881243     0.058608374     -0.10548973       11.226945       11.417533      -1.6692600
       25.302959     0.058850785     -0.10883392       11.438511       11.638464      -1.7180278
       25.724675     0.058924332     -0.11208134       11.651360       11.860937      -1.7669534
       26.146391     0.058805878     -0.11522181       11.865532       12.084994      -1.8159909
       26.568107     0.058471412     -0.11824458       12.081070       12.310676      -1.8650927
       26.989823     0.057896176     -0.12113825       12.298021       12.538025      -1.9142084
       27.411539     0.057054801     -0.12389069       12.516431       12.767086      -1.9632853
       27.833255     0.055921486     -0.12648903       12.736349       12.997902      -2.0122681
       28.254971     0.054470202     -0.12891951       12.957824       13.230518      -2.0610986
       28.676687     0.052674933     -0.13116747       13.180910       13.464983      -2.1097156
       29.098403     0.050509960     -0.13321718       13.405660       13.701343      -2.1580549
       29.520119     0.047950194     -0.13505181       13.632132       13.939647      -2.2060487
       29.941835     0.044971557     -0.13665327       13.860383       14.179946      -2.2536256
       30.363551     0.041551423     -0.13800209       14.090476       14.422292      -2.3007106
       30.785267     0.037669129     -0.13907730       14.322475       14.666736      -2.3472243
       31.206983     0.033306554     -0.13985626       14.556445       14.913334      -2.3930831
       31.628699     0.028448792     -0.14031448       14.792457       15.162140      -2.4381986
       32.050415     0.023084905     -0.14042546       15.030584       15.413213      -2.4824775
       32.472131     0.017208801     -0.14016045       15.270900       15.666611      -2.5258211
       32.893847     0.010820216     -0.13948826       15.513486       15.922393      -2.5681249
       33.315563  3.9258455E-003     -0.13837494       15.758425       16.180623      -2.6092783
       33.737279 -3.4593743E-003     -0.13678356       16.005804       16.441363      -2.6491643
       34.158995    -0.011310808     -0.13467384       16.255714       16.704679      -2.6876586
       34.580711    -0.019592460     -0.13200183       16.508252       16.970639      -2.7246295
       35.002427    -0.028255084     -0.12871951       16.763517       17.239312      -2.7599373
       35.424143    -0.037234025     -0.12477436       17.021616       17.510768      -2.7934335
       35.845859    -0.046446762     -0.12010886       17.282660       17.785082      -2.8249603
       36.267575    -0.055790094     -0.11465997       17.546767       18.062329      -2.8543500
       36.689291    -0.065136920     -0.10835850       17.814059       18.342586      -2.8814240
       37.111006    -0.074332548     -0.10112846       18.084666       18.625935      -2.9059926
       37.532722    -0.083190443    -0.092886321       18.358728       18.912457      -2.9278534
       37.954438    -0.091487324    -0.083540116       18.636388       19.202237      -2.9467910
       38.376154    -0.098957494    -0.072988551       18.917800       19.495365      -2.9625759
       38.797870     -0.10528626    -0.061119918       19.203127       19.791929      -2.9749631
       39.219586     -0.11010224    -0.047810912       19.492541       20.092025      -2.9836918
       39.641302     -0.11296841    -0.032925287       19.786224       20.395747      -2.9884835
       40.063018     -0.11337156    -0.016312349       20.084370       20.703197      -2.9890412
       40.484734     -0.11070979  2.1947543E-003       20.387184       21.014476      -2.9850483
       40.906450     -0.10427782     0.022780955       20.694885       21.329692      -2.9761669
       41.328166    -0.093249344     0.045651449       21.007704       21.648954      -2.9620370
       41.749882    -0.076655961     0.071034172       21.325888       21.972376      -2.9422746
       42.171598    -0.053361788     0.099182606       21.649700       22.300075      -2.9164710
