Results for:	Listing of Longitudinal Aberration Data


File:	C:\Users\User\OneDrive - Massachusetts Institute of Technology\Documents\MIT\Grad School\Classes\2.156\Lens Project\Prime Lenses\JP1976-026535_Example01P.zmx
Title:	JP 1976-026535 Example 1 (Konica Minolta UC Hexanon AR 28mm F1.8)
Date:	11/7/2025 3:44:09 PM

0 message(s) in output.
1 series table(s) in output.

Table series: Units are Millimeters.
      Rel. Pupil          0.4861          0.5876          0.6563
  --------------  --------------  --------------  --------------
      0.00000000      0.28490438      0.39262797      0.46821551
     0.010000000      0.28487704      0.39259230      0.46817714
     0.020000000      0.28476778      0.39244969      0.46802376
     0.030000000      0.28458595      0.39221226      0.46776837
     0.040000000      0.28433195      0.39188038      0.46741133
     0.050000000      0.28400634      0.39145458      0.46695316
     0.060000000      0.28360986      0.39093553      0.46639451
     0.070000000      0.28314340      0.39032406      0.46573620
     0.080000000      0.28260802      0.38962116      0.46497916
     0.090000000      0.28200493      0.38882794      0.46412452
      0.10000000      0.28133552      0.38794571      0.46317353
      0.11000000      0.28060136      0.38697590      0.46212759
      0.12000000      0.27980416      0.38592012      0.46098826
      0.13000000      0.27894583      0.38478013      0.45975726
      0.14000000      0.27802843      0.38355785      0.45843647
      0.15000000      0.27705421      0.38225536      0.45702791
      0.16000000      0.27602559      0.38087492      0.45553378
      0.17000000      0.27494518      0.37941894      0.45395643
      0.18000000      0.27381577      0.37789000      0.45229839
      0.19000000      0.27264032      0.37629087      0.45056235
      0.20000000      0.27142200      0.37462449      0.44875116
      0.21000000      0.27016415      0.37289396      0.44686787
      0.22000000      0.26887034      0.37110257      0.44491568
      0.23000000      0.26754429      0.36925382      0.44289799
      0.24000000      0.26618996      0.36735136      0.44081838
      0.25000000      0.26481150      0.36539905      0.43868060
      0.26000000      0.26341327      0.36340095      0.43648861
      0.27000000      0.26199985      0.36136131      0.43424657
      0.28000000      0.26057604      0.35928459      0.43195881
      0.29000000      0.25914685      0.35717546      0.42962990
      0.30000000      0.25771753      0.35503880      0.42726459
      0.31000000      0.25629355      0.35287969      0.42486786
      0.32000000      0.25488064      0.35070346      0.42244490
      0.33000000      0.25348475      0.34851566      0.42000111
      0.34000000      0.25211209      0.34632205      0.41754214
      0.35000000      0.25076911      0.34412866      0.41507386
      0.36000000      0.24946254      0.34194174      0.41260238
      0.37000000      0.24819935      0.33976780      0.41013406
      0.38000000      0.24698681      0.33761360      0.40767548
      0.39000000      0.24583244      0.33548616      0.40523353
      0.40000000      0.24474405      0.33339276      0.40281530
      0.41000000      0.24372974      0.33134096      0.40042819
      0.42000000      0.24279791      0.32933859      0.39807985
      0.43000000      0.24195726      0.32739378      0.39577823
      0.44000000      0.24121677      0.32551493      0.39353154
      0.45000000      0.24058577      0.32371074      0.39134829
      0.46000000      0.24007389      0.32199023      0.38923731
      0.47000000      0.23969109      0.32036270      0.38720769
      0.48000000      0.23944764      0.31883779      0.38526887
      0.49000000      0.23935416      0.31742543      0.38343058
      0.50000000      0.23942161      0.31613590      0.38170289
      0.51000000      0.23966129      0.31497981      0.38009619
      0.52000000      0.24008485      0.31396807      0.37862118
      0.53000000      0.24070428      0.31311198      0.37728892
      0.54000000      0.24153194      0.31242313      0.37611081
      0.55000000      0.24258052      0.31191350      0.37509859
      0.56000000      0.24386309      0.31159539      0.37426434
      0.57000000      0.24539306      0.31148145      0.37362050
      0.58000000      0.24718418      0.31158468      0.37317985
      0.59000000      0.24925057      0.31191845      0.37295552
      0.60000000      0.25160669      0.31249643      0.37296101
      0.61000000      0.25426731      0.31333267      0.37321012
      0.62000000      0.25724755      0.31444154      0.37371704
      0.63000000      0.26056282      0.31583772      0.37449627
      0.64000000      0.26422883      0.31753622      0.37556263
      0.65000000      0.26826156      0.31955235      0.37693125
      0.66000000      0.27267723      0.32190168      0.37861758
      0.67000000      0.27749229      0.32460005      0.38063732
      0.68000000      0.28272335      0.32766354      0.38300644
      0.69000000      0.28838716      0.33110840      0.38574112
      0.70000000      0.29450056      0.33495106      0.38885776
      0.71000000      0.30108040      0.33920806      0.39237286
      0.72000000      0.30814348      0.34389598      0.39630308
      0.73000000      0.31570649      0.34903142      0.40066508
      0.74000000      0.32378587      0.35463087      0.40547553
      0.75000000      0.33239773      0.36071068      0.41075098
      0.76000000      0.34155772      0.36728691      0.41650779
      0.77000000      0.35128086      0.37437524      0.42276204
      0.78000000      0.36158137      0.38199082      0.42952939
      0.79000000      0.37247249      0.39014812      0.43682492
      0.80000000      0.38396623      0.39886075      0.44466301
      0.81000000      0.39607308      0.40814123      0.45305709
      0.82000000      0.40880175      0.41800075      0.46201948
      0.83000000      0.42215875      0.42844890      0.47156109
      0.84000000      0.43614800      0.43949331      0.48169112
      0.85000000      0.45077033      0.45113929      0.49241675
      0.86000000      0.46602293      0.46338936      0.50374269
      0.87000000      0.48189866      0.47624278      0.51567077
      0.88000000      0.49838531      0.48969487      0.52819932
      0.89000000      0.51546469      0.50373639      0.54132264
      0.90000000      0.53311156      0.51835266      0.55503015
      0.91000000      0.55129244      0.53352263      0.56930565
      0.92000000      0.56996413      0.54921777      0.58412619
      0.93000000      0.58907202      0.56540071      0.59946101
      0.94000000      0.60854807      0.58202375      0.61527006
      0.95000000      0.62830841      0.59902698      0.63150242
      0.96000000      0.64825051      0.61633611      0.64809432
      0.97000000      0.66824974      0.63385994      0.66496691
      0.98000000      0.68815536      0.65148719      0.68202342
      0.99000000      0.70778547      0.66908292      0.69914603
       1.0000000      0.72692106      0.68648397      0.71619180
