Results for:	
File:	C:\Users\User\OneDrive - Massachusetts Institute of Technology\Documents\MIT\Grad School\Classes\2.156\Lens Project\Prime Lenses\US02730015-1.zmx
Title:	
Date:	11/7/2025 5:43:43 PM

0 message(s) in output.
3 series table(s) in output.

Table series: Data for wavelength : 0.486133 µm.
   Y Angle (deg)       Tan Shift       Sag Shift     Real Height     Ref. Height      Distortion
  --------------  --------------  --------------  --------------  --------------  --------------
      0.00000000     0.055031220     0.055031220      0.00000000      0.00000000      0.00000000
      0.40000000     0.054900178     0.054881163      0.16975686      0.16975685  6.5291809E-006
      0.80000000     0.054505128     0.054431142      0.33953017      0.33953024 -1.9879151E-005
       1.2000000     0.053846933     0.053681601      0.50933641      0.50933674 -6.3848750E-005
       1.6000000     0.052927036     0.052633281      0.67919206      0.67919291 -1.2534649E-004
       2.0000000     0.051747460     0.051287221      0.84911361      0.84911534 -2.0431250E-004
       2.4000000     0.050310804     0.049644758       1.0191176       1.0191206 -3.0066959E-004
       2.8000000     0.048620246     0.047707528       1.1892205       1.1892255 -4.1432308E-004
       3.2000000     0.046679543     0.045477465       1.3594391       1.3594465 -5.4516054E-004
       3.6000000     0.044493032     0.042956805       1.5297899       1.5298005 -6.9305162E-004
       4.0000000     0.042065628     0.040148089       1.7002896       1.7003041 -8.5784768E-004
       4.4000000     0.039402825     0.037054160       1.8709549       1.8709744 -1.0393815E-003
       4.8000000     0.036510695     0.033678166       2.0418028       2.0418281 -1.2374669E-003
       5.2000000     0.033395894     0.030023565       2.2128501       2.2128822 -1.4518983E-003
       5.6000000     0.030065652     0.026094125       2.3841137       2.3841539 -1.6824502E-003
       6.0000000     0.026527782     0.021893929       2.5556108       2.5556601 -1.9288769E-003
       6.4000000     0.022790677     0.017427372       2.7273586       2.7274183 -2.1909116E-003
       6.8000000     0.018863308     0.012699170       2.8993741       2.8994457 -2.4682659E-003
       7.2000000     0.014755226  7.7143612E-003       3.0716749       3.0717597 -2.7606293E-003
       7.6000000     0.010476564  2.4783087E-003       3.2442785       3.2443780 -3.0676682E-003
       8.0000000  6.0380317E-003 -3.0032952E-003       3.4172023       3.4173181 -3.3890255E-003
       8.4000000  1.4509186E-003 -8.7244248E-003       3.5904643       3.5905980 -3.7243191E-003
       8.8000000 -3.2729068E-003    -0.014678717       3.7640822       3.7642355 -4.0731417E-003
       9.2000000 -8.1209981E-003    -0.020859468       3.9380741       3.9382487 -4.4350594E-003
       9.6000000    -0.013080332    -0.027259625       4.1124581       4.1126559 -4.8096106E-003
       10.000000    -0.018137309    -0.033871784       4.2872527       4.2874755 -5.1963050E-003
       10.400000    -0.023277755    -0.040688186       4.4624764       4.4627261 -5.5946226E-003
       10.800000    -0.028486922    -0.047700706       4.6381478       4.6384263 -6.0040118E-003
       11.200000    -0.033749493    -0.054900850       4.8142858       4.8145951 -6.4238886E-003
       11.600000    -0.039049578    -0.062279751       4.9909096       4.9912516 -6.8536348E-003
       12.000000    -0.044370725    -0.069828156       5.1680383       5.1684153 -7.2925964E-003
       12.400000    -0.049695917    -0.077536427       5.3456917       5.3461054 -7.7400819E-003
       12.800000    -0.055007577    -0.085394523       5.5238892       5.5243420 -8.1953606E-003
       13.200000    -0.060287575    -0.093392004       5.7026511       5.7031448 -8.6576603E-003
       13.600000    -0.065517232     -0.10151801       5.8819973       5.8825342 -9.1261658E-003
       14.000000    -0.070677324     -0.10976127       6.0619486       6.0625306 -9.6000161E-003
       14.400000    -0.075748089     -0.11811006       6.2425255       6.2431547    -0.010078302
       14.800000    -0.080709239     -0.12655223       6.4237490       6.4244275    -0.010560064
       15.200000    -0.085539965     -0.13507519       6.6056406       6.6063702    -0.011044290
       15.600000    -0.090218947     -0.14366585       6.7882218       6.7890046    -0.011529911
       16.000000    -0.094724369     -0.15231069       6.9715145       6.9723523    -0.012015797
       16.400000    -0.099033931     -0.16099566       7.1555409       7.1564355    -0.012500759
       16.800000     -0.10312486     -0.16970625       7.3403237       7.3412768    -0.012983539
       17.200000     -0.10697393     -0.17842740       7.5258857       7.5268990    -0.013462811
       17.600000     -0.11055750     -0.18714356       7.7122502       7.7133252    -0.013937172
       18.000000     -0.11385148     -0.19583860       7.8994409       7.9005790    -0.014405143
       18.400000     -0.11683142     -0.20449587       8.0874819       8.0886843    -0.014865162
       18.800000     -0.11947252     -0.21309812       8.2763975       8.2776653    -0.015315578
       19.200000     -0.12174962     -0.22162752       8.4662127       8.4675467    -0.015754646
       19.600000     -0.12363730     -0.23006563       8.6569527       8.6583537    -0.016180522
       20.000000     -0.12510984     -0.23839337       8.8486433       8.8501117    -0.016591258
       20.400000     -0.12614137     -0.24659103       9.0413108       9.0428467    -0.016984794
       20.800000     -0.12670579     -0.25463822       9.2349818       9.2365851    -0.017358949
       21.200000     -0.12677695     -0.26251384       9.4296835       9.4313539    -0.017711416
       21.600000     -0.12632862     -0.27019611       9.6254437       9.6271804    -0.018039756
       22.000000     -0.12533460     -0.27766248       9.8222906       9.8240924    -0.018341382
       22.400000     -0.12376879     -0.28488964       10.020253       10.022118    -0.018613559
       22.800000     -0.12160526     -0.29185349       10.219360       10.221287    -0.018853385
       23.200000     -0.11881838     -0.29852911       10.419643       10.421629    -0.019057787
       23.600000     -0.11538287     -0.30489070       10.621131       10.623173    -0.019223505
       24.000000     -0.11127398     -0.31091159       10.823856       10.825950    -0.019347081
       24.400000     -0.10646757     -0.31656419       11.027849       11.029992    -0.019424847
       24.800000     -0.10094028     -0.32181995       11.233144       11.235330    -0.019452908
       25.200000    -0.094669714     -0.32664932       11.439774       11.441997    -0.019427127
       25.600000    -0.087634555     -0.33102170       11.647773       11.650027    -0.019343107
       26.000000    -0.079814829     -0.33490542       11.857176       11.859453    -0.019196177
       26.400000    -0.071192100     -0.33826769       12.068019       12.070310    -0.018981367
       26.800000    -0.061749723     -0.34107454       12.280338       12.282634    -0.018693389
       27.200000    -0.051473118     -0.34329076       12.494170       12.496460    -0.018326614
       27.600000    -0.040350081     -0.34487988       12.709555       12.711827    -0.017875047
       28.000000    -0.028371116     -0.34580408       12.926530       12.928771    -0.017332300
       28.400000    -0.015529824     -0.34602415       13.145138       13.147332    -0.016691562
       28.800000 -1.8233111E-003     -0.34549941       13.365418       13.367549    -0.015945567
       29.200000     0.012747338     -0.34418765       13.587413       13.589464    -0.015086562
       29.600000     0.028176547     -0.34204506       13.811168       13.813116    -0.014106266
       30.000000     0.044453672     -0.33902614       14.036726       14.038550    -0.012995831
       30.400000     0.061562370     -0.33508362       14.264133       14.265809    -0.011745801
       30.800000     0.079479887     -0.33016839       14.493437       14.494936    -0.010346057
       31.200000     0.098176284     -0.32422939       14.724686       14.725979 -8.7857700E-003
       31.600000      0.11761357     -0.31721351       14.957929       14.958984 -7.0533421E-003
       32.000000      0.13774473     -0.30906546       15.193219       15.193999 -5.1363438E-003
       32.400000      0.15851270     -0.29972773       15.430608       15.431074 -3.0214463E-003
       32.800000      0.17984913     -0.28914037       15.670150       15.670259 -6.9434660E-004
       33.200000      0.20167317     -0.27724094       15.911902       15.911606  1.8603139E-003
       33.600000      0.22388994     -0.26396431       16.155920       16.155168  4.6590392E-003
       34.000000      0.24638904     -0.24924255       16.402266       16.401000  7.7195764E-003
       34.400000      0.26904273     -0.23300475       16.651000       16.649158     0.011061024
       34.800000      0.29170405     -0.21517684       16.902185       16.899700     0.014703950
       35.200000      0.31420466     -0.19568142       17.155888       17.152686     0.018670524
       35.600000      0.33635257     -0.17443753       17.412177       17.408175     0.022984658
       36.000000      0.35792950     -0.15136047       17.671120       17.666232     0.027672170
       36.400000      0.37868817     -0.12636152       17.932792       17.926919     0.032760956
       36.800000      0.39834913    -0.099347716       18.197268       18.190305     0.038281188
       37.200000      0.41659750    -0.070221566       18.464625       18.456455     0.044265527
       37.600000      0.43307926    -0.038880730       18.734945       18.725442     0.050749367
       38.000000      0.44739733 -5.2177127E-003       19.008312       18.997337     0.057771100
       38.400000      0.45910723     0.030880506       19.284812       19.272214     0.065372416
       38.800000      0.46771250     0.069532857       19.564538       19.550149     0.073598636
       39.200000      0.47265968      0.11086461       19.847584       19.831223     0.082499089
       39.600000      0.47333304      0.15500785       20.134048       20.115516     0.092127527
       40.000000      0.46904886      0.20210197       20.424034       20.403112      0.10254260

Table series: Data for wavelength : 0.587562 µm.
   Y Angle (deg)       Tan Shift       Sag Shift     Real Height     Ref. Height      Distortion
  --------------  --------------  --------------  --------------  --------------  --------------
      0.00000000      0.10651820      0.10651820      0.00000000      0.00000000      0.00000000
      0.40000000      0.10638147      0.10636340      0.16984318      0.16984319 -7.1330437E-006
      0.80000000      0.10596937      0.10589915      0.33970284      0.33970294 -2.8591885E-005
       1.2000000      0.10528277      0.10512589      0.50959547      0.50959580 -6.4295677E-005
       1.6000000      0.10432310      0.10404435      0.67953759      0.67953837 -1.1421737E-004
       2.0000000      0.10309234      0.10265556      0.84954571      0.84954723 -1.7829318E-004
       2.4000000      0.10159308      0.10096084       1.0196364       1.0196390 -2.5644086E-004
       2.8000000     0.099828458     0.098961810       1.1898262       1.1898303 -3.4855956E-004
       3.2000000     0.097802191     0.096660386       1.3601318       1.3601380 -4.5452955E-004
       3.6000000     0.095518568     0.094058780       1.5305698       1.5305786 -5.7421201E-004
       4.0000000     0.092982450     0.091159504       1.7011569       1.7011690 -7.0744872E-004
       4.4000000     0.090199271     0.087965370       1.8719100       1.8719260 -8.5406169E-004
       4.8000000     0.087175037     0.084479495       2.0428459       2.0428666 -1.0138528E-003
       5.2000000     0.083916326     0.080705298       2.2139815       2.2140077 -1.1866035E-003
       5.6000000     0.080430289     0.076646507       2.3853338       2.3853665 -1.3720739E-003
       6.0000000     0.076724650     0.072307159       2.5569199       2.5569600 -1.5700028E-003
       6.4000000     0.072807704     0.067691602       2.7287570       2.7288055 -1.7801068E-003
       6.8000000     0.068688317     0.062804501       2.9008623       2.9009204 -2.0020796E-003
       7.2000000     0.064375929     0.057650838       3.0732534       3.0733221 -2.2355915E-003
       7.6000000     0.059880549     0.052235915       3.2459477       3.2460282 -2.4802886E-003
       8.0000000     0.055212759     0.046565363       3.4189627       3.4190563 -2.7357920E-003
       8.4000000     0.050383709     0.040645138       3.5923164       3.5924243 -3.0016967E-003
       8.8000000     0.045405120     0.034481531       3.7660266       3.7661501 -3.2775712E-003
       9.2000000     0.040289278     0.028081172       3.9401114       3.9402518 -3.5629559E-003
       9.6000000     0.035049041     0.021451029       4.1145890       4.1147478 -3.8573623E-003
       10.000000     0.029697829     0.014598421       4.2894778       4.2896563 -4.1602719E-003
       10.400000     0.024249627  7.5310179E-003       4.4647963       4.4649959 -4.4711348E-003
       10.800000     0.018718981  2.5684782E-004       4.6405632       4.6407855 -4.7893685E-003
       11.200000     0.013120999 -7.2156972E-003       4.8167976       4.8170439 -5.1143561E-003
       11.600000  7.4713409E-003    -0.014877855       4.9935184       4.9937903 -5.4454456E-003
       12.000000  1.7862248E-003    -0.022720487       5.1707451       5.1710440 -5.7819473E-003
       12.400000 -3.9175845E-003    -0.030734069       5.3484971       5.3488246 -6.1231326E-003
       12.800000 -9.6227767E-003    -0.038908689       5.5267943       5.5271518 -6.4682321E-003
       13.200000    -0.015311501    -0.047234033       5.7056566       5.7060456 -6.8164335E-003
       13.600000    -0.020965373    -0.055699382       5.8851044       5.8855262 -7.1668794E-003
       14.000000    -0.026565481    -0.064293600       6.0651581       6.0656141 -7.5186654E-003
       14.400000    -0.032092393    -0.073005127       6.2458385       6.2463301 -7.8708370E-003
       14.800000    -0.037526166    -0.081821968       6.4271666       6.4276951 -8.2223877E-003
       15.200000    -0.042846356    -0.090731684       6.6091638       6.6097304 -8.5722558E-003
       15.600000    -0.048032028    -0.099721382       6.7918518       6.7924576 -8.9193217E-003
       16.000000    -0.053061771     -0.10877770       6.9752525       6.9758986 -9.2624044E-003
       16.400000    -0.057913709     -0.11788680       7.1593881       7.1600755 -9.6002585E-003
       16.800000    -0.062565519     -0.12703436       7.3442813       7.3450108 -9.9315702E-003
       17.200000    -0.066994452     -0.13620554       7.5299551       7.5307274    -0.010254954
       17.600000    -0.071177346     -0.14538499       7.7164328       7.7172485    -0.010568948
       18.000000    -0.075090657     -0.15455685       7.9037381       7.9045975    -0.010872009
       18.400000    -0.078710479     -0.16370466       8.0918950       8.0927984    -0.011162510
       18.800000    -0.082012575     -0.17281146       8.2809282       8.2818755    -0.011438733
       19.200000    -0.084972411     -0.18185968       8.4708624       8.4718535    -0.011698863
       19.600000    -0.087565189     -0.19083113       8.6617231       8.6627576    -0.011940984
       20.000000    -0.089765889     -0.19970706       8.8535361       8.8546131    -0.012163074
       20.400000    -0.091549315     -0.20846804       9.0463276       9.0474461    -0.012362994
       20.800000    -0.092890142     -0.21709400       9.2401244       9.2412831    -0.012538484
       21.200000    -0.093762979     -0.22556419       9.4349538       9.4361510    -0.012687157
       21.600000    -0.094142425     -0.23385716       9.6308435       9.6320770    -0.012806484
       22.000000    -0.094003142     -0.24195074       9.8278219       9.8290892    -0.012893793
       22.400000    -0.093319933     -0.24982202       10.025918       10.027216    -0.012946257
       22.800000    -0.092067830     -0.25744727       10.225161       10.226486    -0.012960879
       23.200000    -0.090222188     -0.26480202       10.425581       10.426930    -0.012934489
       23.600000    -0.087758795     -0.27186090       10.627209       10.628576    -0.012863726
       24.000000    -0.084653991     -0.27859772       10.830076       10.831456    -0.012745028
       24.400000    -0.080884801     -0.28498538       11.034214       11.035602    -0.012574619
       24.800000    -0.076429084     -0.29099582       11.239657       11.241045    -0.012348492
       25.200000    -0.071265695     -0.29660004       11.446436       11.447817    -0.012062395
       25.600000    -0.065374671     -0.30176802       11.654587       11.655952    -0.011711813
       26.000000    -0.058737435     -0.30646868       11.864145       11.865485    -0.011291949
       26.400000    -0.051337015     -0.31066985       12.075145       12.076449    -0.010797708
       26.800000    -0.043158303     -0.31433821       12.287625       12.288881    -0.010223670
       27.200000    -0.034188326     -0.31743926       12.501621       12.502816 -9.5640685E-003
       27.600000    -0.024416560     -0.31993723       12.717172       12.718292 -8.8127683E-003
       28.000000    -0.013835267     -0.32179509       12.934317       12.935347 -7.9632347E-003
       28.400000 -2.4398803E-003     -0.32297442       13.153097       13.154019 -7.0085059E-003
       28.800000  9.7705776E-003     -0.32343538       13.373554       13.374348 -5.9411602E-003
       29.200000     0.022793028     -0.32313666       13.595729       13.596376 -4.7532815E-003
       29.600000     0.036619817     -0.32203539       13.819667       13.820142 -3.4364222E-003
       30.000000     0.051238141     -0.32008705       14.045412       14.045690 -1.9815614E-003
       30.400000     0.066629414     -0.31724542       14.273010       14.273065 -3.7906101E-004
       30.800000     0.082768561     -0.31346250       14.502509       14.502309  1.3813828E-003
       31.200000     0.099623236     -0.30868837       14.733957       14.733469  3.3107923E-003
       31.600000      0.11715296     -0.30287114       14.967404       14.966593  5.4209661E-003
       32.000000      0.13530818     -0.29595685       15.202902       15.201728  7.7245411E-003
       32.400000      0.15402919     -0.28788933       15.440503       15.438923     0.010235062
       32.800000      0.17324497     -0.27861008       15.680262       15.678229     0.012967055
       33.200000      0.19287190     -0.26805818       15.922236       15.919699     0.015936113
       33.600000      0.21281236     -0.25617014       16.166481       16.163385     0.019158979
       34.000000      0.23295312     -0.24287973       16.413059       16.409342     0.022653652
       34.400000      0.25316362     -0.22811785       16.662030       16.657626     0.026439493
       34.800000      0.27329411     -0.21181237       16.913459       16.908296     0.030537341
       35.200000      0.29317347     -0.19388793       17.167411       17.161410     0.034969647
       35.600000      0.31260700     -0.17426573       17.423955       17.417030     0.039760621
       36.000000      0.33137385     -0.15286338       17.683160       17.675217     0.044936387
       36.400000      0.34922425     -0.12959461       17.945100       17.936038     0.050525163
       36.800000      0.36587651     -0.10436906       18.209850       18.199557     0.056557455
       37.200000      0.38101374    -0.077092011       18.477489       18.465843     0.063066277
       37.600000      0.39428024    -0.047664081       18.748097       18.734966     0.070087390
       38.000000      0.40527763    -0.015980925       19.021760       19.006999     0.077659571
       38.400000      0.41356066     0.018067109       19.298565       19.282016     0.085824915
       38.800000      0.41863264     0.054595357       19.578603       19.560093     0.094629168
       39.200000      0.41994065     0.093725244       19.861969       19.841310      0.10412211
       39.600000      0.41687028      0.13558473       20.148763       20.125747      0.11435795
       40.000000      0.40874018      0.18030882       20.439087       20.413490      0.12539585

Table series: Data for wavelength : 0.656273 µm.
   Y Angle (deg)       Tan Shift       Sag Shift     Real Height     Ref. Height      Distortion
  --------------  --------------  --------------  --------------  --------------  --------------
      0.00000000      0.14448188      0.14448188      0.00000000      0.00000000      0.00000000
      0.40000000      0.14434312      0.14432516      0.16987656      0.16987659 -2.0523813E-005
      0.80000000      0.14392494      0.14385514      0.33976961      0.33976975 -4.0253210E-005
       1.2000000      0.14322821      0.14307225      0.50969566      0.50969603 -7.3063156E-005
       1.6000000      0.14225435      0.14197724      0.67967121      0.67967202 -1.1893223E-004
       2.0000000      0.14100534      0.14057113      0.84971281      0.84971432 -1.7779543E-004
       2.4000000      0.13948376      0.13885522       1.0198370       1.0198395 -2.4956892E-004
       2.8000000      0.13769274      0.13683115       1.1900604       1.1900644 -3.3414991E-004
       3.2000000      0.13563598      0.13450080       1.3603996       1.3604055 -4.3141638E-004
       3.6000000      0.13331777      0.13186640       1.5308713       1.5308796 -5.4122686E-004
       4.0000000      0.13074294      0.12893044       1.7014923       1.7015036 -6.6342013E-004
       4.4000000      0.12791691      0.12569573       1.8722792       1.8722942 -7.9781484E-004
       4.8000000      0.12484568      0.12216537       2.0432491       2.0432684 -9.4420915E-004
       5.2000000      0.12153580      0.11834276       2.2144188       2.2144432 -1.1023803E-003
       5.6000000      0.11799440      0.11423163       2.3858053       2.3858357 -1.2720841E-003
       6.0000000      0.11422918      0.10983600       2.5574258       2.5574629 -1.4530545E-003
       6.4000000      0.11024841      0.10516020       2.7292974       2.7293423 -1.6450027E-003
       6.8000000      0.10606092      0.10020888       2.9014374       2.9014910 -1.8476170E-003
       7.2000000      0.10167613     0.094987001       3.0738632       3.0739266 -2.0605618E-003
       7.6000000     0.097104004     0.089499849       3.2465925       3.2466666 -2.2834766E-003
       8.0000000     0.092355094     0.083753033       3.4196427       3.4197288 -2.5159759E-003
       8.4000000     0.087440512     0.077752488       3.5930318       3.5931308 -2.7576476E-003
       8.8000000     0.082371935     0.071504483       3.7667775       3.7668908 -3.0080526E-003
       9.2000000     0.077161607     0.065015622       3.9408981       3.9410268 -3.2667233E-003
       9.6000000     0.071822337     0.058292848       4.1154116       4.1155571 -3.5331630E-003
       10.000000     0.066367496     0.051343453       4.2903366       4.2905000 -3.8068443E-003
       10.400000     0.060811014     0.044175076       4.4656916       4.4658741 -4.0872082E-003
       10.800000     0.055167381     0.036795716       4.6414953       4.6416983 -4.3736624E-003
       11.200000     0.049451642     0.029213730       4.8177666       4.8179914 -4.6655803E-003
       11.600000     0.043679395     0.021437848       4.9945247       4.9947725 -4.9622991E-003
       12.000000     0.037866787     0.013477172       5.1717889       5.1720611 -5.2631182E-003
       12.400000     0.032030512  5.3411862E-003       5.3495788       5.3498766 -5.5672978E-003
       12.800000     0.026187801 -2.9602360E-003       5.5279142       5.5282389 -5.8740565E-003
       13.200000     0.020356425    -0.011416824       5.7068150       5.7071679 -6.1825697E-003
       13.600000     0.014554679    -0.020017904       5.8863016       5.8866838 -6.4919672E-003
       14.000000  8.8013846E-003    -0.028752386       6.0663945       6.0668071 -6.8013313E-003
       14.400000  3.1158757E-003    -0.037608760       6.2471145       6.2475587 -7.1096937E-003
       14.800000 -2.4820076E-003    -0.046575083       6.4284826       6.4289593 -7.4160337E-003
       15.200000 -7.9719305E-003    -0.055638972       6.6105201       6.6110305 -7.7192748E-003
       15.600000    -0.013333074    -0.064787590       6.7932489       6.7937936 -8.0182818E-003
       16.000000    -0.018544148    -0.074007637       6.9766907       6.9772706 -8.3118582E-003
       16.400000    -0.023583407    -0.083285339       7.1608680       7.1614838 -8.5987420E-003
       16.800000    -0.028428664    -0.092606435       7.3458033       7.3464555 -8.8776025E-003
       17.200000    -0.033057313     -0.10195616       7.5315196       7.5322086 -9.1470366E-003
       17.600000    -0.037446347     -0.11131925       7.7180403       7.7187663 -9.4055642E-003
       18.000000    -0.041572380     -0.12067989       7.9053891       7.9061522 -9.6516241E-003
       18.400000    -0.045411679     -0.13002173       8.0935901       8.0943901 -9.8835693E-003
       18.800000    -0.048940185     -0.13932789       8.2826678       8.2835044    -0.010099661
       19.200000    -0.052133554     -0.14858087       8.4726472       8.4735198    -0.010298066
       19.600000    -0.054967188     -0.15776261       8.6635536       8.6644614    -0.010476846
       20.000000    -0.057416278     -0.16685442       8.8554129       8.8563547    -0.010633957
       20.400000    -0.059455851     -0.17583700       9.0482513       9.0492256    -0.010767237
       20.800000    -0.061060820     -0.18469038       9.2420956       9.2431007    -0.010874404
       21.200000    -0.062206039     -0.19339393       9.4369731       9.4380069    -0.010953046
       21.600000    -0.062866369     -0.20192631       9.6329117       9.6339715    -0.011000611
       22.000000    -0.063016750     -0.21026549       9.8299396       9.8310224    -0.011014401
       22.400000    -0.062632275     -0.21838867       10.028086       10.029188    -0.010991562
       22.800000    -0.061688284     -0.22627229       10.227380       10.228498    -0.010929072
       23.200000    -0.060160454     -0.23389199       10.427852       10.428980    -0.010823732
       23.600000    -0.058024914     -0.24122259       10.629532       10.630667    -0.010672154
       24.000000    -0.055258363     -0.24823804       10.832452       10.833587    -0.010470747
       24.400000    -0.051838204     -0.25491141       11.036645       11.037773    -0.010215703
       24.800000    -0.047742693     -0.26121483       11.242142       11.243256 -9.9029875E-003
       25.200000    -0.042951104     -0.26711949       11.448978       11.450069 -9.5283149E-003
       25.600000    -0.037443915     -0.27259555       11.657186       11.658245 -9.0871387E-003
       26.000000    -0.031203008     -0.27761216       11.866801       11.867819 -8.5746297E-003
       26.400000    -0.024211901     -0.28213735       12.077860       12.078825 -7.9856570E-003
       26.800000    -0.016455993     -0.28613804       12.290399       12.291298 -7.3147663E-003
       27.200000 -7.9228487E-003     -0.28957996       12.504456       12.505275 -6.5561565E-003
       27.600000  1.3974959E-003     -0.29242763       12.720068       12.720794 -5.7036549E-003
       28.000000     0.011512188     -0.29464426       12.937277       12.937891 -4.7506895E-003
       28.400000     0.022425181     -0.29619172       13.156121       13.156606 -3.6902599E-003
       28.800000     0.034136806     -0.29703048       13.376643       13.376979 -2.5149053E-003
       29.200000     0.046643311     -0.29711955       13.598884       13.599050 -1.2166695E-003
       29.600000     0.059936340     -0.29641637       13.822890       13.822860  2.1293658E-004
       30.000000     0.074002358     -0.29487679       14.048704       14.048453  1.7829756E-003
       30.400000     0.088822015     -0.29245497       14.276372       14.275872  3.5031285E-003
       30.800000      0.10436944     -0.28910329       14.505942       14.505161  5.3837431E-003
       31.200000      0.12061148     -0.28477224       14.737463       14.736367  7.4358864E-003
       31.600000      0.13750680     -0.27941040       14.970984       14.969537  9.6714023E-003
       32.000000      0.15500495     -0.27296424       15.206558       15.204718     0.012102974
       32.400000      0.17304535     -0.26537810       15.444236       15.441959     0.014744194
       32.800000      0.19155604     -0.25659400       15.684074       15.681313     0.017609637
       33.200000      0.21045247     -0.24655157       15.926128       15.922830     0.020714942
       33.600000      0.22963603     -0.23518791       16.170456       16.166564     0.024076905
       34.000000      0.24899255     -0.22243740       16.417118       16.412569     0.027713573
       34.400000      0.26839047     -0.20823162       16.666175       16.660903     0.031644357
       34.800000      0.28767907     -0.19249912       16.917691       16.911621     0.035890149
       35.200000      0.30668627     -0.17516528       17.171733       17.164785     0.040473452
       35.600000      0.32521642     -0.15615212       17.428367       17.420455     0.045418526
       36.000000      0.34304776     -0.13537805       17.687666       17.678694     0.050751547
       36.400000      0.35992965     -0.11275772       17.949701       17.939565     0.056500787
       36.800000      0.37557963    -0.088201724       18.214549       18.203136     0.062696803
       37.200000      0.38968008    -0.061616346       18.482288       18.469475     0.069372662
       37.600000      0.40187471    -0.032903296       18.752998       18.738651     0.076564174
       38.000000      0.41176469 -1.9593865E-003       19.026766       19.010738     0.084310167
       38.400000      0.41890447     0.031323798       19.303677       19.285808     0.092652787
       38.800000      0.42279730     0.067060268       19.583825       19.563940      0.10163783
       39.200000      0.42289041      0.10537003       19.867303       19.845212      0.11131511
       39.600000      0.41856988      0.14637953       20.154212       20.129706      0.12173890
       40.000000      0.40915517      0.19022213       20.444653       20.417505      0.13296839
