Results for:	
File:	C:\Users\User\OneDrive - Massachusetts Institute of Technology\Documents\MIT\Grad School\Classes\2.156\Lens Project\Prime Lenses\US06115188-7.zmx
Title:	
Date:	11/7/2025 5:47:43 PM

0 message(s) in output.
3 series table(s) in output.

Table series: Data for wavelength : 0.486133 µm.
   Y Angle (deg)       Tan Shift       Sag Shift     Real Height     Ref. Height      Distortion
  --------------  --------------  --------------  --------------  --------------  --------------
      0.00000000     0.039668356     0.039668356      0.00000000      0.00000000      0.00000000
     0.031500000     0.039714270     0.039676777      0.21595186      0.21595182  1.8109356E-005
     0.063000000     0.039853753     0.039702032      0.43190448      0.43190377  1.6467710E-004
     0.094500000     0.040086575     0.039744087      0.64785863      0.64785598  4.0894263E-004
      0.12600000     0.040412349     0.039802890      0.86381506      0.86380858  7.5088485E-004
      0.15750000     0.040830532     0.039878365       1.0797746       1.0797617  1.1904742E-003
      0.18900000     0.041340426     0.039970417       1.2957379       1.2957155  1.7276665E-003
      0.22050000     0.041941173     0.040078929       1.5117057       1.5116700  2.3624271E-003
      0.25200000     0.042631764     0.040203761       1.7276790       1.7276255  3.0946948E-003
      0.28350000     0.043411029     0.040344755       1.9436583       1.9435820  3.9244053E-003
      0.31500000     0.044277645     0.040501730       2.1596445       2.1595397  4.8514858E-003
      0.34650000     0.045230132     0.040674483       2.3756383       2.3754987  5.8758542E-003
      0.37800000     0.046266854     0.040862791       2.5916405       2.5914592  6.9974196E-003
      0.40950000     0.047386021     0.041066412       2.8076518       2.8074212  8.2160817E-003
      0.44100000     0.048585685     0.041285080       3.0236730       3.0233848  9.5317308E-003
      0.47250000     0.049863745     0.041518510       3.2397049       3.2393504     0.010944248
      0.50400000     0.051217945     0.041766396       3.4557482       3.4553179     0.012453503
      0.53550000     0.052645874     0.042028411       3.6718036       3.6712874     0.014059358
      0.56700000     0.054144966     0.042304208       3.8878719       3.8872592     0.015761664
      0.59850000     0.055712503     0.042593419       4.1039539       4.1032334     0.017560261
      0.63000000     0.057345610     0.042895657       4.3200503       4.3192100     0.019454979
      0.66150000     0.059041262     0.043210515       4.5361618       4.5351892     0.021445636
      0.69300000     0.060796280     0.043537564       4.7522892       4.7511712     0.023532040
      0.72450000     0.062607332     0.043876358       4.9684333       4.9671561     0.025713988
      0.75600000     0.064470935     0.044226429       5.1845947       5.1831439     0.027991263
      0.78750000     0.066383452     0.044587291       5.4007743       5.3991349     0.030363638
      0.81900000     0.068341098     0.044958438       5.6169726       5.6151291     0.032830872
      0.85050000     0.070339937     0.045339345       5.8331906       5.8311268     0.035392713
      0.88200000     0.072375882     0.045729470       6.0494288       6.0471280     0.038048893
      0.91350000     0.074444697     0.046128249       6.2656881       6.2631328     0.040799133
      0.94500000     0.076541998     0.046535103       6.4819691       6.4791414     0.043643138
      0.97650000     0.078663253     0.046949432       6.6982726       6.6951539     0.046580601
       1.0080000     0.080803783     0.047370620       6.9145992       6.9111705     0.049611197
       1.0395000     0.082958763     0.047798032       7.1309498       7.1271913     0.052734587
       1.0710000     0.085123221     0.048231017       7.3473249       7.3432163     0.055950418
       1.1025000     0.087292044     0.048668905       7.5637253       7.5592459     0.059258316
       1.1340000     0.089459971     0.049111011       7.7801518       7.7752799     0.062657895
       1.1655000     0.091621602     0.049556633       7.9966049       7.9913187     0.066148747
       1.1970000     0.093771393     0.050005051       8.2130854       8.2073623     0.069730450
       1.2285000     0.095903664     0.050455533       8.4295939       8.4234109     0.073402561
       1.2600000     0.098012590     0.050907327       8.6461312       8.6394646     0.077164617
       1.2915000      0.10009221     0.051359669       8.8626979       8.8555235     0.081016137
       1.3230000      0.10213643     0.051811778       9.0792947       9.0715878     0.084956617
       1.3545000      0.10413903     0.052262862       9.2959222       9.2876575     0.088985534
       1.3860000      0.10609362     0.052712111       9.5125811       9.5037329     0.093102342
       1.4175000      0.10799372     0.053158703       9.7292720       9.7198140     0.097306471
       1.4490000      0.10983271     0.053601804       9.9459956       9.9359010      0.10159733
       1.4805000      0.11160382     0.054040567       10.162752       10.151994      0.10597430
       1.5120000      0.11330017     0.054474132       10.379543       10.368093      0.11043673
       1.5435000      0.11491475     0.054901627       10.596369       10.584199      0.11498397
       1.5750000      0.11644044     0.055322170       10.813229       10.800310      0.11961531
       1.6065000      0.11786999     0.055734869       11.030125       11.016429      0.12433003
       1.6380000      0.11919603     0.056138819       11.247058       11.232554      0.12912738
       1.6695000      0.12041106     0.056533110       11.464027       11.448686      0.13400657
       1.7010000      0.12150751     0.056916819       11.681034       11.664824      0.13896679
       1.7325000      0.12247764     0.057289018       11.898079       11.880970      0.14400720
       1.7640000      0.12331366     0.057648770       12.115163       12.097123      0.14912690
       1.7955000      0.12400764     0.057995130       12.332286       12.313283      0.15432500
       1.8270000      0.12455155     0.058327150       12.549448       12.529451      0.15960053
       1.8585000      0.12493727     0.058643874       12.766651       12.745626      0.16495252
       1.8900000      0.12515659     0.058944343       12.983894       12.961809      0.17037994
       1.9215000      0.12520118     0.059227593       13.201178       13.178000      0.17588172
       1.9530000      0.12506267     0.059492659       13.418504       13.394199      0.18145676
       1.9845000      0.12473255     0.059738571       13.635872       13.610406      0.18710391
       2.0160000      0.12420227     0.059964361       13.853282       13.826621      0.19282198
       2.0475000      0.12346319     0.060169059       14.070735       14.042845      0.19860973
       2.0790000      0.12250659     0.060351697       14.288232       14.259077      0.20446589
       2.1105000      0.12132371     0.060511308       14.505772       14.475318      0.21038910
       2.1420000      0.11990568     0.060646927       14.723357       14.691567      0.21637801
       2.1735000      0.11824363     0.060757595       14.940985       14.907826      0.22243116
       2.2050000      0.11632860     0.060842357       15.158659       15.124093      0.22854708
       2.2365000      0.11415158     0.060900265       15.376377       15.340370      0.23472421
       2.2680000      0.11170356     0.060930378       15.594141       15.556655      0.24096097
       2.2995000      0.10897545     0.060931764       15.811950       15.772951      0.24725567
       2.3310000      0.10595815     0.060903502       16.029805       15.989255      0.25360661
       2.3625000      0.10264256     0.060844683       16.247706       16.205570      0.26001200
       2.3940000     0.099019532     0.060754409       16.465654       16.421894      0.26646998
       2.4255000     0.095079930     0.060631799       16.683647       16.638228      0.27297863
       2.4570000     0.090814616     0.060475987       16.901687       16.854573      0.27953596
       2.4885000     0.086214461     0.060286125       17.119774       17.070927      0.28613990
       2.5200000     0.081270355     0.060061387       17.337907       17.287292      0.29278832
       2.5515000     0.075973211     0.059800964       17.556087       17.503668      0.29947899
       2.5830000     0.070313983     0.059504075       17.774314       17.720053      0.30620961
       2.6145000     0.064283668     0.059169961       17.992587       17.936450      0.31297779
       2.6460000     0.057873321     0.058797892       18.210907       18.152858      0.31978107
       2.6775000     0.051074060     0.058387167       18.429273       18.369276      0.32661687
       2.7090000     0.043877084     0.057937118       18.647686       18.585706      0.33348255
       2.7405000     0.036273681     0.057447108       18.866145       18.802147      0.34037535
       2.7720000     0.028255242     0.056916539       19.084649       19.018599      0.34729241
       2.8035000     0.019813268     0.056344853       19.303200       19.235063      0.35423077
       2.8350000     0.010939398     0.055731529       19.521795       19.451539      0.36118738
       2.8665000  1.6254029E-003     0.055076095       19.740435       19.668026      0.36815906
       2.8980000 -8.1367829E-003     0.054378124       19.959120       19.884525      0.37514251
       2.9295000    -0.018355052     0.053637240       20.177849       20.101036      0.38213433
       2.9610000    -0.029037110     0.052853120       20.396622       20.317560      0.38913097
       2.9925000    -0.040190453     0.052025497       20.615437       20.534095      0.39612878
       3.0240000    -0.051822353     0.051154166       20.834294       20.750644      0.40312395
       3.0555000    -0.063939841     0.050238983       21.053194       20.967204      0.41011257
       3.0870000    -0.076549681     0.049279873       21.272133       21.183778      0.41709054
       3.1185000    -0.089658354     0.048276833       21.491113       21.400364      0.42405365
       3.1500000     -0.10327203     0.047229933       21.710132       21.616964      0.43099751

Table series: Data for wavelength : 0.587562 µm.
   Y Angle (deg)       Tan Shift       Sag Shift     Real Height     Ref. Height      Distortion
  --------------  --------------  --------------  --------------  --------------  --------------
      0.00000000    -0.018402706    -0.018402706      0.00000000      0.00000000      0.00000000
     0.031500000    -0.018362768    -0.018396202      0.21589737      0.21589726  5.1389304E-005
     0.063000000    -0.018241192    -0.018376697      0.43179554      0.43179465  2.0556511E-004
     0.094500000    -0.018038199    -0.018344224      0.64769530      0.64769230  4.6251085E-004
      0.12600000    -0.017754160    -0.018298834      0.86359745      0.86359034  8.2220560E-004
      0.15750000    -0.017389598    -0.018240598       1.0795028       1.0794889  1.2846200E-003
      0.18900000    -0.016945185    -0.018169608       1.2954121       1.2953881  1.8497188E-003
      0.22050000    -0.016421743    -0.018085977       1.5113262       1.5112881  2.5174506E-003
      0.25200000    -0.015820246    -0.017989839       1.7272458       1.7271890  3.2877630E-003
      0.28350000    -0.015141817    -0.017881347       1.9431718       1.9430910  4.1605924E-003
      0.31500000    -0.014387730    -0.017760673       2.1591050       2.1589941  5.1358665E-003
      0.34650000    -0.013559406    -0.017628013       2.3750461       2.3748986  6.2135039E-003
      0.37800000    -0.012658420    -0.017483581       2.5909960       2.5908044  7.3934143E-003
      0.40950000    -0.011686492    -0.017327609       2.8069554       2.8067119  8.6754982E-003
      0.44100000    -0.010645496    -0.017160354       3.0229251       3.0226210     0.010059647
      0.47250000 -9.5374503E-003    -0.016982088       3.2389059       3.2385320     0.011545742
      0.50400000 -8.3645255E-003    -0.016793106       3.4548986       3.4544449     0.013133655
      0.53550000 -7.1290394E-003    -0.016593722       3.6709040       3.6703599     0.014823250
      0.56700000 -5.8334581E-003    -0.016384269       3.8869228       3.8862772     0.016614376
      0.59850000 -4.4803957E-003    -0.016165099       4.1029559       4.1021967     0.018506877
      0.63000000 -3.0726136E-003    -0.015936586       4.3190040       4.3181188     0.020500583
      0.66150000 -1.6130209E-003    -0.015699120       4.5350679       4.5340435     0.022595315
      0.69300000 -1.0467257E-004    -0.015453111       4.7511484       4.7499709     0.024790881
      0.72450000  1.4492289E-003    -0.015198990       4.9672463       4.9659012     0.027087080
      0.75600000  3.0453362E-003    -0.014937205       5.1833622       5.1818344     0.029483698
      0.78750000  4.6801566E-003    -0.014668223       5.3994971       5.3977709     0.031980508
      0.81900000  6.3500520E-003    -0.014392528       5.6156516       5.6137105     0.034577273
      0.85050000  8.0512404E-003    -0.014110624       5.8318265       5.8296536     0.037273740
      0.88200000  9.7797964E-003    -0.013823034       6.0480227       6.0456002     0.040069646
      0.91350000     0.011531651    -0.013530296       6.2642407       6.2615505     0.042964714
      0.94500000     0.013302594    -0.013232967       6.4804815       6.4775045     0.045958650
      0.97650000     0.015088273    -0.012931622       6.6967457       6.6934625     0.049051151
       1.0080000     0.016884194    -0.012626852       6.9130341       6.9094245     0.052241893
       1.0395000     0.018685725    -0.012319266       7.1293474       7.1253907     0.055530542
       1.0710000     0.020488094    -0.012009489       7.3456865       7.3413612     0.058916746
       1.1025000     0.022286391    -0.011698162       7.5620519       7.5573361     0.062400136
       1.1340000     0.024075567    -0.011385942       7.7784445       7.7733156     0.065980327
       1.1655000     0.025850441    -0.011073502       7.9948649       7.9892998     0.069656917
       1.1970000     0.027605693    -0.010761532       8.2113139       8.2052888     0.073429485
       1.2285000     0.029335872    -0.010450734       8.4277923       8.4212828     0.077297594
       1.2600000     0.031035392    -0.010141828       8.6443007       8.6372819     0.081260783
       1.2915000     0.032698538 -9.8355449E-003       8.8608397       8.8532862     0.085318577
       1.3230000     0.034319463 -9.5326330E-003       9.0774103       9.0692959     0.089470476
       1.3545000     0.035892193 -9.2338522E-003       9.2940129       9.2853111     0.093715961
       1.3860000     0.037410626 -8.9399762E-003       9.5106483       9.5013318     0.098054490
       1.4175000     0.038868535 -8.6517914E-003       9.7273172       9.7173584      0.10248550
       1.4490000     0.040259570 -8.3700967E-003       9.9440203       9.9333908      0.10700840
       1.4805000     0.041577258 -8.0957026E-003       10.160758       10.149429      0.11162258
       1.5120000     0.042815005 -7.8294314E-003       10.377532       10.365474      0.11632741
       1.5435000     0.043966102 -7.5721161E-003       10.594341       10.581525      0.12112222
       1.5750000     0.045023721 -7.3245999E-003       10.811187       10.797582      0.12600632
       1.6065000     0.045980919 -7.0877364E-003       11.028071       11.013645      0.13097899
       1.6380000     0.046830646 -6.8623880E-003       11.244993       11.229716      0.13603949
       1.6695000     0.047565738 -6.6494261E-003       11.461953       11.445793      0.14118704
       1.7010000     0.048178927 -6.4497302E-003       11.678953       11.661877      0.14642084
       1.7325000     0.048662839 -6.2641870E-003       11.895992       11.877968      0.15174004
       1.7640000     0.049009998 -6.0936905E-003       12.113072       12.094067      0.15714378
       1.7955000     0.049212833 -5.9391405E-003       12.330193       12.310173      0.16263114
       1.8270000     0.049263674 -5.8014424E-003       12.547355       12.526286      0.16820120
       1.8585000     0.049154758 -5.6815062E-003       12.764559       12.742406      0.17385296
       1.8900000     0.048878236 -5.5802459E-003       12.981806       12.958535      0.17958543
       1.9215000     0.048426171 -5.4985788E-003       13.199097       13.174671      0.18539753
       1.9530000     0.047790544 -5.4374243E-003       13.416430       13.390815      0.19128818
       1.9845000     0.046963258 -5.3977033E-003       13.633808       13.606968      0.19725624
       2.0160000     0.045936143 -5.3803374E-003       13.851231       13.823128      0.20330053
       2.0475000     0.044700956 -5.3862478E-003       14.068698       14.039297      0.20941983
       2.0790000     0.043249391 -5.4163542E-003       14.286211       14.255475      0.21561286
       2.1105000     0.041573079 -5.4715743E-003       14.503770       14.471661      0.22187830
       2.1420000     0.039663595 -5.5528222E-003       14.721375       14.687856      0.22821480
       2.1735000     0.037512463 -5.6610075E-003       14.939027       14.904059      0.23462092
       2.2050000     0.035111160 -5.7970345E-003       15.156726       15.120272      0.24109519
       2.2365000     0.032451123 -5.9618005E-003       15.374473       15.336494      0.24763609
       2.2680000     0.029523751 -6.1561948E-003       15.592267       15.552725      0.25424203
       2.2995000     0.026320417 -6.3810978E-003       15.810109       15.768966      0.26091137
       2.3310000     0.022832472 -6.6373788E-003       16.027999       15.985216      0.26764240
       2.3625000     0.019051245 -6.9258957E-003       16.245938       16.201476      0.27443335
       2.3940000     0.014968059 -7.2474928E-003       16.463926       16.417745      0.28128240
       2.4255000     0.010574236 -7.6029995E-003       16.681962       16.634025      0.28818763
       2.4570000  5.8610998E-003 -7.9932288E-003       16.900048       16.850315      0.29514708
       2.4885000  8.1998723E-004 -8.4189759E-003       17.118183       17.066615      0.30215871
       2.5200000 -4.5577443E-003 -8.8810162E-003       17.336367       17.282925      0.30922039
       2.5515000    -0.010280706 -9.3801037E-003       17.554601       17.499245      0.31632994
       2.5830000    -0.016357474 -9.9169691E-003       17.772884       17.715577      0.32348507
       2.6145000    -0.022796577    -0.010492318       17.991217       17.931919      0.33068343
       2.6460000    -0.029606484    -0.011106829       18.209599       18.148272      0.33792257
       2.6775000    -0.036795599    -0.011761152       18.428030       18.364635      0.34519997
       2.7090000    -0.044372250    -0.012455904       18.646511       18.581010      0.35251298
       2.7405000    -0.052344674    -0.013191671       18.865041       18.797397      0.35985890
       2.7720000    -0.060721008    -0.013969000       19.083620       19.013794      0.36723491
       2.8035000    -0.069509277    -0.014788404       19.302247       19.230203      0.37463807
       2.8350000    -0.078717382    -0.015650351       19.520923       19.446624      0.38206537
       2.8665000    -0.088353085    -0.016555269       19.739647       19.663057      0.38951367
       2.8980000    -0.098423996    -0.017503536       19.958419       19.879501      0.39697972
       2.9295000     -0.10893756    -0.018495485       20.177238       20.095958      0.40446015
       2.9610000     -0.11990104    -0.019531395       20.396104       20.312427      0.41195147
       2.9925000     -0.13132150    -0.020611491       20.615016       20.528908      0.41945007
       3.0240000     -0.14320579    -0.021735937       20.833974       20.745401      0.42695220
       3.0555000     -0.15556053    -0.022904840       21.052977       20.961907      0.43445398
       3.0870000     -0.16839210    -0.024118236       21.272024       21.178426      0.44195140
       3.1185000     -0.18170658    -0.025376097       21.491115       21.394958      0.44944028
       3.1500000     -0.19550979    -0.026678319       21.710249       21.611502      0.45691632

Table series: Data for wavelength : 0.656273 µm.
   Y Angle (deg)       Tan Shift       Sag Shift     Real Height     Ref. Height      Distortion
  --------------  --------------  --------------  --------------  --------------  --------------
      0.00000000 -8.5615965E-003 -8.5615965E-003      0.00000000      0.00000000      0.00000000
     0.031500000 -8.5249193E-003 -8.5562413E-003      0.21580407      0.21580396  4.6628491E-005
     0.063000000 -8.4136125E-003 -8.5401856E-003      0.43160894      0.43160806  2.0419636E-004
     0.094500000 -8.2278935E-003 -8.5134599E-003      0.64741544      0.64741242  4.6679568E-004
      0.12600000 -7.9681281E-003 -8.4761147E-003      0.86322437      0.86321716  8.3440574E-004
      0.15750000 -7.6348302E-003 -8.4282207E-003       1.0790365       1.0790224  1.3069975E-003
      0.18900000 -7.2286615E-003 -8.3698687E-003       1.2948528       1.2948284  1.8845346E-003
      0.22050000 -6.7504321E-003 -8.3011698E-003       1.5106738       1.5106351  2.5669689E-003
      0.25200000 -6.2010997E-003 -8.2222550E-003       1.7265006       1.7264427  3.3542472E-003
      0.28350000 -5.5817699E-003 -8.1332755E-003       1.9423338       1.9422513  4.2463066E-003
      0.31500000 -4.8936958E-003 -8.0344025E-003       2.1581743       2.1580612  5.2430754E-003
      0.34650000 -4.1382783E-003 -7.9258271E-003       2.3740229       2.3738723  6.3444730E-003
      0.37800000 -3.3170652E-003 -7.8077602E-003       2.5898804       2.5896849  7.5504101E-003
      0.40950000 -2.4317520E-003 -7.6804326E-003       2.8057476       2.8054990  8.8607881E-003
      0.44100000 -1.4841807E-003 -7.5440949E-003       3.0216253       3.0213149     0.010275499
      0.47250000 -4.7633999E-004 -7.3990171E-003       3.2375143       3.2371325     0.011794427
      0.50400000  5.8963458E-004 -7.2454890E-003       3.4534154       3.4529522     0.013417443
      0.53550000  1.7114617E-003 -7.0838196E-003       3.6693295       3.6687739     0.015144413
      0.56700000  2.8867142E-003 -6.9143376E-003       3.8852572       3.8845978     0.016975188
      0.59850000  4.1128189E-003 -6.7373905E-003       4.1011994       4.1004241     0.018909613
      0.63000000  5.3870583E-003 -6.5533451E-003       4.3171570       4.3162528     0.020947521
      0.66150000  6.7065690E-003 -6.3625871E-003       4.5331306       4.5320842     0.023088733
      0.69300000  8.0683444E-003 -6.1655212E-003       4.7491211       4.7479183     0.025333060
      0.72450000  9.4692329E-003 -5.9625703E-003       4.9651292       4.9637553     0.027680302
      0.75600000     0.010905940 -5.7541765E-003       5.1811559       5.1795952     0.030130247
      0.78750000     0.012375028 -5.5407996E-003       5.3972017       5.3954383     0.032682672
      0.81900000     0.013872918 -5.3229178E-003       5.6132676       5.6112847     0.035337340
      0.85050000     0.015395887 -5.1010274E-003       5.8293543       5.8271345     0.038094002
      0.88200000     0.016940072 -4.8756422E-003       6.0454625       6.0429878     0.040952398
      0.91350000     0.018501470 -4.6472938E-003       6.2615931       6.2588447     0.043912252
      0.94500000     0.020075936 -4.4165310E-003       6.4777468       6.4747054     0.046973274
      0.97650000     0.021659190 -4.1839198E-003       6.6939244       6.6905701     0.050135163
       1.0080000     0.023246809 -3.9500430E-003       6.9101266       6.9064387     0.053397600
       1.0395000     0.024834234 -3.7155000E-003       7.1263542       7.1223116     0.056760252
       1.0710000     0.026416771 -3.4809068E-003       7.3426080       7.3381888     0.060222771
       1.1025000     0.027989588 -3.2468953E-003       7.5588887       7.5540704     0.063784793
       1.1340000     0.029547720 -3.0141131E-003       7.7751971       7.7699565     0.067445935
       1.1655000     0.031086067 -2.7832236E-003       7.9915338       7.9858474     0.071205800
       1.1970000     0.032599398 -2.5549051E-003       8.2078997       8.2017431     0.075063971
       1.2285000     0.034082347 -2.3298509E-003       8.4242954       8.4176438     0.079020013
       1.2600000     0.035529422 -2.1087689E-003       8.6407217       8.6335495     0.083073473
       1.2915000     0.036935000 -1.8923811E-003       8.8571793       8.8494605     0.087223877
       1.3230000     0.038293330 -1.6814232E-003       9.0736690       9.0653768     0.091470732
       1.3545000     0.039598535 -1.4766444E-003       9.2901914       9.2812986     0.095813524
       1.3860000     0.040844615 -1.2788070E-003       9.5067472       9.4972261      0.10025171
       1.4175000     0.042025443 -1.0886859E-003       9.7233371       9.7131592      0.10478475
       1.4490000     0.043134776 -9.0706792E-004       9.9399619       9.9290983      0.10941204
       1.4805000     0.044166247 -7.3475183E-004       10.156622       10.145043      0.11413298
       1.5120000     0.045113372 -5.7254757E-004       10.373319       10.360995      0.11894695
       1.5435000     0.045969553 -4.2127581E-004       10.590052       10.576952      0.12385328
       1.5750000     0.046728075 -2.8176748E-004       10.806823       10.792916      0.12885130
       1.6065000     0.047382114 -1.5486320E-004       11.023632       11.008886      0.13394029
       1.6380000     0.047924737 -4.1412750E-005       11.240479       11.224863      0.13911951
       1.6695000     0.048348899  5.7725488E-005       11.457366       11.440847      0.14438819
       1.7010000     0.048647455  1.4168517E-004       11.674293       11.656838      0.14974554
       1.7325000     0.048813158  2.0959257E-004       11.891261       11.872836      0.15519072
       1.7640000     0.048838658  2.6056726E-004       12.108270       12.088841      0.16072288
       1.7955000     0.048716512  2.9372275E-004       12.325321       12.304853      0.16634110
       1.8270000     0.048439181  3.0816720E-004       12.542414       12.520873      0.17204447
       1.8585000     0.047999036  3.0300413E-004       12.759550       12.736900      0.17783202
       1.8900000     0.047388362  2.7733320E-004       12.976730       12.952935      0.18370273
       1.9215000     0.046599360  2.3025098E-004       13.193954       13.168978      0.18965557
       1.9530000     0.045624149  1.6085175E-004       13.411222       13.385029      0.19568944
       1.9845000     0.044454773  6.8228361E-005       13.628535       13.601088      0.20180323
       2.0160000     0.043083204 -4.8526901E-005       13.845894       13.817155      0.20799577
       2.0475000     0.041501344 -1.9032138E-004       14.063299       14.033230      0.21426583
       2.0790000     0.039701032 -3.5806111E-004       14.280750       14.249314      0.22061217
       2.1105000     0.037674046 -5.5264984E-004       14.498248       14.465407      0.22703348
       2.1420000     0.035412111 -7.7498799E-004       14.715794       14.681509      0.23352840
       2.1735000     0.032906899 -1.0259716E-003       14.933387       14.897619      0.24009552
       2.2050000     0.030150041 -1.3064912E-003       15.151029       15.113738      0.24673339
       2.2365000     0.027133124 -1.6174308E-003       15.368719       15.329867      0.25344049
       2.2680000     0.023847704 -1.9596662E-003       15.586457       15.546004      0.26021525
       2.2995000     0.020285306 -2.3340646E-003       15.804245       15.762152      0.26705604
       2.3310000     0.016437437 -2.7414825E-003       16.022083       15.978308      0.27396118
       2.3625000     0.012295584 -3.1827647E-003       16.239970       16.194475      0.28092891
       2.3940000  7.8512277E-003 -3.6587429E-003       16.457907       16.410651      0.28795742
       2.4255000  3.0958439E-003 -4.1702343E-003       16.675894       16.626837      0.29504483
       2.4570000 -1.9790830E-003 -4.7180398E-003       16.893931       16.843033      0.30218917
       2.4885000 -7.3820603E-003 -5.3029428E-003       17.112019       17.059240      0.30938844
       2.5200000    -0.013121571 -5.9257073E-003       17.330157       17.275456      0.31664053
       2.5515000    -0.019206071 -6.5870763E-003       17.548347       17.491684      0.32394327
       2.5830000    -0.025643978 -7.2877698E-003       17.766587       17.707921      0.33129441
       2.6145000    -0.032443665 -8.0284834E-003       17.984878       17.924170      0.33869160
       2.6460000    -0.039613447 -8.8098861E-003       18.203219       18.140429      0.34613243
       2.6775000    -0.047161575 -9.6326181E-003       18.421612       18.356700      0.35361440
       2.7090000    -0.055096224    -0.010497289       18.640055       18.572981      0.36113489
       2.7405000    -0.063425481    -0.011404476       18.858548       18.789274      0.36869122
       2.7720000    -0.072157337    -0.012354720       19.077092       19.005578      0.37628060
       2.8035000    -0.081299672    -0.013348526       19.295686       19.221894      0.38390013
       2.8350000    -0.090860244    -0.014386358       19.514331       19.438221      0.39154682
       2.8665000     -0.10084668    -0.015468638       19.733024       19.654560      0.39921756
       2.8980000     -0.11126645    -0.016595743       19.951767       19.870911      0.40690914
       2.9295000     -0.12212687    -0.017768000       20.170559       20.087274      0.41461822
       2.9610000     -0.13343509    -0.018985688       20.389400       20.303649      0.42234135
       2.9925000     -0.14519805    -0.020249030       20.608288       20.520037      0.43007495
       3.0240000     -0.15742248    -0.021558194       20.827224       20.736437      0.43781532
       3.0555000     -0.17011490    -0.022913286       21.046206       20.952849      0.44555861
       3.0870000     -0.18328159    -0.024314348       21.265235       21.169274      0.45330086
       3.1185000     -0.19692856    -0.025761356       21.484309       21.385712      0.46103793
       3.1500000     -0.21106153    -0.027254213       21.703427       21.602163      0.46876557
