Results for:	
File:	C:\Users\User\OneDrive - Massachusetts Institute of Technology\Documents\MIT\Grad School\Classes\2.156\Lens Project\Prime Lenses\US20040017605_Example03P.zmx
Title:	US 2004/0017605 Example 3 (Olympus Zuiko Digital ED 300mm F2.8)
Date:	11/7/2025 5:51:50 PM

0 message(s) in output.
3 series table(s) in output.

Table series: Data for wavelength : 0.486133 µm.
   Y Angle (deg)       Tan Shift       Sag Shift     Real Height     Ref. Height      Distortion
  --------------  --------------  --------------  --------------  --------------  --------------
      0.00000000     0.079000803     0.079000803      0.00000000      0.00000000      0.00000000
     0.014523247     0.079001938     0.079000467      0.10765591      0.10765584  7.0963197E-005
     0.029046494     0.079005524     0.078999460      0.21531211      0.21531169  1.9749764E-004
     0.043569741     0.079011569     0.078997783      0.32296888      0.32296756  4.0828523E-004
     0.058092988     0.079020088     0.078995439      0.43062651      0.43062348  7.0335857E-004
     0.072616234     0.079031099     0.078992432      0.53828528      0.53827945  1.0827402E-003
     0.087139481     0.079044626     0.078988768      0.64594549      0.64593550  1.5464368E-003
      0.10166273     0.079060699     0.078984453      0.75360741      0.75359162  2.0944541E-003
      0.11618598     0.079079355     0.078979495      0.86127133      0.86124785  2.7268046E-003
      0.13070922     0.079100634     0.078973902      0.96893754      0.96890418  3.4434770E-003
      0.14523247     0.079124582     0.078967684       1.0766063       1.0765606  4.2444881E-003
      0.15975572     0.079151253     0.078960853       1.1842780       1.1842172  5.1298460E-003
      0.17427896     0.079180704     0.078953420       1.2919528       1.2918740  6.0995595E-003
      0.18880221     0.079212997     0.078945399       1.3996310       1.3995309  7.1536385E-003
      0.20332546     0.079248202     0.078936805       1.5073130       1.5071880  8.2920937E-003
      0.21784870     0.079286394     0.078927653       1.6149989       1.6148453  9.5149365E-003
      0.23237195     0.079327652     0.078917960       1.7226892       1.7225028     0.010822184
      0.24689520     0.079372061     0.078907745       1.8303840       1.8301605     0.012213840
      0.26141844     0.079419713     0.078897026       1.9380837       1.9378184     0.013689923
      0.27594169     0.079470705     0.078885824       2.0457886       2.0454766     0.015250448
      0.29046494     0.079525138     0.078874161       2.1534989       2.1531351     0.016895431
      0.30498818     0.079583120     0.078862060       2.2612149       2.2607939     0.018624889
      0.31951143     0.079644765     0.078849544       2.3689370       2.3684529     0.020438839
      0.33403468     0.079710192     0.078836638       2.4766653       2.4761122     0.022337300
      0.34855793     0.079779525     0.078823370       2.5844003       2.5837719     0.024320290
      0.36308117     0.079852894     0.078809765       2.6921421       2.6914319     0.026387830
      0.37760442     0.079930436     0.078795854       2.7998911       2.7990922     0.028539940
      0.39212767     0.080012292     0.078781666       2.9076475       2.9067529     0.030776643
      0.40665091     0.080098608     0.078767231       3.0154117       3.0144139     0.033097961
      0.42117416     0.080189538     0.078752583       3.1231839       3.1220754     0.035503918
      0.43569741     0.080285240     0.078737754       3.2309644       3.2297373     0.037994537
      0.45022065     0.080385878     0.078722779       3.3387535       3.3373995     0.040569845
      0.46474390     0.080491622     0.078707693       3.4465515       3.4450622     0.043229867
      0.47926715     0.080602647     0.078692535       3.5543587       3.5527254     0.045974631
      0.49379039     0.080719135     0.078677341       3.6621754       3.6603890     0.048804163
      0.50831364     0.080841271     0.078662152       3.7700018       3.7680530     0.051718492
      0.52283689     0.080969250     0.078647007       3.8778383       3.8757176     0.054717650
      0.53736013     0.081103268     0.078631948       3.9856851       3.9833826     0.057801666
      0.55188338     0.081243530     0.078617019       4.0935425       4.0910482     0.060970571
      0.56640663     0.081390246     0.078602262       4.2014109       4.1987143     0.064224398
      0.58092988     0.081543631     0.078587725       4.3092904       4.3063809     0.067563179
      0.59545312     0.081703906     0.078573452       4.4171815       4.4140481     0.070986947
      0.60997637     0.081871299     0.078559492       4.5250843       4.5217158     0.074495740
      0.62449962     0.082046043     0.078545893       4.6329992       4.6293842     0.078089593
      0.63902286     0.082228376     0.078532706       4.7409265       4.7370531     0.081768540
      0.65354611     0.082418543     0.078519982       4.8488664       4.8447226     0.085532621
      0.66806936     0.082616794     0.078507773       4.9568193       4.9523928     0.089381876
      0.68259260     0.082823386     0.078496133       5.0647854       5.0600636     0.093316338
      0.69711585     0.083038581     0.078485116       5.1727651       5.1677350     0.097336051
      0.71163910     0.083262646     0.078474780       5.2807585       5.2754071      0.10144106
      0.72616234     0.083495856     0.078465181       5.3887661       5.3830799      0.10563140
      0.74068559     0.083738491     0.078456377       5.4967881       5.4907534      0.10990711
      0.75520884     0.083990837     0.078448429       5.6048248       5.5984276      0.11426825
      0.76973208     0.084253185     0.078441397       5.7128764       5.7061025      0.11871484
      0.78425533     0.084525833     0.078435343       5.8209434       5.8137781      0.12324695
      0.79877858     0.084809085     0.078430332       5.9290259       5.9214545      0.12786462
      0.81330183     0.085103251     0.078426426       6.0371243       6.0291316      0.13256789
      0.82782507     0.085408647     0.078423694       6.1452389       6.1368095      0.13735681
      0.84234832     0.085725594     0.078422200       6.2533699       6.2444882      0.14223144
      0.85687157     0.086054421     0.078422014       6.3615176       6.3521677      0.14719181
      0.87139481     0.086395463     0.078423205       6.4696824       6.4598481      0.15223799
      0.88591806     0.086749058     0.078425844       6.5778645       6.5675292      0.15737002
      0.90044131     0.087115553     0.078430003       6.6860643       6.6752112      0.16258796
      0.91496455     0.087495302     0.078435756       6.7942820       6.7828941      0.16789186
      0.92948780     0.087888662     0.078443175       6.9025179       6.8905778      0.17328177
      0.94401105     0.088295999     0.078452338       7.0107724       6.9982624      0.17875775
      0.95853429     0.088717684     0.078463321       7.1190456       7.1059479      0.18431986
      0.97305754     0.089154094     0.078476203       7.2273380       7.2136344      0.18996815
      0.98758079     0.089605613     0.078491063       7.3356498       7.3213217      0.19570269
       1.0021040     0.090072631     0.078507981       7.4439812       7.4290100      0.20152352
       1.0166273     0.090555545     0.078527040       7.5523327       7.5366993      0.20743072
       1.0311505     0.091054756     0.078548322       7.6607045       7.6443895      0.21342434
       1.0456738     0.091570675     0.078571913       7.7690969       7.7520807      0.21950445
       1.0601970     0.092103717     0.078597898       7.8775101       7.8597729      0.22567110
       1.0747203     0.092654303     0.078626365       7.9859446       7.9674661      0.23192436
       1.0892435     0.093222861     0.078657400       8.0944006       8.0751603      0.23826430
       1.1037668     0.093809828     0.078691095       8.2028783       8.1828556      0.24469098
       1.1182900     0.094415643     0.078727539       8.3113782       8.2905519      0.25120446
       1.1328133     0.095040756     0.078766826       8.4199004       8.3982493      0.25780483
       1.1473365     0.095685620     0.078809047       8.5284454       8.5059478      0.26449214
       1.1618598     0.096350696     0.078854299       8.6370133       8.6136474      0.27126646
       1.1763830     0.097036453     0.078902677       8.7456045       8.7213480      0.27812786
       1.1909062     0.097743364     0.078954279       8.8542194       8.8290498      0.28507643
       1.2054295     0.098471911     0.079009202       8.9628581       8.9367528      0.29211222
       1.2199527     0.099222581     0.079067547       9.0715210       9.0444568      0.29923531
       1.2344760     0.099995870     0.079129415       9.1802085       9.1521621      0.30644578
       1.2489992      0.10079228     0.079194909       9.2889207       9.2598685      0.31374370
       1.2635225      0.10161231     0.079264132       9.3976581       9.3675761      0.32112914
       1.2780457      0.10245649     0.079337190       9.5064209       9.4752849      0.32860219
       1.2925690      0.10332533     0.079414188       9.6152094       9.5829949      0.33616293
       1.3070922      0.10421936     0.079495235       9.7240239       9.6907062      0.34381142
       1.3216155      0.10513913     0.079580440       9.8328648       9.7984187      0.35154776
       1.3361387      0.10608516     0.079669913       9.9417323       9.9061325      0.35937203
       1.3506620      0.10705801     0.079763766       10.050627       10.013847      0.36728430
       1.3651852      0.10805825     0.079862112       10.159549       10.121564      0.37528465
       1.3797085      0.10908642     0.079965065       10.268498       10.229281      0.38337319
       1.3942317      0.11014311     0.080072742       10.377475       10.337000      0.39154998
       1.4087549      0.11122889     0.080185258       10.486480       10.444721      0.39981511
       1.4232782      0.11234434     0.080302733       10.595514       10.552442      0.40816868
       1.4378014      0.11349006     0.080425287       10.704577       10.660165      0.41661077
       1.4523247      0.11466666     0.080553041       10.813668       10.767890      0.42514146

Table series: Data for wavelength : 0.587562 µm.
   Y Angle (deg)       Tan Shift       Sag Shift     Real Height     Ref. Height      Distortion
  --------------  --------------  --------------  --------------  --------------  --------------
      0.00000000 -7.7528918E-003 -7.7528918E-003      0.00000000      0.00000000      0.00000000
     0.014523247 -7.7539270E-003 -7.7544919E-003      0.10765894      0.10765889  4.2518203E-005
     0.029046494 -7.7594828E-003 -7.7592917E-003      0.21531816      0.21531780  1.7007338E-004
     0.043569741 -7.7695516E-003 -7.7672896E-003      0.32297796      0.32297673  3.8266679E-004
     0.058092988 -7.7841202E-003 -7.7784825E-003      0.43063863      0.43063570  6.8030565E-004
     0.072616234 -7.8031704E-003 -7.7928667E-003      0.53830045      0.53829473  1.0629874E-003
     0.087139481 -7.8266785E-003 -7.8104370E-003      0.64596372      0.64595383  1.5307188E-003
      0.10166273 -7.8546154E-003 -7.8311873E-003      0.75362871      0.75361301  2.0835014E-003
      0.11618598 -7.8869467E-003 -7.8551100E-003      0.86129573      0.86127229  2.7213438E-003
      0.13070922 -7.9236327E-003 -7.8821968E-003      0.96896505      0.96893168  3.4442511E-003
      0.14523247 -7.9646284E-003 -7.9124380E-003       1.0766370       1.0765912  4.2522318E-003
      0.15975572 -8.0098832E-003 -7.9458229E-003       1.1843118       1.1842508  5.1452927E-003
      0.17427896 -8.0593414E-003 -7.9823396E-003       1.2919898       1.2919106  6.1234439E-003
      0.18880221 -8.1129419E-003 -8.0219751E-003       1.3996712       1.3995706  7.1866959E-003
      0.20332546 -8.1706181E-003 -8.0647152E-003       1.5073564       1.5072308  8.3350586E-003
      0.21784870 -8.2322981E-003 -8.1105446E-003       1.6150456       1.6148911  9.5685441E-003
      0.23237195 -8.2979046E-003 -8.1594469E-003       1.7227392       1.7225517     0.010887165
      0.24689520 -8.3673551E-003 -8.2114045E-003       1.8304374       1.8302124     0.012290935
      0.26141844 -8.4405617E-003 -8.2663988E-003       1.9381405       1.9378734     0.013779869
      0.27594169 -8.5174307E-003 -8.3244099E-003       2.0458488       2.0455347     0.015353981
      0.29046494 -8.5978634E-003 -8.3854169E-003       2.1535625       2.1531962     0.017013289
      0.30498818 -8.6817556E-003 -8.4493976E-003       2.2612821       2.2608580     0.018757808
      0.31951143 -8.7689979E-003 -8.5163288E-003       2.3690077       2.3685201     0.020587557
      0.33403468 -8.8594751E-003 -8.5861861E-003       2.4767397       2.4761825     0.022502554
      0.34855793 -8.9530670E-003 -8.6589439E-003       2.5844783       2.5838452     0.024502821
      0.36308117 -9.0496474E-003 -8.7345757E-003       2.6922239       2.6915082     0.026588375
      0.37760442 -9.1490852E-003 -8.8130536E-003       2.7999767       2.7991716     0.028759240
      0.39212767 -9.2512437E-003 -8.8943486E-003       2.9077369       2.9068354     0.031015438
      0.40665091 -9.3559807E-003 -8.9784306E-003       3.0155050       3.0144995     0.033356991
      0.42117416 -9.4631486E-003 -9.0652685E-003       3.1232812       3.1221640     0.035783925
      0.43569741 -9.5725943E-003 -9.1548297E-003       3.2310658       3.2298289     0.038296263
      0.45022065 -9.6841594E-003 -9.2470809E-003       3.3388591       3.3374942     0.040894031
      0.46474390 -9.7976795E-003 -9.3419872E-003       3.4466613       3.4451600     0.043577258
      0.47926715 -9.9129854E-003 -9.4395128E-003       3.5544728       3.5528262     0.046345969
      0.49379039    -0.010029902 -9.5396208E-003       3.6622938       3.6604928     0.049200193
      0.50831364    -0.010148248 -9.6422730E-003       3.7701247       3.7681600     0.052139961
      0.52283689    -0.010267839 -9.7474302E-003       3.8779657       3.8758276     0.055165302
      0.53736013    -0.010388481 -9.8550518E-003       3.9858171       3.9834957     0.058276247
      0.55188338    -0.010509979 -9.9650963E-003       4.0936792       4.0911643     0.061472828
      0.56640663    -0.010632129    -0.010077521       4.2015524       4.1988334     0.064755079
      0.58092988    -0.010754723    -0.010192282       4.3094368       4.3065031     0.068123033
      0.59545312    -0.010877548    -0.010309334       4.4173329       4.4141734     0.071576725
      0.60997637    -0.011000383    -0.010428630       4.5252408       4.5218442     0.075116191
      0.62449962    -0.011123003    -0.010550125       4.6331609       4.6295155     0.078741467
      0.63902286    -0.011245178    -0.010673768       4.7410935       4.7371875     0.082452591
      0.65354611    -0.011366672    -0.010799510       4.8490388       4.8448601     0.086249601
      0.66806936    -0.011487243    -0.010927301       4.9569972       4.9525333     0.090132536
      0.68259260    -0.011606642    -0.011057087       5.0649689       5.0602072     0.094101437
      0.69711585    -0.011724616    -0.011188817       5.1729543       5.1678817     0.098156345
      0.71163910    -0.011840907    -0.011322435       5.2809536       5.2755568      0.10229730
      0.72616234    -0.011955249    -0.011457886       5.3889671       5.3832327      0.10652435
      0.74068559    -0.012067372    -0.011595113       5.4969952       5.4909092      0.11083753
      0.75520884    -0.012177000    -0.011734058       5.6050381       5.5985864      0.11523689
      0.76973208    -0.012283850    -0.011874663       5.7130961       5.7062644      0.11972248
      0.78425533    -0.012387635    -0.012016866       5.8211695       5.8139431      0.12429434
      0.79877858    -0.012488062    -0.012160606       5.9292586       5.9216225      0.12895252
      0.81330183    -0.012584830    -0.012305820       6.0373637       6.0293027      0.13369707
      0.82782507    -0.012677635    -0.012452446       6.1454851       6.1369837      0.13852804
      0.84234832    -0.012766165    -0.012600417       6.2536231       6.2446655      0.14344547
      0.85687157    -0.012850103    -0.012749667       6.3617780       6.3523480      0.14844942
      0.87139481    -0.012929127    -0.012900129       6.4699501       6.4600314      0.15353995
      0.88591806    -0.013002907    -0.013051734       6.5781397       6.5677156      0.15871709
      0.90044131    -0.013071109    -0.013204412       6.6863471       6.6754007      0.16398092
      0.91496455    -0.013133393    -0.013358092       6.7945725       6.7830866      0.16933148
      0.92948780    -0.013189411    -0.013512703       6.9028163       6.8907734      0.17476883
      0.94401105    -0.013238811    -0.013668170       7.0110788       6.9984610      0.18029302
      0.95853429    -0.013281234    -0.013824418       7.1193602       7.1061496      0.18590411
      0.97305754    -0.013316315    -0.013981373       7.2276610       7.2138391      0.19160217
      0.98758079    -0.013343685    -0.014138956       7.3359813       7.3215295      0.19738725
       1.0021040    -0.013362964    -0.014297090       7.4443215       7.4292209      0.20325941
       1.0166273    -0.013373772    -0.014455694       7.5526818       7.5369132      0.20921872
       1.0311505    -0.013375718    -0.014614688       7.6610626       7.6446065      0.21526523
       1.0456738    -0.013368408    -0.014773991       7.7694642       7.7523007      0.22139901
       1.0601970    -0.013351439    -0.014933518       7.8778869       7.8599960      0.22762012
       1.0747203    -0.013324404    -0.015093185       7.9863309       7.9676922      0.23392864
       1.0892435    -0.013286890    -0.015252907       8.0947967       8.0753895      0.24032462
       1.1037668    -0.013238475    -0.015412597       8.2032844       8.1830879      0.24680813
       1.1182900    -0.013178735    -0.015572166       8.3117944       8.2907872      0.25337924
       1.1328133    -0.013107234    -0.015731525       8.4203269       8.3984877      0.26003803
       1.1473365    -0.013023536    -0.015890583       8.5288824       8.5061892      0.26678455
       1.1618598    -0.012927193    -0.016049249       8.6374611       8.6138918      0.27361889
       1.1763830    -0.012817755    -0.016207429       8.7460632       8.7215956      0.28054111
       1.1909062    -0.012694762    -0.016365029       8.8546892       8.8293004      0.28755128
       1.2054295    -0.012557751    -0.016521953       8.9633392       8.9370064      0.29464949
       1.2199527    -0.012406249    -0.016678104       9.0720137       9.0447135      0.30183581
       1.2344760    -0.012239779    -0.016833383       9.1807129       9.1524218      0.30911030
       1.2489992    -0.012057857    -0.016987692       9.2894371       9.2601313      0.31647306
       1.2635225    -0.011859992    -0.017140930       9.3981866       9.3678419      0.32392415
       1.2780457    -0.011645686    -0.017292994       9.5069618       9.4755538      0.33146366
       1.2925690    -0.011414434    -0.017443782       9.6157630       9.5832669      0.33909167
       1.3070922    -0.011165727    -0.017593187       9.7245903       9.6909812      0.34680826
       1.3216155    -0.010899045    -0.017741106       9.8334443       9.7986968      0.35461350
       1.3361387    -0.010613866    -0.017887430       9.9423251       9.9064136      0.36250749
       1.3506620    -0.010309659    -0.018032051       10.051233       10.014132      0.37049031
       1.3651852 -9.9858841E-003    -0.018174859       10.160169       10.121851      0.37856204
       1.3797085 -9.6419975E-003    -0.018315744       10.269132       10.229572      0.38672277
       1.3942317 -9.2774477E-003    -0.018454592       10.378123       10.337294      0.39497258
       1.4087549 -8.8916760E-003    -0.018591290       10.487143       10.445017      0.40331157
       1.4232782 -8.4841170E-003    -0.018725723       10.596192       10.552742      0.41173982
       1.4378014 -8.0541979E-003    -0.018857775       10.705269       10.660468      0.42025743
       1.4523247 -7.6013391E-003    -0.018987327       10.814376       10.768195      0.42886448

Table series: Data for wavelength : 0.656273 µm.
   Y Angle (deg)       Tan Shift       Sag Shift     Real Height     Ref. Height      Distortion
  --------------  --------------  --------------  --------------  --------------  --------------
      0.00000000      0.26830485      0.26830485      0.00000000      0.00000000      0.00000000
     0.014523247      0.26830340      0.26830287      0.10753868      0.10753856  1.0480630E-004
     0.029046494      0.26829536      0.26829691      0.21507764      0.21507714  2.3254653E-004
     0.043569741      0.26828072      0.26828698      0.32261719      0.32261575  4.4541655E-004
     0.058092988      0.26825951      0.26827308      0.43015759      0.43015440  7.4327064E-004
     0.072616234      0.26823175      0.26825522      0.53769916      0.53769310  1.1262840E-003
     0.087139481      0.26819744      0.26823341      0.64524216      0.64523187  1.5943600E-003
      0.10166273      0.26815664      0.26820764      0.75278689      0.75277073  2.1475454E-003
      0.11618598      0.26810936      0.26817792      0.86033364      0.86030968  2.7858516E-003
      0.13070922      0.26805564      0.26814427      0.96788270      0.96784874  3.5092851E-003
      0.14523247      0.26799554      0.26810669       1.0754344       1.0753879  4.3178533E-003
      0.15975572      0.26792911      0.26806519       1.1829889       1.1829273  5.2115647E-003
      0.17427896      0.26785639      0.26801979       1.2905466       1.2904667  6.1904308E-003
      0.18880221      0.26777744      0.26797050       1.3981078       1.3980064  7.2544749E-003
      0.20332546      0.26769234      0.26791733       1.5056727       1.5055462  8.4036737E-003
      0.21784870      0.26760116      0.26786029       1.6132417       1.6130862  9.6380576E-003
      0.23237195      0.26750397      0.26779941       1.7208150       1.7206264     0.010957639
      0.24689520      0.26740085      0.26773470       1.8283929       1.8281669     0.012362432
      0.26141844      0.26729189      0.26766618       1.9359757       1.9357076     0.013852451
      0.27594169      0.26717718      0.26759387       2.0435637       2.0432485     0.015427712
      0.29046494      0.26705682      0.26751779       2.1511572       2.1507897     0.017088229
      0.30498818      0.26693091      0.26743796       2.2587565       2.2583311     0.018834021
      0.31951143      0.26679957      0.26735441       2.3663618       2.3658729     0.020665106
      0.33403468      0.26666290      0.26726715       2.4739735       2.4734150     0.022581502
      0.34855793      0.26652102      0.26717622       2.5815918       2.5809573     0.024583229
      0.36308117      0.26637407      0.26708164       2.6892171       2.6885000     0.026670308
      0.37760442      0.26622216      0.26698344       2.7968496       2.7960431     0.028842761
      0.39212767      0.26606543      0.26688164       2.9044896       2.9035865     0.031100609
      0.40665091      0.26590403      0.26677628       3.0121373       3.0111303     0.033443868
      0.42117416      0.26573810      0.26666739       3.1197932       3.1186745     0.035872579
      0.43569741      0.26556779      0.26655500       3.2274575       3.2262191     0.038386758
      0.45022065      0.26539326      0.26643914       3.3351304       3.3337640     0.040986432
      0.46474390      0.26521468      0.26631985       3.4428123       3.4413095     0.043671628
      0.47926715      0.26503219      0.26619716       3.5505035       3.5488553     0.046442364
      0.49379039      0.26484599      0.26607111       3.6582042       3.6564016     0.049298689
      0.50831364      0.26465625      0.26594173       3.7659147       3.7639484     0.052240616
      0.52283689      0.26446316      0.26580908       3.8736354       3.8714957     0.055268197
      0.53736013      0.26426690      0.26567317       3.9813665       3.9790435     0.058381429
      0.55188338      0.26406766      0.26553407       4.0891083       4.0865918     0.061580359
      0.56640663      0.26386566      0.26539181       4.1968611       4.1941406     0.064865029
      0.58092988      0.26366109      0.26524642       4.3046252       4.3016899     0.068235461
      0.59545312      0.26345416      0.26509797       4.4124009       4.4092398     0.071691700
      0.60997637      0.26324511      0.26494649       4.5201884       4.5167903     0.075233779
      0.62449962      0.26303413      0.26479203       4.6279881       4.6243413     0.078861733
      0.63902286      0.26282147      0.26463464       4.7358003       4.7318929     0.082575595
      0.65354611      0.26260736      0.26447437       4.8436253       4.8394452     0.086375407
      0.66806936      0.26239204      0.26431126       4.9514633       4.9469981     0.090261216
      0.68259260      0.26217575      0.26414537       5.0593146       5.0545516     0.094233057
      0.69711585      0.26195874      0.26397676       5.1671796       5.1621057     0.098290970
      0.71163910      0.26174127      0.26380547       5.2750585       5.2696605      0.10243500
      0.72616234      0.26152360      0.26363157       5.3829516       5.3772160      0.10666518
      0.74068559      0.26130600      0.26345510       5.4908593       5.4847722      0.11098157
      0.75520884      0.26108874      0.26327613       5.5987818       5.5923291      0.11538421
      0.76973208      0.26087211      0.26309471       5.7067194       5.6998867      0.11987314
      0.78425533      0.26065638      0.26291090       5.8146723       5.8074451      0.12444840
      0.79877858      0.26044184      0.26272477       5.9226410       5.9150041      0.12911006
      0.81330183      0.26022880      0.26253638       6.0306257       6.0225640      0.13385815
      0.82782507      0.26001755      0.26234578       6.1386267       6.1301246      0.13869273
      0.84234832      0.25980840      0.26215305       6.2466442       6.2376860      0.14361384
      0.85687157      0.25960166      0.26195825       6.3546786       6.3452482      0.14862154
      0.87139481      0.25939766      0.26176144       6.4627303       6.4528113      0.15371588
      0.88591806      0.25919672      0.26156270       6.5707994       6.5603751      0.15889691
      0.90044131      0.25899917      0.26136210       6.6788862       6.6679398      0.16416469
      0.91496455      0.25880535      0.26115969       6.7869912       6.7755054      0.16951927
      0.92948780      0.25861560      0.26095557       6.8951145       6.8830718      0.17496072
      0.94401105      0.25843026      0.26074979       7.0032565       6.9906391      0.18048907
      0.95853429      0.25824970      0.26054243       7.1114174       7.0982073      0.18610440
      0.97305754      0.25807428      0.26033357       7.2195976       7.2057765      0.19180676
      0.98758079      0.25790435      0.26012329       7.3277974       7.3133465      0.19759622
       1.0021040      0.25774030      0.25991166       7.4360171       7.4209175      0.20347283
       1.0166273      0.25758250      0.25969875       7.5442569       7.5284894      0.20943665
       1.0311505      0.25743134      0.25948466       7.6525171       7.6360624      0.21548775
       1.0456738      0.25728721      0.25926946       7.7607982       7.7436363      0.22162619
       1.0601970      0.25715050      0.25905323       7.8691003       7.8512111      0.22785204
       1.0747203      0.25702162      0.25883607       7.9774238       7.9587870      0.23416536
       1.0892435      0.25690097      0.25861804       8.0857689       8.0663640      0.24056622
       1.1037668      0.25678898      0.25839924       8.1941360       8.1739419      0.24705468
       1.1182900      0.25668607      0.25817976       8.3025254       8.2815209      0.25363082
       1.1328133      0.25659266      0.25795968       8.4109374       8.3891010      0.26029470
       1.1473365      0.25650918      0.25773910       8.5193722       8.4966822      0.26704640
       1.1618598      0.25643608      0.25751810       8.6278303       8.6042644      0.27388598
       1.1763830      0.25637381      0.25729678       8.7363118       8.7118478      0.28081352
       1.1909062      0.25632282      0.25707524       8.8448171       8.8194322      0.28782910
       1.2054295      0.25628356      0.25685355       8.9533465       8.9270178      0.29493278
       1.2199527      0.25625650      0.25663183       9.0619003       9.0346046      0.30212464
       1.2344760      0.25624212      0.25641017       9.1704789       9.1421925      0.30940476
       1.2489992      0.25624090      0.25618867       9.2790824       9.2497816      0.31677322
       1.2635225      0.25625332      0.25596743       9.3877113       9.3573719      0.32423009
       1.2780457      0.25627987      0.25574654       9.4963658       9.4649633      0.33177545
       1.2925690      0.25632105      0.25552612       9.6050462       9.5725560      0.33940939
       1.3070922      0.25637736      0.25530626       9.7137529       9.6801500      0.34713199
       1.3216155      0.25644933      0.25508707       9.8224861       9.7877451      0.35494332
       1.3361387      0.25653746      0.25486866       9.9312462       9.8953416      0.36284348
       1.3506620      0.25664228      0.25465113       10.040033       10.002939      0.37083254
       1.3651852      0.25676433      0.25443459       10.148848       10.110538      0.37891059
       1.3797085      0.25690413      0.25421915       10.257691       10.218139      0.38707772
       1.3942317      0.25706225      0.25400493       10.366561       10.325740      0.39533402
       1.4087549      0.25723923      0.25379203       10.475460       10.433343      0.40367958
       1.4232782      0.25743562      0.25358058       10.584388       10.540947      0.41211447
       1.4378014      0.25765200      0.25337068       10.693345       10.648553      0.42063881
       1.4523247      0.25788894      0.25316245       10.802331       10.756160      0.42925267
