Results for:	
File:	C:\Users\User\OneDrive - Massachusetts Institute of Technology\Documents\MIT\Grad School\Classes\2.156\Lens Project\Prime Lenses\US004493536_Example01P.zmx
Title:	US 4,493,536 Example 1 (Konica Minolta 28mm F2.8 MD v2)
Date:	11/7/2025 5:38:03 PM

0 message(s) in output.
3 series table(s) in output.

Table series: Data for wavelength : 0.486133 µm.
   Y Angle (deg)       Tan Shift       Sag Shift     Real Height     Ref. Height      Distortion
  --------------  --------------  --------------  --------------  --------------  --------------
      0.00000000     0.022039081     0.022039081      0.00000000      0.00000000      0.00000000
      0.38424327     0.022010152     0.021966647      0.18755334      0.18755417 -4.4223335E-004
      0.76848654     0.021926584     0.021749394      0.37511838      0.37512521 -1.8211385E-003
       1.1527298     0.021788326     0.021387476      0.56270682      0.56273000 -4.1189108E-003
       1.5369731     0.021595296     0.020881144      0.75033039      0.75038543 -7.3349912E-003
       1.9212164     0.021347377     0.020230755      0.93800082      0.93810840    -0.011468577
       2.3054596     0.021044419     0.019436767       1.1257299       1.1259159    -0.016518635
       2.6897029     0.020686238     0.018499740       1.3135294       1.3138248    -0.022483897
       3.0739462     0.020272613     0.017420340       1.5014111       1.5018521    -0.029362861
       3.4581894     0.019803289     0.016199339       1.6893870       1.6900149    -0.037153787
       3.8424327     0.019277971     0.014837614       1.8774690       1.8783303    -0.045854692
       4.2266760     0.018696328     0.013336151       2.0656691       2.0668154    -0.055463352
       4.6109193     0.018057988     0.011696048       2.2539994       2.2554875    -0.065977293
       4.9951625     0.017362536  9.9185120E-003       2.4424720       2.4443637    -0.077393790
       5.3794058     0.016609515  8.0048661E-003       2.6310991       2.6334616    -0.089709861
       5.7636491     0.015798421  5.9565494E-003       2.8198931       2.8227984     -0.10292226
       6.1478923     0.014928706  3.7751202E-003       3.0088663       3.0123917     -0.11702748
       6.5321356     0.013999769  1.4622588E-003       3.1980314       3.2022591     -0.13202174
       6.9163789     0.013010956 -9.8022978E-004       3.3874009       3.3924183     -0.14790097
       7.3006221     0.011961560 -3.5504120E-003       3.5769876       3.5828872     -0.16466082
       7.6848654     0.010850816 -6.2462225E-003       3.7668044       3.7736836     -0.18229664
       8.0691087  9.6778952E-003 -9.0654604E-003       3.9568642       3.9648257     -0.20080349
       8.4533520  8.4419072E-003    -0.012005785       4.1471804       4.1563316     -0.22017612
       8.8375952  7.1418912E-003    -0.015064711       4.3377662       4.3482197     -0.24040894
       9.2218385  5.7768150E-003    -0.018239604       4.5286350       4.5405083     -0.26149604
       9.6060818  4.3455696E-003    -0.021527677       4.7198007       4.7332161     -0.28343118
       9.9903250  2.8469655E-003    -0.024925982       4.9112770       4.9263619     -0.30620775
       10.374568  1.2797274E-003    -0.028431405       5.1030779       5.1199645     -0.32981880
       10.758812 -3.5751104E-004    -0.032040664       5.2952178       5.3140432     -0.35425697
       11.143055 -2.0662119E-003    -0.035750295       5.4877111       5.5086171     -0.37951455
       11.527298 -3.8479394E-003    -0.039556651       5.6805725       5.7037057     -0.40558339
       11.911541 -5.7043657E-003    -0.043455892       5.8738169       5.8993288     -0.43245494
       12.295785 -7.6372775E-003    -0.047443977       6.0674595       6.0955061     -0.46012021
       12.680028 -9.6485831E-003    -0.051516657       6.2615157       6.2922578     -0.48856977
       13.064271    -0.011740319    -0.055669463       6.4560013       6.4896041     -0.51779369
       13.448514    -0.013914660    -0.059897700       6.6509324       6.6875656     -0.54778159
       13.832758    -0.016173923    -0.064196432       6.8463251       6.8861631     -0.57852255
       14.217001    -0.018520582    -0.068560478       7.0421961       7.0854175     -0.61000512
       14.601244    -0.020957272    -0.072984392       7.2385625       7.2853502     -0.64221733
       14.985488    -0.023486800    -0.077462457       7.4354414       7.4859828     -0.67514659
       15.369731    -0.026112160    -0.081988667       7.6328506       7.6873369     -0.70877974
       15.753974    -0.028836538    -0.086556718       7.8308082       7.8894348     -0.74310296
       16.138217    -0.031663326    -0.091159986       8.0293325       8.0922988     -0.77810181
       16.522461    -0.034596138    -0.095791518       8.2284425       8.2959517     -0.81376112
       16.906704    -0.037638817     -0.10044401       8.4281575       8.5004165     -0.85006502
       17.290947    -0.040795456     -0.10510979       8.6284972       8.7057166     -0.88699690
       17.675190    -0.044070406     -0.10978080       8.8294819       8.9118757     -0.92453934
       18.059434    -0.047468299     -0.11444856       9.0311323       9.1189178     -0.96267409
       18.443677    -0.050994058     -0.11910418       9.2334698       9.3268674      -1.0013820
       18.827920    -0.054652921     -0.12373830       9.4365161       9.5357493      -1.0406431
       19.212164    -0.058450453     -0.12834108       9.6402937       9.7455886      -1.0804364
       19.596407    -0.062392575     -0.13290218       9.8448256       9.9564111      -1.1207399
       19.980650    -0.066485576     -0.13741069       10.050135       10.168243      -1.1615305
       20.364893    -0.070736141     -0.14185517       10.256247       10.381110      -1.2027841
       20.749137    -0.075151373     -0.14622355       10.463187       10.595039      -1.2444753
       21.133380    -0.079738821     -0.15050312       10.670979       10.810059      -1.2865776
       21.517623    -0.084506500     -0.15468049       10.879651       11.026196      -1.3290630
       21.901866    -0.089462925     -0.15874154       11.089230       11.243479      -1.3719024
       22.286110    -0.094617140     -0.16267138       11.299743       11.461937      -1.4150649
       22.670353    -0.099978745     -0.16645431       11.511221       11.681599      -1.4585184
       23.054596     -0.10555794     -0.17007373       11.723693       11.902496      -1.5022291
       23.438840     -0.11136553     -0.17351213       11.937190       12.124657      -1.5461612
       23.823083     -0.11741302     -0.17675100       12.151744       12.348113      -1.5902775
       24.207326     -0.12371258     -0.17977074       12.367388       12.572897      -1.6345387
       24.591569     -0.13027715     -0.18255066       12.584157       12.799041      -1.6789033
       24.975813     -0.13712044     -0.18506881       12.802086       13.026576      -1.7233280
       25.360056     -0.14425699     -0.18730194       13.021211       13.255538      -1.7677670
       25.744299     -0.15170222     -0.18922543       13.241572       13.485960      -1.8121719
       26.128542     -0.15947248     -0.19081314       13.463206       13.717878      -1.8564920
       26.512786     -0.16758506     -0.19203729       13.686157       13.951326      -1.9006739
       26.897029     -0.17605833     -0.19286841       13.910465       14.186341      -1.9446608
       27.281272     -0.18491169     -0.19327513       14.136176       14.422961      -1.9883934
       27.665516     -0.19416569     -0.19322407       14.363336       14.661224      -2.0318085
       28.049759     -0.20384206     -0.19267968       14.591992       14.901167      -2.0748397
       28.434002     -0.21396379     -0.19160404       14.822195       15.142832      -2.1174168
       28.818245     -0.22455514     -0.18995669       15.053997       15.386258      -2.1594652
       29.202489     -0.23564172     -0.18769444       15.287453       15.631487      -2.2009064
       29.586732     -0.24725057     -0.18477105       15.522619       15.878562      -2.2416568
       29.970975     -0.25941014     -0.18113707       15.759555       16.127525      -2.2816280
       30.355218     -0.27215040     -0.17673949       15.998323       16.378421      -2.3207261
       30.739462     -0.28550280     -0.17152145       16.238989       16.631296      -2.3588515
       31.123705     -0.29950038     -0.16542187       16.481620       16.886196      -2.3958983
       31.507948     -0.31417772     -0.15837506       16.726290       17.143169      -2.4317538
       31.892191     -0.32957092     -0.15031029       16.973072       17.402264      -2.4662980
       32.276435     -0.34571764     -0.14115129       17.222047       17.663530      -2.4994029
       32.660678     -0.36265697     -0.13081571       17.473298       17.927018      -2.5309322
       33.044921     -0.38042934     -0.11921449       17.726912       18.192782      -2.5607400
       33.429165     -0.39907640     -0.10625118       17.982984       18.460875      -2.5886703
       33.813408     -0.41864080    -0.091821127       18.241610       18.731352      -2.6145563
       34.197651     -0.43916587    -0.075810627       18.502896       19.004270      -2.6382188
       34.581894     -0.46069525    -0.058095888       18.766950       19.279687      -2.6594658
       34.966138     -0.48327240    -0.038541891       19.033891       19.557663      -2.6780904
       35.350381     -0.50693987    -0.017001081       19.303841       19.838258      -2.6938703
       35.734624     -0.53173846  6.6881399E-003       19.576933       20.121535      -2.7065652
       36.118867     -0.55770609     0.032703137       19.853308       20.407560      -2.7159159
       36.503111     -0.58487629     0.061239038       20.133116       20.696398      -2.7216415
       36.887354     -0.61327640     0.092511047       20.416519       20.988117      -2.7234375
       37.271597     -0.64292507      0.12675714       20.703688       21.282787      -2.7209730
       37.655841     -0.67382924      0.16424119       20.994811       21.580481      -2.7138874
       38.040084     -0.70598009      0.20525671       21.290086       21.881272      -2.7017870
       38.424327     -0.73934795      0.25013115       21.589731       22.185236      -2.6842407

Table series: Data for wavelength : 0.587562 µm.
   Y Angle (deg)       Tan Shift       Sag Shift     Real Height     Ref. Height      Distortion
  --------------  --------------  --------------  --------------  --------------  --------------
      0.00000000  4.9786962E-003  4.9786962E-003      0.00000000      0.00000000      0.00000000
      0.38424327  4.9453158E-003  4.9030333E-003      0.18784153      0.18784240 -4.6657479E-004
      0.76848654  4.8537021E-003  4.6760937E-003      0.37569469      0.37570170 -1.8661958E-003
       1.1527298  4.7038097E-003  4.2980248E-003      0.56357114      0.56359480 -4.1985183E-003
       1.5369731  4.4955637E-003  3.7690727E-003      0.75148253      0.75153862 -7.4629837E-003
       1.9212164  4.2288595E-003  3.0895822E-003      0.93944055      0.93955009    -0.011658804
       2.3054596  3.9035620E-003  2.2599980E-003       1.1274569       1.1276462    -0.016784964
       2.6897029  3.5195054E-003  1.2808649E-003       1.3155433       1.3158438    -0.022840220
       3.0739462  3.0764922E-003  1.5282913E-004       1.5037116       1.5041601    -0.029823095
       3.4581894  2.5742922E-003 -1.1233608E-003       1.6919735       1.6926121    -0.037731883
       3.8424327  2.0126417E-003 -2.5468527E-003       1.8803410       1.8812169    -0.046564635
       4.2266760  1.3912419E-003 -4.1166891E-003       2.0688259       2.0699917    -0.056319169
       4.6109193  7.0975784E-004 -5.8318059E-003       2.2574404       2.2589537    -0.066993055
       4.9951625 -3.2183141E-005 -7.6910301E-003       2.4461964       2.4481202    -0.078583617
       5.3794058 -8.3499338E-004 -9.6930782E-003       2.6351062       2.6375087    -0.091087926
       5.7636491 -1.6991265E-003    -0.011836553       2.8241820       2.8271364     -0.10450280
       6.1478923 -2.6250796E-003    -0.014119944       3.0134361       3.0170211     -0.11882478
       6.5321356 -3.6133955E-003    -0.016541619       3.2028811       3.2071803     -0.13405017
       6.9163789 -4.6646650E-003    -0.019099827       3.3925294       3.3976318     -0.15017496
       7.3006221 -5.7795298E-003    -0.021792693       3.5823938       3.5883934     -0.16719489
       7.6848654 -6.9586851E-003    -0.024618213       3.7724870       3.7794830     -0.18510539
       8.0691087 -8.2028827E-003    -0.027574251       3.9628221       3.9709189     -0.20390160
       8.4533520 -9.5129344E-003    -0.030658539       4.1534121       4.1627191     -0.22357837
       8.8375952    -0.010889715    -0.033868664       4.3442704       4.3549020     -0.24413020
       9.2218385    -0.012334168    -0.037202075       4.5354102       4.5474861     -0.26555130
       9.6060818    -0.013847306    -0.040656066       4.7268453       4.7404901     -0.28783553
       9.9903250    -0.015430219    -0.044227781       4.9185893       4.9339327     -0.31097640
       10.374568    -0.017084075    -0.047914201       5.1106563       5.1278329     -0.33496707
       10.758812    -0.018810130    -0.051712144       5.3030605       5.3222098     -0.35980033
       11.143055    -0.020609727    -0.055618254       5.4958161       5.5170827     -0.38546858
       11.527298    -0.022484308    -0.059628997       5.6889379       5.7124712     -0.41196384
       11.911541    -0.024435414    -0.063740651       5.8824406       5.9083949     -0.43927769
       12.295785    -0.026464697    -0.067949304       6.0763394       6.1048737     -0.46740130
       12.680028    -0.028573920    -0.072250837       6.2706496       6.3019277     -0.49632540
       13.064271    -0.030764971    -0.076640924       6.4653869       6.4995773     -0.52604024
       13.448514    -0.033039867    -0.081115018       6.6605672       6.6978431     -0.55653561
       13.832758    -0.035400761    -0.085668342       6.8562066       6.8967457     -0.58780078
       14.217001    -0.037849953    -0.090295878       7.0523217       7.0963064     -0.61982451
       14.601244    -0.040389898    -0.094992357       7.2489295       7.2965464     -0.65259500
       14.985488    -0.043023216    -0.099752244       7.4460470       7.4974872     -0.68609992
       15.369731    -0.045752703     -0.10456973       7.6436918       7.6991508     -0.72032629
       15.753974    -0.048581338     -0.10943872       7.8418819       7.9015593     -0.75526056
       16.138217    -0.051512301     -0.11435280       8.0406356       8.1047351     -0.79088851
       16.522461    -0.054548978     -0.11930525       8.2399718       8.3087009     -0.82719525
       16.906704    -0.057694981     -0.12428902       8.4399094       8.5134800     -0.86416516
       17.290947    -0.060954157     -0.12929667       8.6404683       8.7190955     -0.90178191
       17.675190    -0.064330604     -0.13432043       8.8416685       8.9255714     -0.94002838
       18.059434    -0.067828688     -0.13935210       9.0435307       9.1329317     -0.97888663
       18.443677    -0.071453056     -0.14438310       9.2460759       9.3412009      -1.0183379
       18.827920    -0.075208659     -0.14940438       9.4493259       9.5504038      -1.0583624
       19.212164    -0.079100764     -0.15440645       9.6533029       9.7605656      -1.0989395
       19.596407    -0.083134980     -0.15937931       9.8580298       9.9717121      -1.1400477
       19.980650    -0.087317274     -0.16431245       10.063530       10.183869      -1.1816643
       20.364893    -0.091653996     -0.16919482       10.269828       10.397063      -1.2237655
       20.749137    -0.096151903     -0.17401478       10.476948       10.611322      -1.2663263
       21.133380     -0.10081818     -0.17876007       10.684916       10.826672      -1.3093207
       21.517623     -0.10566047     -0.18341778       10.893758       11.043141      -1.3527213
       21.901866     -0.11068691     -0.18797430       11.103502       11.260758      -1.3964992
       22.286110     -0.11590614     -0.19241529       11.314175       11.479552      -1.4406242
       22.670353     -0.12132734     -0.19672560       11.525806       11.699552      -1.4850648
       23.054596     -0.12696030     -0.20088927       11.738425       11.920787      -1.5297875
       23.438840     -0.13281538     -0.20488943       11.952062       12.143290      -1.5747575
       23.823083     -0.13890364     -0.20870825       12.166751       12.367090      -1.6199379
       24.207326     -0.14523679     -0.21232690       12.382522       12.592219      -1.6652902
       24.591569     -0.15182731     -0.21572544       12.599411       12.818710      -1.7107736
       24.975813     -0.15868841     -0.21888279       12.817452       13.046596      -1.7563455
       25.360056     -0.16583416     -0.22177660       13.036683       13.275909      -1.8019608
       25.744299     -0.17327949     -0.22438320       13.257140       13.506686      -1.8475721
       26.128542     -0.18104025     -0.22667748       13.478863       13.738959      -1.8931296
       26.512786     -0.18913324     -0.22863277       13.701893       13.972766      -1.9385805
       26.897029     -0.19757631     -0.23022078       13.926272       14.208143      -1.9838694
       27.281272     -0.20638840     -0.23141141       14.152044       14.445126      -2.0289377
       27.665516     -0.21558957     -0.23217265       14.379255       14.683755      -2.0737236
       28.049759     -0.22520109     -0.23247040       14.607952       14.924067      -2.1181617
       28.434002     -0.23524550     -0.23226835       14.838184       15.166103      -2.1621830
       28.818245     -0.24574666     -0.23152773       15.070005       15.409904      -2.2057145
       29.202489     -0.25672983     -0.23020719       15.303467       15.655510      -2.2486788
       29.586732     -0.26822170     -0.22826249       15.538628       15.902964      -2.2909941
       29.970975     -0.28025049     -0.22564632       15.775545       16.152310      -2.3325735
       30.355218     -0.29284599     -0.22230803       16.014281       16.403591      -2.3733249
       30.739462     -0.30603960     -0.21819327       16.254900       16.656855      -2.4131506
       31.123705     -0.31986440     -0.21324373       16.497470       16.912147      -2.4519466
       31.507948     -0.33435518     -0.20739673       16.742062       17.169515      -2.4896025
       31.892191     -0.34954843     -0.20058481       16.988751       17.429007      -2.5260007
       32.276435     -0.36548241     -0.19273528       17.237614       17.690675      -2.5610157
       32.660678     -0.38219710     -0.18376972       17.488735       17.954568      -2.5945139
       33.044921     -0.39973413     -0.17360335       17.742200       18.220741      -2.6263524
       33.429165     -0.41813674     -0.16214444       17.998101       18.489246      -2.6563786
       33.813408     -0.43744964     -0.14929357       18.256536       18.760138      -2.6844290
       34.197651     -0.45771878     -0.13494276       18.517606       19.033476      -2.7103286
       34.581894     -0.47899113     -0.11897457       18.781421       19.309316      -2.7338894
       34.966138     -0.50131425     -0.10126104       19.048095       19.587719      -2.7549094
       35.350381     -0.52473582    -0.081662435       19.317751       19.868745      -2.7731711
       35.734624     -0.54930298    -0.060025909       19.590519       20.152458      -2.7884402
       36.118867     -0.57506139    -0.036183861       19.866538       20.438922      -2.8004636
       36.503111     -0.60205415 -9.9521205E-003       20.145955       20.728204      -2.8089675
       36.887354     -0.63032028     0.018872187       20.428931       21.020371      -2.8136551
       37.271597     -0.65989278     0.050513111       20.715633       21.315495      -2.8142041
       37.655841     -0.69079614     0.085218757       21.006245       21.613646      -2.8102638
       38.040084     -0.72304311      0.12326467       21.300964       21.914899      -2.8014515
       38.424327     -0.75663052      0.16495782       21.600000       22.219330      -2.7873487

Table series: Data for wavelength : 0.656273 µm.
   Y Angle (deg)       Tan Shift       Sag Shift     Real Height     Ref. Height      Distortion
  --------------  --------------  --------------  --------------  --------------  --------------
      0.00000000     0.032826097     0.032826097      0.00000000      0.00000000      0.00000000
      0.38424327     0.032791424     0.032749212      0.18801520      0.18801613 -4.9516877E-004
      0.76848654     0.032698007     0.032518609      0.37604202      0.37604918 -1.9022814E-003
       1.1527298     0.032545803     0.032134432      0.56409210      0.56411605 -4.2470649E-003
       1.5369731     0.032334743     0.031596925      0.75217706      0.75223369 -7.5289812E-003
       1.9212164     0.032064729     0.030906430      0.94030858      0.94041905    -0.011747248
       2.3054596     0.031735637     0.030063389       1.1284983       1.1286891    -0.016900857
       2.6897029     0.031347310     0.029068340       1.3167581       1.3170608    -0.022988573
       3.0739462     0.030899568     0.027921925       1.5050995       1.5055513    -0.030008931
       3.4581894     0.030392194     0.026624886       1.6935345       1.6941776    -0.037960234
       3.8424327     0.029824945     0.025178066       1.8820748       1.8829568    -0.046840551
       4.2266760     0.029197542     0.023582415       2.0707325       2.0719062    -0.056647711
       4.6109193     0.028509674     0.021838987       2.2595195       2.2610430    -0.067379304
       4.9951625     0.027760994     0.019948945       2.4484478       2.4503844    -0.079032671
       5.3794058     0.026951117     0.017913562       2.6375297       2.6399480    -0.091604904
       5.7636491     0.026079621     0.015734220       2.8267773       2.8297512     -0.10509284
       6.1478923     0.025146041     0.013412419       3.0162030       3.0198114     -0.11949306
       6.5321356     0.024149871     0.010949773       3.2058192       3.2101465     -0.13480187
       6.9163789     0.023090557  8.3480195E-003       3.3956384       3.4007741     -0.15101530
       7.3006221     0.021967500  5.6090160E-003       3.5856734       3.5917122     -0.16812912
       7.6848654     0.020780048  2.7347477E-003       3.7759370       3.7829786     -0.18613879
       8.0691087     0.019527496 -2.7267028E-004       3.9664420       3.9745915     -0.20503949
       8.4533520     0.018209082 -3.4109881E-003       4.1572015       4.1665691     -0.22482609
       8.8375952     0.016823984 -6.6778183E-003       4.3482289       4.3589297     -0.24549314
       9.2218385     0.015371314    -0.010070631       4.5395374       4.5516920     -0.26703489
       9.6060818     0.013850118    -0.013586747       4.7311406       4.7448744     -0.28944523
       9.9903250     0.012259370    -0.017223337       4.9230524       4.9384960     -0.31271773
       10.374568     0.010597966    -0.020977413       5.1152866       5.1325755     -0.33684558
       10.758812  8.8647212E-003    -0.024845819       5.3078574       5.3271321     -0.36182164
       11.143055  7.0583634E-003    -0.028825234       5.5007792       5.5221853     -0.38763834
       11.527298  5.1775292E-003    -0.032912158       5.6940665       5.7177545     -0.41428777
       11.911541  3.2207570E-003    -0.037102905       5.8877342       5.9138594     -0.44176155
       12.295785  1.1864814E-003    -0.041393599       6.0817973       6.1105199     -0.47005093
       12.680028 -9.2697375E-004    -0.045780166       6.2762712       6.3077562     -0.49914668
       13.064271 -3.1214019E-003    -0.050258320       6.4711715       6.5055886     -0.52903914
       13.448514 -5.3987217E-003    -0.054823559       6.6665140       6.7040377     -0.55971814
       13.832758 -7.7609843E-003    -0.059471154       6.8623149       6.9031243     -0.59117304
       14.217001    -0.010210382    -0.064196139       7.0585908       7.1028696     -0.62339267
       14.601244    -0.012749258    -0.068993297       7.2553584       7.3032947     -0.65636531
       14.985488    -0.015380113    -0.073857151       7.4526350       7.5044214     -0.69007870
       15.369731    -0.018105619    -0.078781953       7.6504380       7.7062715     -0.72451996
       15.753974    -0.020928628    -0.083761666       7.8487854       7.9088672     -0.75967562
       16.138217    -0.023852183    -0.088789952       8.0476955       8.1122309     -0.79553155
       16.522461    -0.026879531    -0.093860157       8.2471870       8.3163854     -0.83207295
       16.906704    -0.030014134    -0.098965294       8.4472790       8.5213538     -0.86928433
       17.290947    -0.033259686     -0.10409803       8.6479912       8.7271596     -0.90714945
       17.675190    -0.036620123     -0.10925065       8.8493436       8.9338264     -0.94565129
       18.059434    -0.040099642     -0.11441507       9.0513568       9.1413785     -0.98477203
       18.443677    -0.043702714     -0.11958279       9.2540518       9.3498403      -1.0244930
       18.827920    -0.047434106     -0.12474485       9.4574504       9.5592367      -1.0647946
       19.212164    -0.051298893     -0.12989188       9.6615748       9.7695929      -1.1056564
       19.596407    -0.055302483     -0.13501399       9.8664476       9.9809346      -1.1470569
       19.980650    -0.059450633     -0.14010080       10.072092       10.193288      -1.1889735
       20.364893    -0.063749475     -0.14514136       10.278533       10.406679      -1.2313827
       20.749137    -0.068205536     -0.15012419       10.485795       10.621136      -1.2742596
       21.133380    -0.072825766     -0.15503716       10.693903       10.836685      -1.3175784
       21.517623    -0.077617559     -0.15986751       10.902884       11.053355      -1.3613117
       21.901866    -0.082588786     -0.16460180       11.112764       11.271173      -1.4054311
       22.286110    -0.087747820     -0.16922585       11.323572       11.490169      -1.4499064
       22.670353    -0.093103571     -0.17372472       11.535337       11.710372      -1.4947063
       23.054596    -0.098665514     -0.17808261       11.748087       11.931813      -1.5397975
       23.438840     -0.10444373     -0.18228288       11.961854       12.154521      -1.5851455
       23.823083     -0.11044894     -0.18630792       12.176669       12.378528      -1.6307136
       24.207326     -0.11669253     -0.19013913       12.392566       12.603865      -1.6764635
       24.591569     -0.12318663     -0.19375683       12.609578       12.830566      -1.7223548
       24.975813     -0.12994412     -0.19714020       12.827740       13.058662      -1.7683450
       25.360056     -0.13697867     -0.20026720       13.047088       13.288188      -1.8143894
       25.744299     -0.14430484     -0.20311445       13.267661       13.519178      -1.8604410
       26.128542     -0.15193806     -0.20565718       13.489497       13.751666      -1.9064501
       26.512786     -0.15989475     -0.20786909       13.712638       13.985689      -1.9523645
       26.897029     -0.16819233     -0.20972226       13.937124       14.221284      -1.9981289
       27.281272     -0.17684928     -0.21118701       14.163000       14.458486      -2.0436853
       27.665516     -0.18588522     -0.21223176       14.390312       14.697336      -2.0889722
       28.049759     -0.19532097     -0.21282291       14.619107       14.937870      -2.1339248
       28.434002     -0.20517859     -0.21292466       14.849435       15.180130      -2.1784744
       28.818245     -0.21548144     -0.21249880       15.081346       15.424156      -2.2225485
       29.202489     -0.22625430     -0.21150457       15.314896       15.669989      -2.2660703
       29.586732     -0.23752337     -0.20989840       15.550139       15.917672      -2.3089585
       29.970975     -0.24931635     -0.20763369       15.787136       16.167248      -2.3511269
       30.355218     -0.26166254     -0.20466054       16.025946       16.418763      -2.3924841
       30.739462     -0.27459283     -0.20092546       16.266636       16.672261      -2.4329330
       31.123705     -0.28813982     -0.19637105       16.509271       16.927789      -2.4723705
       31.507948     -0.30233781     -0.19093561       16.753923       17.185394      -2.5106868
       31.892191     -0.31722286     -0.18455277       17.000666       17.445127      -2.5477652
       32.276435     -0.33283281     -0.17715104       17.249578       17.707036      -2.5834814
       32.660678     -0.34920724     -0.16865329       17.500742       17.971174      -2.6177025
       33.044921     -0.36638749     -0.15897618       17.754244       18.237593      -2.6502870
       33.429165     -0.38441655     -0.14802956       18.010175       18.506346      -2.6810833
       33.813408     -0.40333898     -0.13571574       18.268632       18.777489      -2.7099295
       34.197651     -0.42320071     -0.12192866       18.529718       19.051079      -2.7366517
       34.581894     -0.44404884     -0.10655302       18.793539       19.327175      -2.7610637
       34.966138     -0.46593125    -0.089463210       19.060211       19.605835      -2.7829652
       35.350381     -0.48889619    -0.070522141       19.329856       19.887121      -2.8021406
       35.734624     -0.51299165    -0.049579891       19.602603       20.171096      -2.8183577
       36.118867     -0.53826454    -0.026472155       19.878590       20.457825      -2.8313657
       36.503111     -0.56475964 -1.0184550E-003       20.157964       20.747375      -2.8408935
       36.887354     -0.59251823     0.026979922       20.440883       21.039812      -2.8466472
       37.271597     -0.62157629     0.057742322       20.727516       21.335209      -2.8483076
       37.655841     -0.65196217     0.091511516       21.018044       21.633636      -2.8455278
       38.040084     -0.68369359      0.12855697       21.312663       21.935167      -2.8379290
       38.424327     -0.71677373      0.16917871       21.611582       22.239880      -2.8250974
