Results for:	
File:	C:\Users\User\OneDrive - Massachusetts Institute of Technology\Documents\MIT\Grad School\Classes\2.156\Lens Project\Prime Lenses\US003862794_Example02P.zmx
Title:	US 3,862,794 Example 2 (Olympus 28mm f2 I Zuiko Auto-W)
Date:	11/7/2025 5:36:11 PM

0 message(s) in output.
3 series table(s) in output.

Table series: Data for wavelength : 0.486133 µm.
   Y Angle (deg)       Tan Shift       Sag Shift     Real Height     Ref. Height      Distortion
  --------------  --------------  --------------  --------------  --------------  --------------
      0.00000000    -0.085566670    -0.085566670      0.00000000      0.00000000      0.00000000
      0.38199386    -0.085606613    -0.085627460      0.18646601      0.18646712 -5.9532118E-004
      0.76398773    -0.085734760    -0.085809796      0.37294305      0.37295082 -2.0823181E-003
       1.1459816    -0.085951035    -0.086113570      0.55944217      0.55946768 -4.5600149E-003
       1.5279755    -0.086255305    -0.086538608      0.74597441      0.74603429 -8.0276732E-003
       1.9099693    -0.086647389    -0.087084659      0.93255085      0.93266728    -0.012484030
       2.2919632    -0.087127050    -0.087751405       1.1191826       1.1193833    -0.017927535
       2.6739570    -0.087694000    -0.088538453       1.3058808       1.3061989    -0.024356287
       3.0559509    -0.088347899    -0.089445339       1.4926567       1.4931310    -0.031768032
       3.4379448    -0.089088354    -0.090471523       1.6795214       1.6801962    -0.040160159
       3.8199386    -0.089914918    -0.091616391       1.8664863       1.8674112    -0.049529694
       4.2019325    -0.090827093    -0.092879253       2.0535628       2.0547931    -0.059873297
       4.5839264    -0.091824328    -0.094259343       2.2407623       2.2423586    -0.071187254
       4.9659202    -0.092906020    -0.095755813       2.4280963       2.4301247    -0.083467471
       5.3479141    -0.094071513    -0.097367739       2.6155765       2.6181085    -0.096709468
       5.7299079    -0.095320099    -0.099094110       2.8032146       2.8063271     -0.11090837
       6.1119018    -0.096651015     -0.10093383       2.9910225       2.9947977     -0.12605890
       6.4938957    -0.098063451     -0.10288573       3.1790120       3.1835376     -0.14215536
       6.8758895    -0.099556539     -0.10494854       3.3671953       3.3725642     -0.15919164
       7.2578834     -0.10112936     -0.10712089       3.5555846       3.5618949     -0.17716118
       7.6398773     -0.10278095     -0.10940134       3.7441923       3.7515475     -0.19605699
       8.0218711     -0.10451028     -0.11178833       3.9330309       3.9415396     -0.21587162
       8.4038650     -0.10631628     -0.11428022       4.1221131       4.1318890     -0.23659712
       8.7858588     -0.10819783     -0.11687525       4.3114518       4.3226138     -0.25822509
       9.1678527     -0.11015375     -0.11957156       4.5010599       4.5137321     -0.28074659
       9.5498466     -0.11218281     -0.12236718       4.6909509       4.7052621     -0.30415218
       9.9318404     -0.11428373     -0.12526004       4.8811382       4.8972222     -0.32843187
       10.313834     -0.11645519     -0.12824791       5.0716354       5.0896311     -0.35357513
       10.695828     -0.11869580     -0.13132847       5.2624566       5.2825074     -0.37957082
       11.077822     -0.12100415     -0.13449927       5.4536158       5.4758702     -0.40640722
       11.459816     -0.12337876     -0.13775770       5.6451276       5.6697383     -0.43407197
       11.841810     -0.12581810     -0.14110103       5.8370066       5.8641313     -0.46255209
       12.223804     -0.12832061     -0.14452638       6.0292679       6.0590685     -0.49183388
       12.605797     -0.13088466     -0.14803071       6.2219269       6.2545696     -0.52190297
       12.987791     -0.13350861     -0.15161082       6.4149990       6.4506546     -0.55274424
       13.369785     -0.13619074     -0.15526335       6.6085004       6.6473436     -0.58434180
       13.751779     -0.13892932     -0.15898475       6.8024474       6.8446569     -0.61667897
       14.133773     -0.14172255     -0.16277128       6.9968567       7.0426152     -0.64973824
       14.515767     -0.14456862     -0.16661902       7.1917453       7.2412393     -0.68350120
       14.897761     -0.14746566     -0.17052385       7.3871310       7.4405503     -0.71794855
       15.279755     -0.15041179     -0.17448140       7.5830315       7.6405696     -0.75306001
       15.661748     -0.15340508     -0.17848711       7.7794654       7.8413188     -0.78881431
       16.043742     -0.15644358     -0.18253615       7.9764515       8.0428200     -0.82518911
       16.425736     -0.15952532     -0.18662345       8.1740093       8.2450953     -0.86216099
       16.807730     -0.16264830     -0.19074367       8.3721587       8.4481673     -0.89970533
       17.189724     -0.16581051     -0.19489118       8.5709202       8.6520589     -0.93779633
       17.571718     -0.16900994     -0.19906007       8.7703150       8.8567933     -0.97640686
       17.953712     -0.17224457     -0.20324408       8.9703647       9.0623941      -1.0155085
       18.335705     -0.17551237     -0.20743663       9.1710918       9.2688851      -1.0550713
       18.717699     -0.17881133     -0.21163079       9.3725192       9.4762907      -1.0950638
       19.099693     -0.18213946     -0.21581924       9.5746709       9.6846354      -1.1354532
       19.481687     -0.18549480     -0.21999425       9.7775713       9.8939443      -1.1762048
       19.863681     -0.18887541     -0.22414766       9.9812458       10.104243      -1.2172821
       20.245675     -0.19227943     -0.22827088       10.185721       10.315557      -1.2586468
       20.627669     -0.19570504     -0.23235478       10.391023       10.527913      -1.3002587
       21.009662     -0.19915049     -0.23638977       10.597181       10.741338      -1.3420754
       21.391656     -0.20261416     -0.24036565       10.804223       10.955858      -1.3840523
       21.773650     -0.20609452     -0.24427165       11.012180       11.171502      -1.4261424
       22.155644     -0.20959017     -0.24809637       11.221083       11.388297      -1.4682963
       22.537638     -0.21309989     -0.25182773       11.430965       11.606273      -1.5104618
       22.919632     -0.21662263     -0.25545288       11.641858       11.825458      -1.5525840
       23.301626     -0.22015758     -0.25895825       11.853799       12.045883      -1.5946050
       23.683620     -0.22370416     -0.26232936       12.066823       12.267577      -1.6364636
       24.065613     -0.22726210     -0.26555089       12.280968       12.490572      -1.6780953
       24.447607     -0.23083147     -0.26860649       12.496274       12.714898      -1.7194317
       24.829601     -0.23441271     -0.27147878       12.712782       12.940589      -1.7604007
       25.211595     -0.23800674     -0.27414926       12.930536       13.167676      -1.8009262
       25.593589     -0.24161498     -0.27659817       13.149579       13.396193      -1.8409272
       25.975583     -0.24523943     -0.27880445       13.369959       13.626175      -1.8803184
       26.357577     -0.24888277     -0.28074560       13.591726       13.857655      -1.9190089
       26.739570     -0.25254848     -0.28239753       13.814929       14.090670      -1.9569027
       27.121564     -0.25624089     -0.28373450       14.039625       14.325256      -1.9938977
       27.503558     -0.25996535     -0.28472888       14.265868       14.561449      -2.0298854
       27.885552     -0.26372840     -0.28535108       14.493720       14.799288      -2.0647504
       28.267546     -0.26753788     -0.28556927       14.723241       15.038811      -2.0983700
       28.649540     -0.27140316     -0.28534925       14.954498       15.280057      -2.1306134
       29.031534     -0.27533536     -0.28465419       15.187561       15.523068      -2.1613412
       29.413527     -0.27934760     -0.28344439       15.422503       15.767883      -2.1904046
       29.795521     -0.28345532     -0.28167698       15.659400       16.014546      -2.2176443
       30.177515     -0.28767658     -0.27930560       15.898336       16.263099      -2.2428904
       30.559509     -0.29203253     -0.27628009       16.139396       16.513588      -2.2659606
       30.941503     -0.29654781     -0.27254600       16.382673       16.766056      -2.2866593
       31.323497     -0.30125116     -0.26804421       16.628264       17.020550      -2.3047767
       31.705491     -0.30617601     -0.26271039       16.876274       17.277118      -2.3200873
       32.087484     -0.31136127     -0.25647440       17.126812       17.535808      -2.3323480
       32.469478     -0.31685222     -0.24925962       17.379997       17.796670      -2.3412969
       32.851472     -0.32270154     -0.24098221       17.635955       18.059755      -2.3466508
       33.233466     -0.32897056     -0.23155021       17.894822       18.325115      -2.3481038
       33.615460     -0.33573077     -0.22086254       18.156741       18.592803      -2.3453238
       33.997454     -0.34306557     -0.20880784       18.421870       18.862875      -2.3379506
       34.379448     -0.35107241     -0.19526309       18.690375       19.135386      -2.3255922
       34.761442     -0.35986535     -0.18009207       18.962438       19.410396      -2.3078212
       35.143435     -0.36957818     -0.16314351       19.238255       19.687962      -2.2841705
       35.525429     -0.38036814     -0.14424891       19.518038       19.968145      -2.2541286
       35.907423     -0.39242059     -0.12322001       19.802017       20.251009      -2.2171339
       36.289417     -0.40595463    -0.099845759       20.090445       20.536617      -2.1725680
       36.671411     -0.42123013    -0.073888683       20.383598       20.825036      -2.1197481
       37.053405     -0.43855635    -0.045080589       20.681775       21.116332      -2.0579181
       37.435399     -0.45830291    -0.013117307       20.985311       21.410576      -1.9862378
       37.817392     -0.48091340     0.022347655       21.294572       21.707839      -1.9037703
       38.199386     -0.50692283     0.061710904       21.609963       22.008194      -1.8094669

Table series: Data for wavelength : 0.587562 µm.
   Y Angle (deg)       Tan Shift       Sag Shift     Real Height     Ref. Height      Distortion
  --------------  --------------  --------------  --------------  --------------  --------------
      0.00000000 -4.5541159E-003 -4.5541159E-003      0.00000000      0.00000000      0.00000000
      0.38199386 -4.6007818E-003 -4.6179471E-003      0.18671821      0.18671915 -5.0407785E-004
      0.76398773 -4.7446652E-003 -4.8094065E-003      0.37344738      0.37345491 -2.0161319E-003
       1.1459816 -4.9856912E-003 -5.1283912E-003      0.56019846      0.56022387 -4.5356615E-003
       1.5279755 -5.3237336E-003 -5.5747298E-003      0.74698242      0.74704265 -8.0618365E-003
       1.9099693 -5.7586157E-003 -6.1481818E-003      0.93381028      0.93392789    -0.012593480
       2.2919632 -6.2901096E-003 -6.8484371E-003       1.1206931       1.1208963    -0.018129081
       2.6739570 -6.9179367E-003 -7.6751157E-003       1.3076418       1.3079644    -0.024666785
       3.0559509 -7.6417675E-003 -8.6277669E-003       1.4946676       1.4951491    -0.032204394
       3.4379448 -8.4612215E-003 -9.7058681E-003       1.6817817       1.6824672    -0.040739361
       3.8199386 -9.3758674E-003    -0.010908825       1.8689953       1.8699353    -0.050268787
       4.2019325    -0.010385223    -0.012235968       2.0563196       2.0575704    -0.060789415
       4.5839264    -0.011488756    -0.013686554       2.2437660       2.2453894    -0.072297623
       4.9659202    -0.012685881    -0.015259763       2.4313460       2.4334093    -0.084789419
       5.3479141    -0.013975965    -0.016954698       2.6190712       2.6216472    -0.098260436
       5.7299079    -0.015358321    -0.018770381       2.8069530       2.8101202     -0.11270592
       6.1119018    -0.016832214    -0.020705753       2.9950034       2.9988455     -0.12812072
       6.4938957    -0.018396856    -0.022759673       3.1832341       3.1878405     -0.14449929
       6.8758895    -0.020051411    -0.024930911       3.3716572       3.3771226     -0.16183566
       7.2578834    -0.021794990    -0.027218153       3.5602848       3.5667093     -0.18012345
       7.6398773    -0.023626655    -0.029619991       3.7491291       3.7566182     -0.19935583
       8.0218711    -0.025545418    -0.032134925       3.9382027       3.9468670     -0.21952554
       8.4038650    -0.027550239    -0.034761357       4.1275180       4.1374738     -0.24062484
       8.7858588    -0.029640030    -0.037497591       4.3170879       4.3284564     -0.26264552
       9.1678527    -0.031813654    -0.040341826       4.5069253       4.5198329     -0.28557888
       9.5498466    -0.034069922    -0.043292155       4.6970433       4.7116218     -0.30941572
       9.9318404    -0.036407599    -0.046346558       4.8874554       4.9038414     -0.33414629
       10.313834    -0.038825399    -0.049502902       5.0781751       5.0965104     -0.35976033
       10.695828    -0.041321989    -0.052758933       5.2692163       5.2896474     -0.38624697
       11.077822    -0.043895989    -0.056112270       5.4605929       5.4832714     -0.41359481
       11.459816    -0.046545972    -0.059560405       5.6523194       5.6774017     -0.44179179
       11.841810    -0.049270462    -0.063100691       5.8444102       5.8720574     -0.47082525
       12.223804    -0.052067942    -0.066730340       6.0368804       6.0672581     -0.50068185
       12.605797    -0.054936847    -0.070446417       6.2297450       6.2630234     -0.53134758
       12.987791    -0.057875571    -0.074245828       6.4230196       6.4593735     -0.56280770
       13.369785    -0.060882464    -0.078125320       6.6167200       6.6563283     -0.59504675
       13.751779    -0.063955836    -0.082081466       6.8108625       6.8539083     -0.62804845
       14.133773    -0.067093958    -0.086110662       7.0054634       7.0521342     -0.66179575
       14.515767    -0.070295064    -0.090209115       7.2005399       7.2510267     -0.69627071
       14.897761    -0.073557351    -0.094372833       7.3961093       7.4506071     -0.73145453
       15.279755    -0.076878985    -0.098597616       7.5921893       7.6508967     -0.76732746
       15.661748    -0.080258101     -0.10287905       7.7887982       7.8519173     -0.80386877
       16.043742    -0.083692805     -0.10721247       7.9859547       8.0536908     -0.84105672
       16.425736    -0.087181181     -0.11159299       8.1836781       8.2562395     -0.87886848
       16.807730    -0.090721291     -0.11601547       8.3819879       8.4595860     -0.91728010
       17.189724    -0.094311181     -0.12047446       8.5809047       8.6637532     -0.95626643
       17.571718    -0.097948885     -0.12496426       8.7804491       8.8687644     -0.99580109
       17.953712     -0.10163243     -0.12947884       8.9806428       9.0746430      -1.0358564
       18.335705     -0.10535985     -0.13401187       9.1815077       9.2814131      -1.0764031
       18.717699     -0.10912918     -0.13855665       9.3830668       9.4890990      -1.1174109
       19.099693     -0.11293846     -0.14310614       9.5853435       9.6977253      -1.1588475
       19.481687     -0.11678578     -0.14765289       9.7883621       9.9073172      -1.2006793
       19.863681     -0.12066922     -0.15218905       9.9921476       10.117900      -1.2428708
       20.245675     -0.12458695     -0.15670633       10.196726       10.329500      -1.2853848
       20.627669     -0.12853716     -0.16119597       10.402124       10.542143      -1.3281821
       21.009662     -0.13251812     -0.16564871       10.608369       10.755856      -1.3712214
       21.391656     -0.13652820     -0.17005477       10.815491       10.970666      -1.4144595
       21.773650     -0.14056585     -0.17440378       11.023518       11.186601      -1.4578507
       22.155644     -0.14462966     -0.17868478       11.232481       11.403690      -1.5013469
       22.537638     -0.14871835     -0.18288616       11.442413       11.621960      -1.5448975
       22.919632     -0.15283081     -0.18699558       11.653347       11.841442      -1.5884492
       23.301626     -0.15696614     -0.19100000       11.865316       12.062164      -1.6319455
       23.683620     -0.16112365     -0.19488554       12.078358       12.284158      -1.6753272
       24.065613     -0.16530295     -0.19863746       12.292509       12.507454      -1.7185315
       24.447607     -0.16950391     -0.20224011       12.507809       12.732084      -1.7614923
       24.829601     -0.17372680     -0.20567681       12.724297       12.958079      -1.8041395
       25.211595     -0.17797226     -0.20892982       12.942017       13.185473      -1.8463991
       25.593589     -0.18224141     -0.21198021       13.161012       13.414300      -1.8881929
       25.975583     -0.18653591     -0.21480782       13.381328       13.644592      -1.9294379
       26.357577     -0.19085802     -0.21739109       13.603014       13.876386      -1.9700462
       26.739570     -0.19521072     -0.21970700       13.826121       14.109715      -2.0099248
       27.121564     -0.19959777     -0.22173090       14.050701       14.344618      -2.0489746
       27.503558     -0.20402386     -0.22343640       14.276809       14.581131      -2.0870908
       27.885552     -0.20849472     -0.22479520       14.504505       14.819291      -2.1241617
       28.267546     -0.21301730     -0.22577693       14.733850       15.059138      -2.1600685
       28.649540     -0.21759991     -0.22634895       14.964908       15.300710      -2.1946849
       29.031534     -0.22225244     -0.22647613       15.197747       15.544049      -2.2278761
       29.413527     -0.22698659     -0.22612061       15.432439       15.789195      -2.2594982
       29.795521     -0.23181616     -0.22524158       15.669059       16.036192      -2.2893977
       30.177515     -0.23675730     -0.22379489       15.907689       16.285081      -2.3174104
       30.559509     -0.24182894     -0.22173282       16.148412       16.535908      -2.3433605
       30.941503     -0.24705318     -0.21900364       16.391318       16.788717      -2.3670597
       31.323497     -0.25245575     -0.21555118       16.636503       17.043555      -2.3883058
       31.705491     -0.25806666     -0.21131439       16.884068       17.300470      -2.4068816
       32.087484     -0.26392078     -0.20622678       17.134121       17.559510      -2.4225534
       32.469478     -0.27005871     -0.20021576       17.386777       17.820724      -2.4350693
       32.851472     -0.27652767     -0.19320200       17.642159       18.084165      -2.4441574
       33.233466     -0.28338263     -0.18509857       17.900398       18.349883      -2.4495240
       33.615460     -0.29068759     -0.17581001       18.161636       18.617933      -2.4508508
       33.997454     -0.29851719     -0.16523128       18.426022       18.888370      -2.4477926
       34.379448     -0.30695856     -0.15324651       18.693721       19.161250      -2.4399743
       34.761442     -0.31611359     -0.13972754       18.964907       19.436631      -2.4269872
       35.143435     -0.32610164     -0.12453227       19.239769       19.714572      -2.4083853
       35.525429     -0.33706285     -0.10750262       19.518515       19.995135      -2.3836806
       35.907423     -0.34916217    -0.088462301       19.801365       20.278381      -2.3523381
       36.289417     -0.36259426    -0.067213986       20.088563       20.564375      -2.3137695
       36.671411     -0.37758963    -0.043536084       20.380374       20.853183      -2.2673261
       37.053405     -0.39442208    -0.017178822       20.677087       21.144873      -2.2122908
       37.435399     -0.41341817     0.012140464       20.979023       21.439515      -2.1478680
       37.817392     -0.43496892     0.044743019       21.286531       21.737180      -2.0731722
       38.199386     -0.45954477     0.080995618       21.600000       22.037941      -1.9872141

Table series: Data for wavelength : 0.656273 µm.
   Y Angle (deg)       Tan Shift       Sag Shift     Real Height     Ref. Height      Distortion
  --------------  --------------  --------------  --------------  --------------  --------------
      0.00000000     0.057500206     0.057500206      0.00000000      0.00000000      0.00000000
      0.38199386     0.057451013     0.057435137      0.18689148      0.18689255 -5.7257100E-004
      0.76398773     0.057301373     0.057239964      0.37379388      0.37380171 -2.0941211E-003
       1.1459816     0.057051360     0.056914789      0.56071815      0.56074411 -4.6295265E-003
       1.5279755     0.056701099     0.056459782      0.74767524      0.74773638 -8.1778796E-003
       1.9099693     0.056250768     0.055875180      0.93467610      0.93479518    -0.012738059
       2.2919632     0.055700593     0.055161292       1.1217318       1.1219372    -0.018308568
       2.6739570     0.055050853     0.054318493       1.3088532       1.3091791    -0.024887573
       3.0559509     0.054301876     0.053347230       1.4960516       1.4965376    -0.032472899
       3.4379448     0.053454042     0.052248020       1.6833381       1.6840296    -0.041062025
       3.8199386     0.052507782     0.051021453       1.8707237       1.8716718    -0.050652083
       4.2019325     0.051463577     0.049668191       2.0582199       2.0594811    -0.061239848
       4.5839264     0.050321959     0.048188969       2.2458379       2.2474746    -0.072821737
       4.9659202     0.049083510     0.046584600       2.4335892       2.4356691    -0.085393801
       5.3479141     0.047748866     0.044855973       2.6214852       2.6240818    -0.098951716
       5.7299079     0.046318709     0.043004056       2.8095376       2.8127298     -0.11349078
       6.1119018     0.044793776     0.041029897       2.9977581       3.0016304     -0.12900589
       6.4938957     0.043174853     0.038934627       3.1861585       3.1908009     -0.14549157
       6.8758895     0.041462775     0.036719461       3.3747509       3.3802587     -0.16294190
       7.2578834     0.039658431     0.034385704       3.5635472       3.5700215     -0.18135058
       7.6398773     0.037762757     0.031934748       3.7525598       3.7601067     -0.20071084
       8.0218711     0.035776741     0.029368078       3.9418010       3.9505323     -0.22101550
       8.4038650     0.033701423     0.026687276       4.1312834       4.1413160     -0.24225690
       8.7858588     0.031537889     0.023894022       4.3210197       4.3324759     -0.26442692
       9.1678527     0.029287278     0.020990097       4.5110229       4.5240303     -0.28751695
       9.5498466     0.026950777     0.017977389       4.7013061       4.7159972     -0.31151788
       9.9318404     0.024529623     0.014857898       4.8918825       4.9083953     -0.33642008
       10.313834     0.022025102     0.011633735       5.0827658       5.1012432     -0.36221337
       10.695828     0.019438548  8.3071303E-003       5.2739697       5.2945596     -0.38888704
       11.077822     0.016771343  4.8804396E-003       5.4655083       5.4883634     -0.41642976
       11.459816     0.014024916  1.3561460E-003       5.6573957       5.6826739     -0.44482963
       11.841810     0.011200743 -2.2631326E-003       5.8496466       5.8775104     -0.47407412
       12.223804  8.3003483E-003 -5.9746378E-003       6.0422759       6.0728924     -0.50415003
       12.605797  5.3252977E-003 -9.7754645E-003       6.2352985       6.2688395     -0.53504349
       12.987791  2.2772035E-003    -0.013662554       6.4287301       6.4653719     -0.56673994
       13.369785 -8.4227957E-004    -0.017632687       6.6225863       6.6625096     -0.59922405
       13.751779 -4.0314551E-003    -0.021682475       6.8168833       6.8602731     -0.63247976
       14.133773 -7.2885860E-003    -0.025808353       7.0116376       7.0586831     -0.66649016
       14.515767    -0.010611897    -0.030006569       7.2068662       7.2577603     -0.70123754
       14.897761    -0.013999576    -0.034273177       7.4025862       7.4575260     -0.73670328
       15.279755    -0.017449776    -0.038604023       7.5988154       7.6580017     -0.77286786
       15.661748    -0.020960617    -0.042994740       7.7955721       7.8592089     -0.80971077
       16.043742    -0.024530192    -0.047440728       7.9928747       8.0611698     -0.84721050
       16.425736    -0.028156566    -0.051937149       8.1907426       8.2639066     -0.88534449
       16.807730    -0.031837780    -0.056478910       8.3891953       8.4674420     -0.92408903
       17.189724    -0.035571859    -0.061060647       8.5882530       8.6717988     -0.96341926
       17.571718    -0.039356810    -0.065676714       8.7879365       8.8770003      -1.0033091
       17.953712    -0.043190634    -0.070321162       8.9882673       9.0830701      -1.0437311
       18.335705    -0.047071326    -0.074987724       9.1892673       9.2900322      -1.0846566
       18.717699    -0.050996883    -0.079669791       9.3909593       9.4979110      -1.1260552
       19.099693    -0.054965315    -0.084360399       9.5933666       9.7067310      -1.1678954
       19.481687    -0.058974645    -0.089052199       9.7965134       9.9165175      -1.2101437
       19.863681    -0.063022928    -0.093737435       10.000425       10.127296      -1.2527652
       20.245675    -0.067108251    -0.098407921       10.205126       10.339092      -1.2957229
       20.627669    -0.071228752     -0.10305501       10.410645       10.551933      -1.3389782
       21.009662    -0.075382633     -0.10766956       10.617007       10.765844      -1.3824904
       21.391656    -0.079568167     -0.11224191       10.824243       10.980854      -1.4262166
       21.773650    -0.083783723     -0.11676184       11.032382       11.196990      -1.4701117
       22.155644    -0.088027782     -0.12121851       11.241453       11.414280      -1.5141282
       22.537638    -0.092298954     -0.12560048       11.451490       11.632753      -1.5582161
       22.919632    -0.096596007     -0.12989559       11.662524       11.852438      -1.6023226
       23.301626     -0.10091789     -0.13409094       11.874591       12.073366      -1.6463921
       23.683620     -0.10526377     -0.13817287       12.087726       12.295566      -1.6903660
       24.065613     -0.10963306     -0.14212684       12.301965       12.519069      -1.7341824
       24.447607     -0.11402545     -0.14593741       12.517349       12.743907      -1.7777758
       24.829601     -0.11844098     -0.14958814       12.733917       12.970113      -1.8210772
       25.211595     -0.12288004     -0.15306155       12.951711       13.197718      -1.8640134
       25.593589     -0.12734348     -0.15633899       13.170775       13.426757      -1.9065073
       25.975583     -0.13183266     -0.15940058       13.391154       13.657263      -1.9484769
       26.357577     -0.13634948     -0.16222509       13.612898       13.889272      -1.9898355
       26.739570     -0.14089654     -0.16478984       13.836056       14.122818      -2.0304912
       27.121564     -0.14547716     -0.16707057       14.060680       14.357939      -2.0703464
       27.503558     -0.15009555     -0.16904129       14.286826       14.594671      -2.1092976
       27.885552     -0.15475689     -0.17067415       14.514552       14.833053      -2.1472347
       28.267546     -0.15946751     -0.17193927       14.743919       15.073122      -2.1840405
       28.649540     -0.16423503     -0.17280452       14.974990       15.314919      -2.2195904
       29.031534     -0.16906855     -0.17323535       15.207834       15.558484      -2.2537516
       29.413527     -0.17397891     -0.17319456       15.442521       15.803858      -2.2863824
       29.795521     -0.17897888     -0.17264198       15.679127       16.051083      -2.3173313
       30.177515     -0.18408350     -0.17153428       15.917730       16.300204      -2.3464367
       30.559509     -0.18931042     -0.16982454       16.158415       16.551264      -2.3735255
       30.941503     -0.19468026     -0.16746196       16.401271       16.804308      -2.3984121
       31.323497     -0.20021712     -0.16439139       16.646393       17.059383      -2.4208975
       31.705491     -0.20594909     -0.16055292       16.893880       17.316536      -2.4407681
       32.087484     -0.21190890     -0.15588129       17.143839       17.575816      -2.4577938
       32.469478     -0.21813465     -0.15030534       17.396385       17.837273      -2.4717269
       32.851472     -0.22467073     -0.14374728       17.651638       18.100958      -2.4823001
       33.233466     -0.23156882     -0.13612191       17.909730       18.366924      -2.4892247
       33.615460     -0.23888915     -0.12733576       18.170798       18.635223      -2.4921881
       33.997454     -0.24670196     -0.11728598       18.434993       18.905911      -2.4908511
       34.379448     -0.25508930     -0.10585918       18.702474       19.179044      -2.4848455
       34.761442     -0.26414712    -0.092930045       18.973417       19.454681      -2.4737703
       35.143435     -0.27398785    -0.078359655       19.248006       19.732880      -2.4571879
       35.525429     -0.28474347    -0.061993629       19.526445       20.013703      -2.4346201
       35.907423     -0.29656932    -0.043659860       19.808954       20.297212      -2.4055427
       36.289417     -0.30964872    -0.023165870       20.095772       20.583472      -2.3693794
       36.671411     -0.32419862 -2.9567203E-004       20.387158       20.872549      -2.3254957
       37.053405     -0.34047669     0.025193997       20.683400       21.164509      -2.2731901
       37.435399     -0.35879001     0.053578185       20.984810       21.459425      -2.2116850
       37.817392     -0.37950616     0.085169185       21.291733       21.757366      -2.1401158
       38.199386     -0.40306699      0.12032318       21.604551       22.058406      -2.0575172
