Results for:	
File:	C:\Users\User\OneDrive - Massachusetts Institute of Technology\Documents\MIT\Grad School\Classes\2.156\Lens Project\Prime Lenses\US07898744-7.ZMX
Title:	
Date:	11/7/2025 5:49:01 PM

0 message(s) in output.
3 series table(s) in output.

Table series: Data for wavelength : 0.486133 µm.
   Y Angle (deg)       Tan Shift       Sag Shift     Real Height     Ref. Height      Distortion
  --------------  --------------  --------------  --------------  --------------  --------------
      0.00000000    -0.042529369    -0.042529369      0.00000000      0.00000000      0.00000000
      0.17007100    -0.042526248    -0.042553573      0.19906307      0.19906312 -2.4064018E-005
      0.34014199    -0.042503747    -0.042626172      0.39812962      0.39812975 -3.3470403E-005
      0.51021299    -0.042462129    -0.042747120      0.59720310      0.59720340 -4.9140833E-005
      0.68028398    -0.042401844    -0.042916345      0.79628700      0.79628757 -7.1065163E-005
      0.85035498    -0.042323527    -0.043133742      0.99538478      0.99538577 -9.9229528E-005
       1.0204260    -0.042227994    -0.043399177       1.1944999       1.1945015 -1.3361669E-004
       1.1904970    -0.042116239    -0.043712485       1.3936359       1.3936383 -1.7420646E-004
       1.3605680    -0.041989431    -0.044073469       1.5927962       1.5927997 -2.2097625E-004
       1.5306390    -0.041848911    -0.044481898       1.7919842       1.7919892 -2.7390170E-004
       1.7007100    -0.041696181    -0.044937509       1.9912036       1.9912102 -3.3295740E-004
       1.8707810    -0.041532904    -0.045440003       2.1904577       2.1904664 -3.9811772E-004
       2.0408519    -0.041360891    -0.045989046       2.3897500       2.3897612 -4.6935774E-004
       2.2109229    -0.041182102    -0.046584263       2.5890840       2.5890982 -5.4665425E-004
       2.3809939    -0.040998627    -0.047225245       2.7884633       2.7884809 -6.2998691E-004
       2.5510649    -0.040812687    -0.047911537       2.9878913       2.9879128 -7.1933941E-004
       2.7211359    -0.040626616    -0.048642644       3.1873714       3.1873974 -8.1470083E-004
       2.8912069    -0.040442857    -0.049418025       3.3869073       3.3869384 -9.1606701E-004
       3.0612779    -0.040263947    -0.050237092       3.5865024       3.5865391 -1.0234421E-003
       3.2313489    -0.040092506    -0.051099210       3.7861603       3.7862033 -1.1368401E-003
       3.4014199    -0.039931226    -0.052003688       3.9858843       3.9859344 -1.2562867E-003
       3.5714909    -0.039782855    -0.052949785       4.1856782       4.1857360 -1.3818209E-003
       3.7415619    -0.039650186    -0.053936701       4.3855453       4.3856116 -1.5134969E-003
       3.9116329    -0.039536039    -0.054963577       4.5854892       4.5855649 -1.6513864E-003
       4.0817039    -0.039443251    -0.056029492       4.7855134       4.7855993 -1.7955804E-003
       4.2517749    -0.039374656    -0.057133457       4.9856215       4.9857185 -1.9461914E-003
       4.4218459    -0.039333066    -0.058274419       5.1858169       5.1859260 -2.1033557E-003
       4.5919169    -0.039321263    -0.059451247       5.3861034       5.3862255 -2.2672361E-003
       4.7619879    -0.039341971    -0.060662738       5.5864843       5.5866205 -2.4380238E-003
       4.9320589    -0.039397844    -0.061907611       5.7869632       5.7871146 -2.6159417E-003
       5.1021299    -0.039491444    -0.063184498       5.9875437       5.9877114 -2.8012462E-003
       5.2722009    -0.039625223    -0.064491947       6.1882294       6.1884147 -2.9942310E-003
       5.4422719    -0.039801502    -0.065828415       6.3890237       6.3892278 -3.1952290E-003
       5.6123429    -0.040022449    -0.067192263       6.5899303       6.5901546 -3.4046159E-003
       5.7824139    -0.040290061    -0.068581756       6.7909527       6.7911987 -3.6228133E-003
       5.9524849    -0.040606137    -0.069995051       6.9920944       6.9923636 -3.8502913E-003
       6.1225558    -0.040972261    -0.071430200       7.1933591       7.1936532 -4.0875725E-003
       6.2926268    -0.041389773    -0.072885141       7.3947503       7.3950709 -4.3352347E-003
       6.4626978    -0.041859753    -0.074357696       7.5962715       7.5966205 -4.5939150E-003
       6.6327688    -0.042382987    -0.075845564       7.7979264       7.7983057 -4.8643125E-003
       6.8028398    -0.042959955    -0.077346316       7.9997184       8.0001302 -5.1471944E-003
       6.9729108    -0.043590792    -0.078857393       8.2016512       8.2020977 -5.4433950E-003
       7.1429818    -0.044275273    -0.080376095       8.4037283       8.4042119 -5.7538246E-003
       7.3130528    -0.045012784    -0.081899581       8.6059532       8.6064765 -6.0794709E-003
       7.4831238    -0.045802294    -0.083424861       8.8083295       8.8088952 -6.4214033E-003
       7.6531948    -0.046642330    -0.084948792       9.0108608       9.0114719 -6.7807775E-003
       7.8232658    -0.047530950    -0.086468067       9.2135505       9.2142102 -7.1588397E-003
       7.9933368    -0.048465715    -0.087979218       9.4164023       9.4171139 -7.5569308E-003
       8.1634078    -0.049443662    -0.089478602       9.6194196       9.6201869 -7.9764909E-003
       8.3334788    -0.050461273    -0.090962400       9.8226059       9.8234329 -8.4190641E-003
       8.5035498    -0.051514453    -0.092426606       10.025965       10.026856 -8.8863030E-003
       8.6736208    -0.052598495    -0.093867025       10.229500       10.230459 -9.3799734E-003
       8.8436918    -0.053708056    -0.095279265       10.433214       10.434247 -9.9019595E-003
       9.0137628    -0.054837123    -0.096658730       10.637111       10.638223    -0.010454269
       9.1838338    -0.055978991    -0.098000612       10.841195       10.842392    -0.011039036
       9.3539048    -0.057126227    -0.099299889       11.045468       11.046756    -0.011658532
       9.5239758    -0.058270646     -0.10055131       11.249935       11.251321    -0.012315163
       9.6940468    -0.059403280     -0.10174940       11.454598       11.456089    -0.013011482
       9.8641178    -0.060514346     -0.10288843       11.659462       11.661065    -0.013750190
       10.034189    -0.061593222     -0.10396244       11.864528       11.866253    -0.014534144
       10.204260    -0.062628414     -0.10496522       12.069801       12.071656    -0.015366362
       10.374331    -0.063607531     -0.10589027       12.275284       12.277279    -0.016250030
       10.544402    -0.064517251     -0.10673087       12.480980       12.483126    -0.017188503
       10.714473    -0.065343297     -0.10747997       12.686892       12.689200    -0.018185317
       10.884544    -0.066070409     -0.10813026       12.893024       12.895506    -0.019244193
       11.054615    -0.066682312     -0.10867416       13.099378       13.102047    -0.020369042
       11.224686    -0.067161695     -0.10910375       13.305958       13.308828    -0.021563972
       11.394757    -0.067490177     -0.10941083       13.512767       13.515853    -0.022833294
       11.564828    -0.067648289     -0.10958686       13.719807       13.723126    -0.024181529
       11.734899    -0.067615441     -0.10962299       13.927082       13.930651    -0.025613415
       11.904970    -0.067369901     -0.10951004       14.134595       14.138431    -0.027133911
       12.075041    -0.066888770     -0.10923846       14.342348       14.346472    -0.028748207
       12.245112    -0.066147960     -0.10879839       14.550344       14.554778    -0.030461729
       12.415183    -0.065122168     -0.10817958       14.758586       14.763352    -0.032280145
       12.585254    -0.063784859     -0.10737142       14.967076       14.972198    -0.034209374
       12.755325    -0.062108243     -0.10636291       15.175818       15.181322    -0.036255590
       12.925396    -0.060063259     -0.10514269       15.384813       15.390727    -0.038425233
       13.095467    -0.057619553     -0.10369898       15.594064       15.600417    -0.040725010
       13.265538    -0.054745465     -0.10201960       15.803573       15.810398    -0.043161910
       13.435609    -0.051408013     -0.10009197       16.013343       16.020672    -0.045743203
       13.605680    -0.047572880    -0.097903068       16.223376       16.231245    -0.048476454
       13.775751    -0.043204405    -0.095439444       16.433674       16.442120    -0.051369523
       13.945822    -0.038265567    -0.092687210       16.644238       16.653303    -0.054430579
       14.115893    -0.032717985    -0.089632022       16.855071       16.864797    -0.057668104
       14.285964    -0.026521910    -0.086259078       17.066175       17.076607    -0.061090899
       14.456035    -0.019636218    -0.082553102       17.277550       17.288738    -0.064708093
       14.626106    -0.012018416    -0.078498341       17.489200       17.501193    -0.068529150
       14.796177 -3.6246382E-003    -0.074078550       17.701124       17.713978    -0.072563873
       14.966248  5.5903456E-003    -0.069276985       17.913325       17.927097    -0.076822416
       15.136319     0.015673125    -0.064076393       18.125803       18.140554    -0.081315286
       15.306390     0.026671637    -0.058459005       18.338560       18.354355    -0.086053354
       15.476461     0.038635153    -0.052406522       18.551596       18.568503    -0.091047859
       15.646532     0.051614261    -0.045900108       18.764913       18.783003    -0.096310415
       15.816603     0.065660845    -0.038920383       18.978510       18.997860     -0.10185302
       15.986674     0.080828061    -0.031447408       19.192389       19.213079     -0.10768805
       16.156745     0.097170307    -0.023460682       19.406549       19.428664     -0.11382829
       16.326816      0.11474319    -0.014939129       19.620991       19.644621     -0.12028691
       16.496887      0.13360349 -5.8610893E-003       19.835714       19.860953     -0.12707750
       16.666958      0.15380912  3.7956870E-003       20.050719       20.077666     -0.13421406
       16.837029      0.17541907     0.014054052       20.266005       20.294765     -0.14171099
       17.007100      0.19849337     0.024937465       20.481570       20.512253     -0.14958312

Table series: Data for wavelength : 0.587562 µm.
   Y Angle (deg)       Tan Shift       Sag Shift     Real Height     Ref. Height      Distortion
  --------------  --------------  --------------  --------------  --------------  --------------
      0.00000000     0.043556483     0.043556483      0.00000000      0.00000000      0.00000000
      0.17007100     0.043549766     0.043527245      0.19900506      0.19900507 -5.3160750E-006
      0.34014199     0.043543195     0.043439543      0.39801356      0.39801365 -2.1318110E-005
      0.51021299     0.043536500     0.043293421      0.59702895      0.59702924 -4.7986314E-005
      0.68028398     0.043529220     0.043088948      0.79605467      0.79605535 -8.5289068E-005
      0.85035498     0.043520704     0.042826221      0.99509417      0.99509549 -1.3322819E-004
       1.0204260     0.043510117     0.042505370       1.1941509       1.1941532 -1.9177157E-004
       1.1904970     0.043496439     0.042126549       1.3932283       1.3932319 -2.6090330E-004
       1.3605680     0.043478471     0.041689948       1.5923298       1.5923352 -3.4059262E-004
       1.5306390     0.043454843     0.041195784       1.7914588       1.7914666 -4.3080803E-004
       1.7007100     0.043424013     0.040644307       1.9906189       1.9906295 -5.3152181E-004
       1.8707810     0.043384278     0.040035803       2.1898135       2.1898276 -6.4270043E-004
       2.0408519     0.043333781     0.039370590       2.3890460       2.3890643 -7.6430899E-004
       2.2109229     0.043270515     0.038649024       2.5883199       2.5883431 -8.9631792E-004
       2.3809939     0.043192337     0.037871497       2.7876387       2.7876677 -1.0386981E-003
       2.5510649     0.043096972     0.037038443       2.9870058       2.9870414 -1.1914237E-003
       2.7211359     0.042982025     0.036150335       3.1864247       3.1864679 -1.3544738E-003
       2.8912069     0.042844993     0.035207691       3.3858989       3.3859506 -1.5278336E-003
       3.0612779     0.042683275     0.034211074       3.5854319       3.5854932 -1.7114960E-003
       3.2313489     0.042494183     0.033161095       3.7850270       3.7850992 -1.9054633E-003
       3.4014199     0.042274956     0.032058416       3.9846879       3.9847720 -2.1097487E-003
       3.5714909     0.042022775     0.030903750       4.1844181       4.1845153 -2.3243786E-003
       3.7415619     0.041734773     0.029697868       4.3842209       4.3843327 -2.5493938E-003
       3.9116329     0.041408053     0.028441596       4.5840999       4.5842276 -2.7848523E-003
       4.0817039     0.041039704     0.027135825       4.7840587       4.7842037 -3.0308307E-003
       4.2517749     0.040626815     0.025781509       4.9841007       4.9842645 -3.2874271E-003
       4.4218459     0.040166491     0.024379668       5.1842294       5.1844137 -3.5547627E-003
       4.5919169     0.039655875     0.022931396       5.3844483       5.3846547 -3.8329850E-003
       4.7619879     0.039092162     0.021437858       5.5847610       5.5849913 -4.1222696E-003
       4.9320589     0.038472618     0.019900300       5.7851710       5.7854269 -4.4228233E-003
       5.1021299     0.037794600     0.018320048       5.9856818       5.9859653 -4.7348864E-003
       5.2722009     0.037055579     0.016698514       6.1862970       6.1866100 -5.0587360E-003
       5.4422719     0.036253155     0.015037202       6.3870200       6.3873646 -5.3946886E-003
       5.6123429     0.035385082     0.013337705       6.5878544       6.5882328 -5.7431029E-003
       5.7824139     0.034449288     0.011601720       6.7888038       6.7892182 -6.1043836E-003
       5.9524849     0.033443898  9.8310426E-003       6.9898716       6.9903245 -6.4789839E-003
       6.1225558     0.032367258  8.0275764E-003       7.1910614       7.1915553 -6.8674091E-003
       6.2926268     0.031217955  6.1933372E-003       7.3923768       7.3929143 -7.2702201E-003
       6.4626978     0.029994845  4.3304569E-003       7.5938213       7.5944051 -7.6880369E-003
       6.6327688     0.028697071  2.4411890E-003       7.7953984       7.7960315 -8.1215419E-003
       6.8028398     0.027324098  5.2791363E-004       7.9971116       7.9977972 -8.5714840E-003
       6.9729108     0.025875728 -1.4068576E-003       8.1989646       8.1997057 -9.0386822E-003
       7.1429818     0.024352130 -3.3604759E-003       8.4009608       8.4017610 -9.5240296E-003
       7.3130528     0.022753869 -5.3301504E-003       8.6031037       8.6039666    -0.010028497
       7.4831238     0.021081927 -7.3129421E-003       8.8053970       8.8063263    -0.010553139
       7.6531948     0.019337733 -9.3057594E-003       9.0078440       9.0088439    -0.011099094
       7.8232658     0.017523193    -0.011305348       9.2104483       9.2115231    -0.011667593
       7.9933368     0.015640709    -0.013308292       9.4132135       9.4143677    -0.012259963
       8.1634078     0.013693216    -0.015311003       9.6161429       9.6173814    -0.012877627
       8.3334788     0.011684208    -0.017309715       9.8192402       9.8205681    -0.013522116
       8.5035498  9.6177595E-003    -0.019300477       10.022509       10.023932    -0.014195069
       8.6736208  7.4985649E-003    -0.021279148       10.225952       10.227476    -0.014898238
       8.8436918  5.3319597E-003    -0.023241393       10.429573       10.431204    -0.015633495
       9.0137628  3.1239516E-003    -0.025182670       10.633376       10.635121    -0.016402835
       9.1838338  8.8125051E-004    -0.027098229       10.837365       10.839230    -0.017208382
       9.3539048 -1.3887034E-003    -0.028983103       11.041541       11.043535    -0.018052394
       9.5239758 -3.6777104E-003    -0.030832100       11.245909       11.248039    -0.018937270
       9.6940468 -5.9767812E-003    -0.032639796       11.450473       11.452748    -0.019865551
       9.8641178 -8.2761087E-003    -0.034400531       11.655235       11.657664    -0.020839932
       10.034189    -0.010565039    -0.036108399       11.860199       11.862792    -0.021863262
       10.204260    -0.012832040    -0.037757237       12.065367       12.068136    -0.022938552
       10.374331    -0.015064678    -0.039340627       12.270745       12.273699    -0.024068981
       10.544402    -0.017249584    -0.040851878       12.476333       12.479485    -0.025257901
       10.714473    -0.019372427    -0.042284024       12.682137       12.685499    -0.026508845
       10.884544    -0.021417886    -0.043629816       12.888158       12.891745    -0.027825530
       11.054615    -0.023369626    -0.044881712       13.094400       13.098226    -0.029211866
       11.224686    -0.025210264    -0.046031870       13.300866       13.304947    -0.030671960
       11.394757    -0.026921349    -0.047072138       13.507559       13.511912    -0.032210125
       11.564828    -0.028483332    -0.047994050       13.714483       13.719124    -0.033830883
       11.734899    -0.029875544    -0.048788813       13.921639       13.926588    -0.035538976
       11.904970    -0.031076169    -0.049447301       14.129031       14.134308    -0.037339369
       12.075041    -0.032062220    -0.049960045       14.336661       14.342289    -0.039237256
       12.245112    -0.032809518    -0.050317225       14.544533       14.550533    -0.041238071
       12.415183    -0.033292669    -0.050508663       14.752649       14.759046    -0.043347491
       12.585254    -0.033485045    -0.050523811       14.961011       14.967832    -0.045571445
       12.755325    -0.033358762    -0.050351744       15.169623       15.176895    -0.047916120
       12.925396    -0.032884663    -0.049981149       15.378486       15.386239    -0.050387967
       13.095467    -0.032032298    -0.049400320       15.587603       15.595868    -0.052993710
       13.265538    -0.030769916    -0.048597145       15.796977       15.805787    -0.055740354
       13.435609    -0.029064441    -0.047559098       16.006609       16.016000    -0.058635186
       13.605680    -0.026881468    -0.046273231       16.216502       16.226511    -0.061685790
       13.775751    -0.024185247    -0.044726162       16.426657       16.437325    -0.064900051
       13.945822    -0.020938678    -0.042904069       16.637078       16.648446    -0.068286158
       14.115893    -0.017103302    -0.040792677       16.847764       16.859879    -0.071852618
       14.285964    -0.012639297    -0.038377252       17.058719       17.071627    -0.075608260
       14.456035 -7.5054781E-003    -0.035642591       17.269944       17.283696    -0.079562240
       14.626106 -1.6592928E-003    -0.032573009       17.481441       17.496089    -0.083724051
       14.796177  4.9431699E-003    -0.029152334       17.693210       17.708812    -0.088103531
       14.966248     0.012347178    -0.025363895       17.905253       17.921869    -0.092710867
       15.136319     0.020599347    -0.021190515       18.117572       18.135264    -0.097556601
       15.306390     0.029747626    -0.016614498       18.330166       18.349002     -0.10265164
       15.476461     0.039841288    -0.011617623       18.543038       18.563088     -0.10800727
       15.646532     0.050930903 -6.1811325E-003       18.756187       18.777525     -0.11363513
       15.816603     0.063068325 -2.8572513E-004       18.969615       18.992320     -0.11954728
       15.986674     0.076306659  6.0884555E-003       19.183322       19.207476     -0.12575613
       16.156745     0.090700235     0.012961829       19.397307       19.422999     -0.13227452
       16.326816      0.10630457     0.020355386       19.611571       19.638892     -0.13911567
       16.496887      0.12317634     0.028290699       19.826114       19.855161     -0.14629321
       16.666958      0.14137331     0.036789932       20.040936       20.071811     -0.15382120
       16.837029      0.16095433     0.045875844       20.256036       20.288846     -0.16171409
       17.007100      0.18197922     0.055571804       20.471413       20.506271     -0.16998678

Table series: Data for wavelength : 0.656273 µm.
   Y Angle (deg)       Tan Shift       Sag Shift     Real Height     Ref. Height      Distortion
  --------------  --------------  --------------  --------------  --------------  --------------
      0.00000000      0.14805610      0.14805610      0.00000000      0.00000000      0.00000000
      0.17007100      0.14804550      0.14802479      0.19895590      0.19895615 -1.2218768E-004
      0.34014199      0.14802739      0.14793089      0.39791524      0.39791580 -1.4078383E-004
      0.51021299      0.14800149      0.14777442      0.59688144      0.59688247 -1.7163908E-004
      0.68028398      0.14796732      0.14755547      0.79585794      0.79585965 -2.1481833E-004
      0.85035498      0.14792423      0.14727412      0.99484817      0.99485086 -2.7030387E-004
       1.0204260      0.14787138      0.14693050       1.1938556       1.1938596 -3.3807355E-004
       1.1904970      0.14780773      0.14652477       1.3928836       1.3928894 -4.1810119E-004
       1.3605680      0.14773207      0.14605710       1.5919356       1.5919437 -5.1035714E-004
       1.5306390      0.14764302      0.14552772       1.7910151       1.7910262 -6.1480892E-004
       1.7007100      0.14753900      0.14493685       1.9901256       1.9901402 -7.3142197E-004
       1.8707810      0.14741831      0.14428480       2.1892704       2.1892893 -8.6016046E-004
       2.0408519      0.14727906      0.14357185       2.3884531       2.3884770 -1.0009883E-003
       2.2109229      0.14711921      0.14279838       2.5876770       2.5877068 -1.1538701E-003
       2.3809939      0.14693661      0.14196475       2.7869456       2.7869824 -1.3187722E-003
       2.5510649      0.14672894      0.14107139       2.9862624       2.9863071 -1.4956644E-003
       2.7211359      0.14649379      0.14011877       3.1856309       3.1856845 -1.6845206E-003
       2.8912069      0.14622861      0.13910739       3.3850544       3.3851183 -1.8853208E-003
       3.0612779      0.14593078      0.13803781       3.5845366       3.5846118 -2.0980521E-003
       3.2313489      0.14559758      0.13691063       3.7840807       3.7841686 -2.3227110E-003
       3.4014199      0.14522620      0.13572650       3.9836905       3.9837924 -2.5593047E-003
       3.5714909      0.14481379      0.13448612       4.1833692       4.1834866 -2.8078527E-003
       3.7415619      0.14435745      0.13319024       4.3831203       4.3832548 -3.0683893E-003
       3.9116329      0.14385425      0.13183968       4.5829475       4.5831006 -3.3409654E-003
       4.0817039      0.14330123      0.13043532       4.7828542       4.7830276 -3.6256504E-003
       4.2517749      0.14269544      0.12897810       4.9828438       4.9830392 -3.9225347E-003
       4.4218459      0.14203395      0.12746902       5.1829198       5.1831392 -4.2317320E-003
       4.5919169      0.14131386      0.12590916       5.3830859       5.3833310 -4.5533815E-003
       4.7619879      0.14053232      0.12429967       5.5833454       5.5836183 -4.8876507E-003
       4.9320589      0.13968656      0.12264179       5.7837019       5.7840046 -5.2347379E-003
       5.1021299      0.13877389      0.12093681       5.9841589       5.9844937 -5.5948749E-003
       5.2722009      0.13779175      0.11918614       6.1847199       6.1850891 -5.9683298E-003
       5.4422719      0.13673769      0.11739126       6.3853885       6.3857943 -6.3554100E-003
       5.6123429      0.13560943      0.11555375       6.5861681       6.5866132 -6.7564653E-003
       5.7824139      0.13440486      0.11367528       6.7870624       6.7875492 -7.1718909E-003
       5.9524849      0.13312205      0.11175764       6.9880747       6.9886060 -7.6021303E-003
       6.1225558      0.13175932      0.10980271       7.1892087       7.1897874 -8.0476795E-003
       6.2926268      0.13031522      0.10781249       7.3904679       7.3910968 -8.5090895E-003
       6.4626978      0.12878857      0.10578908       7.5918558       7.5925382 -8.9869704E-003
       6.6327688      0.12717847      0.10373473       7.7933760       7.7941150 -9.4819946E-003
       6.8028398      0.12548435      0.10165179       7.9950318       7.9958310 -9.9949009E-003
       6.9729108      0.12370599     0.099542754       8.1968270       8.1976900    -0.010526498
       7.1429818      0.12184353     0.097410253       8.3987650       8.3996955    -0.011077670
       7.3130528      0.11989749     0.095257055       8.6008493       8.6018514    -0.011649376
       7.4831238      0.11786883     0.093086079       8.8030835       8.8041614    -0.012242659
       7.6531948      0.11575897     0.090900398       9.0054710       9.0066292    -0.012858651
       7.8232658      0.11356977     0.088703243       9.2080154       9.2092585    -0.013498569
       7.9933368      0.11130363     0.086498009       9.4107202       9.4120533    -0.014163731
       8.1634078      0.10896345     0.084288264       9.6135887       9.6150171    -0.014855550
       8.3334788      0.10655272     0.082077754       9.8166246       9.8181539    -0.015575546
       8.5035498      0.10407550     0.079870408       10.019831       10.021467    -0.016325348
       8.6736208      0.10153647     0.077670343       10.223212       10.224961    -0.017106697
       8.8436918     0.098940960     0.075481876       10.426771       10.428640    -0.017921455
       9.0137628     0.096294970     0.073309526       10.630511       10.632506    -0.018771608
       9.1838338     0.093605209     0.071158021       10.834435       10.836565    -0.019659268
       9.3539048     0.090879118     0.069032309       11.038547       11.040820    -0.020586685
       9.5239758     0.088124902     0.066937558       11.242850       11.245274    -0.021556245
       9.6940468     0.085351555     0.064879170       11.447348       11.449932    -0.022570483
       9.8641178     0.082568897     0.062862786       11.652044       11.654798    -0.023632082
       10.034189     0.079787594     0.060894291       11.856941       11.859876    -0.024743881
       10.204260     0.077019193     0.058979823       12.062043       12.065169    -0.025908882
       10.374331     0.074276151     0.057125782       12.267352       12.270681    -0.027130255
       10.544402     0.071571859     0.055338838       12.472873       12.476417    -0.028411344
       10.714473     0.068920675     0.053625933       12.678607       12.682381    -0.029755670
       10.884544     0.066337947     0.051994298       12.884559       12.888576    -0.031166943
       11.054615     0.063840047     0.050451452       13.090731       13.095006    -0.032649064
       11.224686     0.061444391     0.049005219       13.297126       13.301676    -0.034206132
       11.394757     0.059169471     0.047663727       13.503748       13.508590    -0.035842451
       11.564828     0.057034877     0.046435423       13.710599       13.715751    -0.037562536
       11.734899     0.055061325     0.045329081       13.917683       13.923164    -0.039371120
       11.904970     0.053270678     0.044353805       14.125001       14.130834    -0.041273161
       12.075041     0.051685975     0.043519046       14.332558       14.338763    -0.043273845
       12.245112     0.050331448     0.042834601       14.540355       14.546956    -0.045378600
       12.415183     0.049232547     0.042310631       14.748395       14.755418    -0.047593095
       12.585254     0.048415960     0.041957664       14.956682       14.964152    -0.049923252
       12.755325     0.047909631     0.041786605       15.165217       15.173164    -0.052375252
       12.925396     0.047742782     0.041808747       15.374003       15.382456    -0.054955541
       13.095467     0.047945925     0.042035779       15.583042       15.592034    -0.057670836
       13.265538     0.048550882     0.042479792       15.792337       15.801901    -0.060528136
       13.435609     0.049590793     0.043153295       16.001889       16.012062    -0.063534724
       13.605680     0.051100136     0.044069216       16.211702       16.222522    -0.066698178
       13.775751     0.053114730     0.045240920       16.421777       16.433284    -0.070026377
       13.945822     0.055671747     0.046682210       16.632115       16.644353    -0.073527508
       14.115893     0.058809718     0.048407342       16.842720       16.855734    -0.077210073
       14.285964     0.062568537     0.050431033       17.053591       17.067430    -0.081082896
       14.456035     0.066989463     0.052768469       17.264732       17.279447    -0.085155131
       14.626106     0.072115118     0.055435316       17.476144       17.491788    -0.089436267
       14.796177     0.077989486     0.058447728       17.687828       17.704459    -0.093936138
       14.966248     0.084657903     0.061822359       17.899785       17.917463    -0.098664929
       15.136319     0.092167056     0.065576370       18.112016       18.130806     -0.10363318
       15.306390      0.10056496     0.069727437       18.324523       18.344491     -0.10885180
       15.476461      0.10990095     0.074293765       18.537306       18.558524     -0.11433206
       15.646532      0.12022566     0.079294095       18.750366       18.772909     -0.12008562
       15.816603      0.13159101     0.084747710       18.963703       18.987651     -0.12612451
       15.986674      0.14405015     0.090674450       19.177318       19.202754     -0.13246117
       16.156745      0.15765748     0.097094716       19.391211       19.418224     -0.13910841
       16.326816      0.17246854      0.10402948       19.605383       19.634064     -0.14607947
       16.496887      0.18854007      0.11150031       19.819832       19.850280     -0.15338798
       16.666958      0.20592987      0.11952933       20.034559       20.066877     -0.16104798
       16.837029      0.22469681      0.12813930       20.249564       20.283858     -0.16907395
       17.007100      0.24490075      0.13735357       20.464845       20.501230     -0.17748078
