Results for:	
File:	C:\Users\User\OneDrive - Massachusetts Institute of Technology\Documents\MIT\Grad School\Classes\2.156\Lens Project\Prime Lenses\US004948236_Example03P.zmx
Title:	US 4,948,236 Example 3 (Ricoh smc Pentax 6x7 120mm f3.5 Soft)
Date:	11/7/2025 5:38:53 PM

0 message(s) in output.
3 series table(s) in output.

Table series: Data for wavelength : 0.486133 µm.
   Y Angle (deg)       Tan Shift       Sag Shift     Real Height     Ref. Height      Distortion
  --------------  --------------  --------------  --------------  --------------  --------------
      0.00000000    -0.062573145    -0.062573145      0.00000000      0.00000000      0.00000000
      0.20667111    -0.062699360    -0.062833483      0.43298637      0.43298651 -3.2967812E-005
      0.41334221    -0.063063105    -0.063614432      0.86598316      0.86598429 -1.3073313E-004
      0.62001332    -0.063664298    -0.064915801       1.2990008       1.2990046 -2.9388593E-004
      0.82668443    -0.064502813    -0.066737271       1.7320497       1.7320587 -5.2274237E-004
       1.0333555    -0.065578487    -0.069078395       2.1651402       2.1651579 -8.1774544E-004
       1.2400266    -0.066891115    -0.071938600       2.5982829       2.5983135 -1.1794655E-003
       1.4466977    -0.068440457    -0.075317181       3.0314880       3.0315367 -1.6086006E-003
       1.6533689    -0.070226241    -0.079213309       3.4647659       3.4648389 -2.1059774E-003
       1.8600400    -0.072248169    -0.083626025       3.8981271       3.8982313 -2.6725491E-003
       2.0667111    -0.074505920    -0.088554241       4.3315818       4.3317252 -3.3094075E-003
       2.2733822    -0.076999153    -0.093996740       4.7651405       4.7653320 -4.0177671E-003
       2.4800533    -0.079727519    -0.099952176       5.1988135       5.1990630 -4.7989777E-003
       2.6867244    -0.082690665     -0.10641907       5.6326110       5.6329296 -5.6545230E-003
       2.8933955    -0.085888242     -0.11339583       6.0665435       6.0669430 -6.5860214E-003
       3.1000666    -0.089319913     -0.12088070       6.5006210       6.5011148 -7.5952285E-003
       3.3067377    -0.092985365     -0.12887183       6.9348539       6.9354562 -8.6840378E-003
       3.5134088    -0.096884317     -0.13736722       7.3692524       7.3699787 -9.8544834E-003
       3.7200799     -0.10101653     -0.14636473       7.8038267       7.8046937    -0.011108741
       3.9267510     -0.10538183     -0.15586210       8.2385869       8.2396126    -0.012449132
       4.1334221     -0.10998009     -0.16585695       8.6735431       8.6747470    -0.013878123
       4.3400932     -0.11481129     -0.17634673       9.1087055       9.1101083    -0.015398329
       4.5467644     -0.11987550     -0.18732879       9.5440841       9.5457080    -0.017012519
       4.7534355     -0.12517291     -0.19880033       9.9796888       9.9815577    -0.018723613
       4.9601066     -0.13070381     -0.21075841       10.415530       10.417669    -0.020534692
       5.1667777     -0.13646869     -0.22319996       10.851617       10.854053    -0.022448993
       5.3734488     -0.14246816     -0.23612178       11.287960       11.290722    -0.024469919
       5.5801199     -0.14870306     -0.24952052       11.724568       11.727688    -0.026601041
       5.7867910     -0.15517441     -0.26339270       12.161453       12.164962    -0.028846096
       5.9934621     -0.16188349     -0.27773468       12.598622       12.602555    -0.031208999
       6.2001332     -0.16883183     -0.29254272       13.036086       13.040480    -0.033693841
       6.4068043     -0.17602125     -0.30781289       13.473855       13.478749    -0.036304897
       6.6134754     -0.18345387     -0.32354116       13.911938       13.917372    -0.039046627
       6.8201465     -0.19113218     -0.33972332       14.350344       14.356363    -0.041923683
       7.0268176     -0.19905904     -0.35635504       14.789083       14.795732    -0.044940911
       7.2334887     -0.20723771     -0.37343184       15.228164       15.235493    -0.048103362
       7.4401599     -0.21567191     -0.39094909       15.667596       15.675656    -0.051416288
       7.6468310     -0.22436583     -0.40890201       16.107388       16.116234    -0.054885156
       7.8535021     -0.23332419     -0.42728567       16.547550       16.557239    -0.058515650
       8.0601732     -0.24255230     -0.44609499       16.988091       16.998683    -0.062313677
       8.2668443     -0.25205604     -0.46532475       17.429018       17.440578    -0.066285373
       8.4735154     -0.26184197     -0.48496956       17.870341       17.882937    -0.070437110
       8.6801865     -0.27191738     -0.50502389       18.312068       18.325772    -0.074775505
       8.8868576     -0.28229027     -0.52548205       18.754209       18.769094    -0.079307423
       9.0935287     -0.29296952     -0.54633819       19.196770       19.212917    -0.084039988
       9.3001998     -0.30396484     -0.56758631       19.639761       19.657252    -0.088980588
       9.5068709     -0.31528690     -0.58922023       20.083190       20.102113    -0.094136887
       9.7135420     -0.32694737     -0.61123365       20.527064       20.547512    -0.099516828
       9.9202131     -0.33895903     -0.63362007       20.971391       20.993461     -0.10512865
       10.126884     -0.35133575     -0.65637285       21.416178       21.439973     -0.11098088
       10.333555     -0.36409270     -0.67948516       21.861434       21.887060     -0.11708238
       10.540226     -0.37724630     -0.70295003       22.307166       22.334737     -0.12344229
       10.746898     -0.39081443     -0.72676032       22.753380       22.783014     -0.13007014
       10.953569     -0.40481641     -0.75090870       23.200084       23.231906     -0.13697574
       11.160240     -0.41927319     -0.77538770       23.647283       23.681425     -0.14416929
       11.366911     -0.43420742     -0.80018965       24.094986       24.131584     -0.15166135
       11.573582     -0.44964352     -0.82530673       24.543197       24.582396     -0.15946285
       11.780253     -0.46560786     -0.85073094       24.991922       25.033875     -0.16758512
       11.986924     -0.48212886     -0.87645410       25.441169       25.486034     -0.17603988
       12.193595     -0.49923709     -0.90246785       25.890941       25.938886     -0.18483929
       12.400266     -0.51696545     -0.92876367       26.341244       26.392445     -0.19399593
       12.606938     -0.53534929     -0.95533283       26.792084       26.846723     -0.20352282
       12.813609     -0.55442657     -0.98216647       27.243464       27.301735     -0.21343348
       13.020280     -0.57423801      -1.0092555       27.695389       27.757494     -0.22374187
       13.226951     -0.59482729      -1.0365907       28.147863       28.214014     -0.23446248
       13.433622     -0.61624119      -1.0641625       28.600889       28.671309     -0.24561031
       13.640293     -0.63852981      -1.0919615       29.054472       29.129393     -0.25720091
       13.846964     -0.66174676      -1.1199778       29.508612       29.588279     -0.26925037
       14.053635     -0.68594938      -1.1482013       29.963314       30.047982     -0.28177539
       14.260306     -0.71119892      -1.1766220       30.418579       30.508516     -0.29479324
       14.466977     -0.73756087      -1.2052295       30.874408       30.969895     -0.30832184
       14.673649     -0.76510509      -1.2340133       31.330803       31.432133     -0.32237976
       14.880320     -0.79390618      -1.2629625       31.787764       31.895246     -0.33698624
       15.086991     -0.82404367      -1.2920664       32.245291       32.359247     -0.35216124
       15.293662     -0.85560239      -1.3213138       32.703383       32.824152     -0.36792545
       15.500333     -0.88867271      -1.3506934       33.162041       33.289974     -0.38430030
       15.707004     -0.92335089      -1.3801938       33.621261       33.756730     -0.40130806
       15.913675     -0.95973943      -1.4098034       34.081043       34.224433     -0.41897179
       16.120346     -0.99794741      -1.4395104       34.541381       34.693100     -0.43731543
       16.327017      -1.0380909      -1.4693027       35.002274       35.162744     -0.45636383
       16.533689      -1.0802933      -1.4991683       35.463717       35.633382     -0.47614276
       16.740360      -1.1246858      -1.5290947       35.925703       36.105029     -0.49667898
       16.947031      -1.1714078      -1.5590695       36.388228       36.577701     -0.51800026
       17.153702      -1.2206075      -1.5890800       36.851285       37.051413     -0.54013546
       17.360373      -1.2724420      -1.6191135       37.314865       37.526181     -0.56311454
       17.567044      -1.3270782      -1.6491570       37.778961       38.002021     -0.58696861
       17.773715      -1.3846932      -1.6791973       38.243561       38.478949     -0.61173002
       17.980386      -1.4454749      -1.7092213       38.708656       38.956981     -0.63743237
       18.187057      -1.5096224      -1.7392155       39.174234       39.436133     -0.66411061
       18.393729      -1.5773468      -1.7691665       39.640281       39.916423     -0.69180109
       18.600400      -1.6488715      -1.7990608       40.106783       40.397866     -0.72054156
       18.807071      -1.7244336      -1.8288846       40.573724       40.880480     -0.75037137
       19.013742      -1.8042835      -1.8586241       41.041088       41.364280     -0.78133143
       19.220413      -1.8886866      -1.8882656       41.508856       41.849285     -0.81346432
       19.427084      -1.9779234      -1.9177951       41.977008       42.335512     -0.84681441
       19.633755      -2.0722905      -1.9471988       42.445523       42.822977     -0.88142788
       19.840426      -2.1721014      -1.9764627       42.914377       43.311698     -0.91735288
       20.047097      -2.2776870      -2.0055730       43.383545       43.801693     -0.95463957
       20.253768      -2.3893969      -2.0345156       43.852999       44.292979     -0.99334027
       20.460440      -2.5075999      -2.0632770       44.322712       44.785576      -1.0335095
       20.667111      -2.6326849      -2.0918432       44.792652       45.279500      -1.0752043

Table series: Data for wavelength : 0.587562 µm.
   Y Angle (deg)       Tan Shift       Sag Shift     Real Height     Ref. Height      Distortion
  --------------  --------------  --------------  --------------  --------------  --------------
      0.00000000 -2.6740793E-003 -2.6740793E-003      0.00000000      0.00000000      0.00000000
      0.20667111 -2.8104972E-003 -2.9406221E-003      0.43283952      0.43283965 -3.0191190E-005
      0.41334221 -3.2072512E-003 -3.7401864E-003      0.86568952      0.86569056 -1.2082437E-004
      0.62001332 -3.8642342E-003 -5.0725807E-003       1.2985605       1.2985640 -2.7208355E-004
      0.82668443 -4.7812807E-003 -6.9374855E-003       1.7314629       1.7314712 -4.8427471E-004
       1.0333555 -5.9581674E-003 -9.3344537E-003       2.1644071       2.1644235 -7.5782666E-004
       1.2400266 -7.3946162E-003    -0.012262910       2.5974038       2.5974322 -1.0932914E-003
       1.4466977 -9.0902965E-003    -0.015722151       3.0304633       3.0305085 -1.4913448E-003
       1.6533689    -0.011044828    -0.019711345       3.4635960       3.4636636 -1.9527868E-003
       1.8600400    -0.013257786    -0.024229531       3.8968124       3.8969090 -2.4785422E-003
       2.0667111    -0.015728706    -0.029275621       4.3301230       4.3302559 -3.0696633E-003
       2.2733822    -0.018457086    -0.034848396       4.7635381       4.7637157 -3.7273279E-003
       2.4800533    -0.021442396    -0.040946509       5.1970681       5.1972996 -4.4528423E-003
       2.6867244    -0.024684084    -0.047568481       5.6307235       5.6310189 -5.2476425E-003
       2.8933955    -0.028181582    -0.054712705       6.0645144       6.0648852 -6.1132948E-003
       3.1000666    -0.031934313    -0.062377443       6.4984514       6.4989097 -7.0514982E-003
       3.3067377    -0.035941705    -0.070560825       6.9325447       6.9331038 -8.0640852E-003
       3.5134088    -0.040203194    -0.079260849       7.3668045       7.3674789 -9.1530242E-003
       3.7200799    -0.044718239    -0.088475382       7.8012412       7.8020464    -0.010320421
       3.9267510    -0.049486332    -0.098202158       8.2358650       8.2368178    -0.011568521
       4.1334221    -0.054507009     -0.10843878       8.6706860       8.6718046    -0.012899711
       4.3400932    -0.059779865     -0.11918271       9.1057145       9.1070183    -0.014316523
       4.5467644    -0.065304566     -0.13043128       9.5409605       9.5424702    -0.015821633
       4.7534355    -0.071080866     -0.14218168       9.9764341       9.9781721    -0.017417870
       4.9601066    -0.077108620     -0.15443099       10.412145       10.414135    -0.019108212
       5.1667777    -0.083387806     -0.16717611       10.848105       10.850372    -0.020895791
       5.3734488    -0.089918536     -0.18041384       11.284321       11.286893    -0.022783901
       5.5801199    -0.096701085     -0.19414082       11.720805       11.723710    -0.024775992
       5.7867910     -0.10373590     -0.20835356       12.157567       12.160835    -0.026875683
       5.9934621     -0.11102364     -0.22304843       12.594616       12.598281    -0.029086760
       6.2001332     -0.11856517     -0.23822164       13.031962       13.036057    -0.031413178
       6.4068043     -0.12636162     -0.25386929       13.469614       13.474177    -0.033859073
       6.6134754     -0.13441438     -0.26998731       13.907583       13.912651    -0.036428757
       6.8201465     -0.14272516     -0.28657149       14.345878       14.351493    -0.039126728
       7.0268176     -0.15129599     -0.30361749       14.784508       14.790714    -0.041957675
       7.2334887     -0.16012927     -0.32112081       15.223482       15.230325    -0.044926477
       7.4401599     -0.16922779     -0.33907680       15.662811       15.670339    -0.048038216
       7.6468310     -0.17859477     -0.35748066       16.102503       16.110767    -0.051298175
       7.8535021     -0.18823392     -0.37632746       16.542567       16.551623    -0.054711849
       8.0601732     -0.19814944     -0.39561208       16.983013       16.992917    -0.058284947
       8.2668443     -0.20834609     -0.41532929       17.423849       17.434663    -0.062023401
       8.4735154     -0.21882921     -0.43547368       17.865085       17.876871    -0.065933368
       8.6801865     -0.22960481     -0.45603969       18.306728       18.319556    -0.070021243
       8.8868576     -0.24067956     -0.47702160       18.748788       18.762728    -0.074293660
       9.0935287     -0.25206091     -0.49841353       19.191274       19.206400    -0.078757500
       9.3001998     -0.26375708     -0.52020946       19.634192       19.650585    -0.083419904
       9.5068709     -0.27577715     -0.54240318       20.077553       20.095295    -0.088288272
       9.7135420     -0.28813116     -0.56498834       20.521364       20.540542    -0.093370280
       9.9202131     -0.30083008     -0.58795840       20.965632       20.986340    -0.098673880
       10.126884     -0.31388597     -0.61130670       21.410366       21.432701     -0.10420732
       10.333555     -0.32731202     -0.63502635       21.855574       21.879637     -0.10997913
       10.540226     -0.34112262     -0.65911035       22.301262       22.327161     -0.11599817
       10.746898     -0.35533344     -0.68355150       22.747438       22.775286     -0.12227361
       10.953569     -0.36996155     -0.70834242       23.194110       23.224026     -0.12881495
       11.160240     -0.38502547     -0.73347558       23.641284       23.673392     -0.13563201
       11.366911     -0.40054530     -0.75894327       24.088966       24.123399     -0.14273499
       11.573582     -0.41654279     -0.78473758       24.537164       24.574058     -0.15013443
       11.780253     -0.43304148     -0.81085045       24.985884       25.025384     -0.15784128
       11.986924     -0.45006680     -0.83727363       25.435131       25.477390     -0.16586683
       12.193595     -0.46764619     -0.86399869       25.884912       25.930088     -0.17422281
       12.400266     -0.48580924     -0.89101701       26.335232       26.383493     -0.18292136
       12.606938     -0.50458781     -0.91831979       26.786095       26.837617     -0.19197505
       12.813609     -0.52401618     -0.94589806       27.237508       27.292475     -0.20139688
       13.020280     -0.54413121     -0.97374263       27.689475       27.748079     -0.21120034
       13.226951     -0.56497248      -1.0018442       28.142000       28.204444     -0.22139938
       13.433622     -0.58658247      -1.0301931       28.595087       28.661584     -0.23200847
       13.640293     -0.60900676      -1.0587797       29.048740       29.119512     -0.24304259
       13.846964     -0.63229418      -1.0875940       29.502961       29.578243     -0.25451724
       14.053635     -0.65649703      -1.1166260       29.957755       30.037790     -0.26644849
       14.260306     -0.68167128      -1.1458652       30.413123       30.498168     -0.27885301
       14.466977     -0.70787682      -1.1753012       30.869067       30.959390     -0.29174804
       14.673649     -0.73517765      -1.2049233       31.325589       31.421472     -0.30515145
       14.880320     -0.76364217      -1.2347206       31.782690       31.884428     -0.31908178
       15.086991     -0.79334340      -1.2646820       32.240371       32.348272     -0.33355824
       15.293662     -0.82435930      -1.2947961       32.698632       32.813018     -0.34860072
       15.500333     -0.85677303      -1.3250515       33.157472       33.278683     -0.36422986
       15.707004     -0.89067324      -1.3554366       33.616890       33.745280     -0.38046706
       15.913675     -0.92615444      -1.3859394       34.076885       34.212825     -0.39733453
       16.120346     -0.96331730      -1.4165478       34.537455       34.681332     -0.41485527
       16.327017      -1.0022690      -1.4472497       34.998596       35.150817     -0.43305317
       16.533689      -1.0431237      -1.4780324       35.460304       35.621296     -0.45195300
       16.740360      -1.0860028      -1.5088835       35.922577       36.092783     -0.47158048
       16.947031      -1.1310355      -1.5397901       36.385407       36.565294     -0.49196229
       17.153702      -1.1783589      -1.5707391       36.848790       37.038846     -0.51312614
       17.360373      -1.2281190      -1.6017174       37.312718       37.513452     -0.53510080
       17.567044      -1.2804708      -1.6327115       37.777183       37.989131     -0.55791616
       17.773715      -1.3355789      -1.6637081       38.242178       38.465897     -0.58160323
       17.980386      -1.3936179      -1.6946933       38.707692       38.943767     -0.60619430
       18.187057      -1.4547733      -1.7256533       39.173714       39.422757     -0.63172286
       18.393729      -1.5192417      -1.7565741       39.640233       39.902884     -0.65822377
       18.600400      -1.5872316      -1.7874415       40.107236       40.384164     -0.68573326
       18.807071      -1.6589640      -1.8182413       40.574708       40.866613     -0.71428901
       19.013742      -1.7346730      -1.8489590       41.042633       41.350250     -0.74393024
       19.220413      -1.8146065      -1.8795802       41.510995       41.835090     -0.77469774
       19.427084      -1.8990272      -1.9100902       41.979775       42.321152     -0.80663399
       19.633755      -1.9882126      -1.9404743       42.448953       42.808452     -0.83978322
       19.840426      -2.0824567      -1.9707177       42.918508       43.297007     -0.87419150
       20.047097      -2.1820699      -2.0008057       43.388416       43.786836     -0.90990682
       20.253768      -2.2873804      -2.0307234       43.858653       44.277956     -0.94697922
       20.460440      -2.3987350      -2.0604560       44.329190       44.770385     -0.98546086
       20.667111      -2.5164995      -2.0899887       44.800000       45.264141      -1.0254061

Table series: Data for wavelength : 0.656273 µm.
   Y Angle (deg)       Tan Shift       Sag Shift     Real Height     Ref. Height      Distortion
  --------------  --------------  --------------  --------------  --------------  --------------
      0.00000000      0.10236501      0.10236501      0.00000000      0.00000000      0.00000000
      0.20667111      0.10222470      0.10209582      0.43276440      0.43276452 -2.8834896E-005
      0.41334221      0.10181528      0.10128834      0.86553929      0.86554030 -1.1658404E-004
      0.62001332      0.10113687     0.099942745       1.2983352       1.2983386 -2.6303366E-004
      0.82668443      0.10018964     0.098059360       1.7311626       1.7311707 -4.6848551E-004
       1.0333555     0.098973853     0.095638632       2.1640320       2.1640479 -7.3336245E-004
       1.2400266     0.097489798     0.092681137       2.5969539       2.5969814 -1.0582089E-003
       1.4466977     0.095737845     0.089187578       3.0299387       3.0299824 -1.4436911E-003
       1.6533689     0.093718413     0.085158787       3.4629970       3.4630624 -1.8905982E-003
       1.8600400     0.091431975     0.080595725       3.8961391       3.8962326 -2.3998463E-003
       2.0667111     0.088879048     0.075499482       4.3293756       4.3295043 -2.9724645E-003
       2.2733822     0.086060192     0.069871276       4.7627169       4.7628888 -3.6096186E-003
       2.4800533     0.082976005     0.063712456       5.1961734       5.1963975 -4.3125969E-003
       2.6867244     0.079627112     0.057024501       5.6297554       5.6300416 -5.0828150E-003
       2.8933955     0.076014162     0.049809018       6.0634734       6.0638325 -5.9218178E-003
       3.1000666     0.072137819     0.042067747       6.4973378       6.4977816 -6.8312805E-003
       3.3067377     0.067998753     0.033802559       6.9313588       6.9319004 -7.8130100E-003
       3.5134088     0.063597631     0.025015456       7.3655468       7.3662001 -8.8689472E-003
       3.7200799     0.058935105     0.015708574       7.7999120       7.8006922    -0.010001169
       3.9267510     0.054011804  5.8841777E-003       8.2344648       8.2353882    -0.011211888
       4.1334221     0.048828322 -4.4553298E-003       8.6692154       8.6702995    -0.012503459
       4.3400932     0.043385203    -0.015307414       9.1041739       9.1054375    -0.013878378
       4.5467644     0.037682929    -0.026669404       9.5393504       9.5408139    -0.015339285
       4.7534355     0.031721903    -0.038538495       9.9747553       9.9764402    -0.016888967
       4.9601066     0.025502440    -0.050911744       10.410398       10.412328    -0.018530360
       5.1667777     0.019024741    -0.063786073       10.846290       10.848488    -0.020266554
       5.3734488     0.012288883    -0.077158263       11.282440       11.284934    -0.022100794
       5.5801199  5.2947969E-003    -0.091024959       11.718858       11.721675    -0.024036484
       5.7867910 -1.9577537E-003     -0.10538267       12.155554       12.158725    -0.026077190
       5.9934621 -9.4691912E-003     -0.12022775       12.592538       12.596094    -0.028226644
       6.2001332    -0.017240149     -0.13555642       13.029820       13.033794    -0.030488747
       6.4068043    -0.025271493     -0.15136477       13.467410       13.471838    -0.032867574
       6.6134754    -0.033564352     -0.16764873       13.905317       13.910237    -0.035367377
       6.8201465    -0.042120139     -0.18440409       14.343551       14.349002    -0.037992590
       7.0268176    -0.050940585     -0.20162649       14.782121       14.788146    -0.040747833
       7.2334887    -0.060027766     -0.21931144       15.221036       15.227681    -0.043637917
       7.4401599    -0.069384137     -0.23745427       15.660307       15.667619    -0.046667850
       7.6468310    -0.079012567     -0.25605019       16.099942       16.107971    -0.049842840
       7.8535021    -0.088916375     -0.27509425       16.539951       16.548750    -0.053168302
       8.0601732    -0.099099367     -0.29458134       16.980343       16.989968    -0.056649863
       8.2668443     -0.10956588     -0.31450621       17.421126       17.431637    -0.060293368
       8.4735154     -0.12032081     -0.33486345       17.862311       17.873769    -0.064104886
       8.6801865     -0.13136970     -0.35564748       18.303904       18.316376    -0.068090718
       8.8868576     -0.14271873     -0.37685258       18.745916       18.759471    -0.072257402
       9.0935287     -0.15437481     -0.39847287       19.188355       19.203066    -0.076611718
       9.3001998     -0.16634562     -0.42050230       19.631228       19.647174    -0.081160702
       9.5068709     -0.17863967     -0.44293466       20.074546       20.091807    -0.085911647
       9.7135420     -0.19126635     -0.46576359       20.518315       20.536977    -0.090872112
       9.9202131     -0.20423601     -0.48898254       20.962544       20.982697    -0.096049935
       10.126884     -0.21756003     -0.51258482       21.407240       21.428980     -0.10145324
       10.333555     -0.23125086     -0.53656355       21.852412       21.875839     -0.10709043
       10.540226     -0.24532215     -0.56091169       22.298067       22.323286     -0.11297024
       10.746898     -0.25978876     -0.58562204       22.744212       22.771333     -0.11910169
       10.953569     -0.27466692     -0.61068721       23.190855       23.219995     -0.12549414
       11.160240     -0.28997425     -0.63609963       23.638003       23.669283     -0.13215727
       11.366911     -0.30572991     -0.66185157       24.085662       24.119212     -0.13910112
       11.573582     -0.32195467     -0.68793513       24.533839       24.569793     -0.14633608
       11.780253     -0.33867102     -0.71434219       24.982540       25.021041     -0.15387291
       11.986924     -0.35590330     -0.74106450       25.431772       25.472968     -0.16172276
       12.193595     -0.37367778     -0.76809359       25.881540       25.925587     -0.16989716
       12.400266     -0.39202283     -0.79542082       26.331851       26.378913     -0.17840806
       12.606938     -0.41096901     -0.82303737       26.782709       26.832959     -0.18726784
       12.813609     -0.43054925     -0.85093421       27.234120       27.287737     -0.19648931
       13.020280     -0.45079898     -0.87910214       27.686088       27.743263     -0.20608573
       13.226951     -0.47175626     -0.90753178       28.138618       28.199549     -0.21607086
       13.433622     -0.49346199     -0.93621352       28.591714       28.656609     -0.22645892
       13.640293     -0.51596006     -0.96513760       29.045380       29.114458     -0.23726465
       13.846964     -0.53929753     -0.99429404       29.499619       29.573109     -0.24850333
       14.053635     -0.56352485      -1.0236727       29.954434       30.032576     -0.26019076
       14.260306     -0.58869602      -1.0532631       30.409829       30.492874     -0.27234334
       14.466977     -0.61486885      -1.0830548       30.865804       30.954017     -0.28497803
       14.673649     -0.64210518      -1.1130370       31.322363       31.416018     -0.29811244
       14.880320     -0.67047110      -1.1431987       31.779506       31.878893     -0.31176478
       15.086991     -0.70003721      -1.1735288       32.237235       32.342657     -0.32595396
       15.293662     -0.73087892      -1.2040159       32.695549       32.807323     -0.34069954
       15.500333     -0.76307671      -1.2346485       33.154448       33.272907     -0.35602183
       15.707004     -0.79671641      -1.2654147       33.613932       33.739423     -0.37194189
       15.913675     -0.83188955      -1.2963027       34.073999       34.206886     -0.38848152
       16.120346     -0.86869366      -1.3273002       34.534647       34.675312     -0.40566338
       16.327017     -0.90723267      -1.3583949       34.995875       35.144716     -0.42351094
       16.533689     -0.94761720      -1.3895742       35.457677       35.615113     -0.44204855
       16.740360     -0.98996502      -1.4208255       35.920051       36.086518     -0.46130150
       16.947031      -1.0344014      -1.4521357       36.382991       36.558948     -0.48129602
       17.153702      -1.0810597      -1.4834916       36.846492       37.032417     -0.50205935
       17.360373      -1.1300814      -1.5148801       37.310547       37.506941     -0.52361975
       17.567044      -1.1816171      -1.5462876       37.775150       37.982537     -0.54600659
       17.773715      -1.2358268      -1.5777003       38.240291       38.459220     -0.56925036
       17.980386      -1.2928802      -1.6091045       38.705962       38.937007     -0.59338277
       18.187057      -1.3529575      -1.6404860       39.172152       39.415914     -0.61843672
       18.393729      -1.4162500      -1.6718308       39.638850       39.895958     -0.64444646
       18.600400      -1.4829605      -1.7031244       40.106043       40.377154     -0.67144757
       18.807071      -1.5533040      -1.7343524       40.573717       40.859520     -0.69947704
       19.013742      -1.6275085      -1.7655001       41.041858       41.343073     -0.72857339
       19.220413      -1.7058154      -1.7965527       41.510449       41.827829     -0.75877668
       19.427084      -1.7884804      -1.8274955       41.979473       42.313806     -0.79012858
       19.633755      -1.8757740      -1.8583134       42.448909       42.801021     -0.82267253
       19.840426      -1.9679827      -1.8889913       42.918737       43.289492     -0.85645372
       20.047097      -2.0654092      -1.9195142       43.388935       43.779236     -0.89151926
       20.253768      -2.1683737      -1.9498669       43.859479       44.270270     -0.92791823
       20.460440      -2.2772144      -1.9800341       44.330341       44.762614     -0.96570181
       20.667111      -2.3922884      -2.0100008       44.801494       45.256285      -1.0049234
