Results for:	
File:	C:\Users\User\OneDrive - Massachusetts Institute of Technology\Documents\MIT\Grad School\Classes\2.156\Lens Project\Prime Lenses\US04923292-1.zmx
Title:	
Date:	11/7/2025 5:46:34 PM

0 message(s) in output.
3 series table(s) in output.

Table series: Data for wavelength : 0.486133 µm.
   Y Angle (deg)       Tan Shift       Sag Shift     Real Height     Ref. Height      Distortion
  --------------  --------------  --------------  --------------  --------------  --------------
      0.00000000     0.033460270     0.033460270      0.00000000      0.00000000      0.00000000
      0.22957043     0.033437469     0.033421264      0.19996850      0.19996865 -7.6782952E-005
      0.45914086     0.033375618     0.033304283      0.39994230      0.39994373 -3.5733761E-004
      0.68871128     0.033274763     0.033109440      0.59992670      0.59993165 -8.2484895E-004
      0.91828171     0.033134982     0.032836922      0.79992700      0.79993883 -1.4792061E-003
       1.1478521     0.032956383     0.032486993      0.99994850      0.99997171 -2.3202236E-003
       1.3774226     0.032739102     0.032059989       1.1999965       1.2000367 -3.3476944E-003
       1.6069930     0.032483309     0.031556326       1.4000764       1.4001402 -4.5613544E-003
       1.8365634     0.032189201     0.030976494       1.6001934       1.6002888 -5.9608907E-003
       2.0661339     0.031857005     0.030321057       1.8003529       1.8004888 -7.5459418E-003
       2.2957043     0.031486979     0.029590659       2.0005602       2.0007466 -9.3160971E-003
       2.5252747     0.031079410     0.028786019       2.2008208       2.2010688    -0.011270896
       2.7548451     0.030634615     0.027907934       2.4011398       2.4014619    -0.013409830
       2.9844156     0.030152939     0.026957279       2.6015228       2.6019322    -0.015732337
       3.2139860     0.029634757     0.025935009       2.8019751       2.8024862    -0.018237807
       3.4435564     0.029080471     0.024842156       3.0025022       3.0031306    -0.020925578
       3.6731268     0.028490515     0.023679832       3.2031093       3.2038717    -0.023794937
       3.9026973     0.027865346     0.022449232       3.4038021       3.4047161    -0.026845116
       4.1322677     0.027205454     0.021151631       3.6045859       3.6056704    -0.030075298
       4.3618381     0.026511352     0.019788387       3.8054663       3.8067410    -0.033484609
       4.5914086     0.025783584     0.018360939       4.0064487       4.0079345    -0.037072122
       4.8209790     0.025022716     0.016870814       4.2075387       4.2092576    -0.040836855
       5.0505494     0.024229344     0.015319621       4.4087418       4.4107168    -0.044777771
       5.2801198     0.023404089     0.013709059       4.6100636       4.6123187    -0.048893774
       5.5096903     0.022547594     0.012040911       4.8115097       4.8140700    -0.053183713
       5.7392607     0.021660531     0.010317052       5.0130858       5.0159773    -0.057646375
       5.9688311     0.020743592  8.5394458E-003       5.2147975       5.2180473    -0.062280490
       6.1984016     0.019797495  6.7101481E-003       5.4166505       5.4202867    -0.067084727
       6.4279720     0.018822979  4.8313079E-003       5.6186505       5.6227021    -0.072057694
       6.6575424     0.017820803  2.9051690E-003       5.8208034       5.8253004    -0.077197933
       6.8871128     0.016791751  9.3407205E-004       6.0231148       6.0280882    -0.082503925
       7.1166833     0.015736624 -1.0795447E-003       6.2255907       6.2310725    -0.087974084
       7.3462537     0.014656243 -3.1331428E-003       6.4282370       6.4342599    -0.093606759
       7.5758241     0.013551445 -5.2240816E-003       6.6310595       6.6376574    -0.099400230
       7.8053945     0.012423087 -7.3496170E-003       6.8340643       6.8412717     -0.10535271
       8.0349650     0.011272039 -9.5068983E-003       7.0372572       7.0451099     -0.11146233
       8.2645354     0.010099188    -0.011692967       7.2406445       7.2491787     -0.11772716
       8.4941058  8.9054315E-003    -0.013904753       7.4442321       7.4534853     -0.12414520
       8.7236763  7.6916799E-003    -0.016139075       7.6480263       7.6580365     -0.13071436
       8.9532467  6.4588536E-003    -0.018392634       7.8520332       7.8628393     -0.13743249
       9.1828171  5.2078810E-003    -0.020662014       8.0562592       8.0679009     -0.14429733
       9.4123875  3.9396979E-003    -0.022943676       8.2607104       8.2732284     -0.15130658
       9.6419580  2.6552437E-003    -0.025233960       8.4653933       8.4788287     -0.15845783
       9.8715284  1.3554617E-003    -0.027529077       8.6703144       8.6847092     -0.16574860
       10.101099  4.1294818E-005    -0.029825106       8.8754801       8.8908769     -0.17317629
       10.330669 -1.2863155E-003    -0.032117996       9.0808969       9.0973392     -0.18073826
       10.560240 -2.6264320E-003    -0.034403556       9.2865715       9.3041033     -0.18843175
       10.789810 -3.9781246E-003    -0.036677453       9.4925105       9.5111766     -0.19625390
       11.019381 -5.3404732E-003    -0.038935212       9.6987208       9.7185663     -0.20420177
       11.248951 -6.7125702E-003    -0.041172207       9.9052091       9.9262799     -0.21227232
       11.478521 -8.0935246E-003    -0.043383658       10.111982       10.134325     -0.22046240
       11.708092 -9.4824647E-003    -0.045564629       10.319048       10.342709     -0.22876877
       11.937662    -0.010878543    -0.047710021       10.526412       10.551439     -0.23718807
       12.167233    -0.012280938    -0.049814565       10.734082       10.760523     -0.24571684
       12.396803    -0.013688862    -0.051872823       10.942066       10.969968     -0.25435150
       12.626374    -0.015101564    -0.053879176       11.150370       11.179783     -0.26308837
       12.855944    -0.016518331    -0.055827823       11.359003       11.389975     -0.27192363
       13.085514    -0.017938500    -0.057712771       11.567971       11.600552     -0.28085338
       13.315085    -0.019361459    -0.059527833       11.777282       11.811521     -0.28987354
       13.544655    -0.020786657    -0.061266618       11.986944       12.022890     -0.29897995
       13.774226    -0.022213604    -0.062922524       12.196965       12.234668     -0.30816830
       14.003796    -0.023641888    -0.064488735       12.407352       12.446863     -0.31743415
       14.233367    -0.025071174    -0.065958208       12.618114       12.659482     -0.32677293
       14.462937    -0.026501214    -0.067323667       12.829259       12.872534     -0.33617990
       14.692507    -0.027931859    -0.068577594       13.040795       13.086026     -0.34565022
       14.922078    -0.029363066    -0.069712224       13.252729       13.299968     -0.35517888
       15.151648    -0.030794908    -0.070719528       13.465072       13.514367     -0.36476070
       15.381219    -0.032227585    -0.071591209       13.677831       13.729232     -0.37439038
       15.610789    -0.033661439    -0.072318690       13.891015       13.944571     -0.38406245
       15.840360    -0.035096961    -0.072893100       14.104633       14.160392     -0.39377125
       16.069930    -0.036534811    -0.073305268       14.318693       14.376705     -0.40351100
       16.299500    -0.037975828    -0.073545706       14.533206       14.593518     -0.41327571
       16.529071    -0.039421046    -0.073604595       14.748181       14.810839     -0.42305922
       16.758641    -0.040871715    -0.073471777       14.963626       15.028678     -0.43285522
       16.988212    -0.042329316    -0.073136735       15.179551       15.247043     -0.44265719
       17.217782    -0.043795584    -0.072588578       15.395967       15.465944     -0.45245843
       17.447353    -0.045272527    -0.071816027       15.612882       15.685388     -0.46225204
       17.676923    -0.046762449    -0.070807395       15.830308       15.905387     -0.47203094
       17.906493    -0.048267979    -0.069550572       16.048254       16.125947     -0.48178784
       18.136064    -0.049792096    -0.068032999       16.266731       16.347080     -0.49151527
       18.365634    -0.051338159    -0.066241655       16.485750       16.568793     -0.50120551
       18.595205    -0.052909938    -0.064163027       16.705320       16.791098     -0.51085067
       18.824775    -0.054511654    -0.061783092       16.925454       17.014002     -0.52044263
       19.054346    -0.056148010    -0.059087290       17.146162       17.237517     -0.52997306
       19.283916    -0.057824239    -0.056060493       17.367456       17.461650     -0.53943341
       19.513486    -0.059546143    -0.052686985       17.589348       17.686413     -0.54881489
       19.743057    -0.061320149    -0.048950422       17.811848       17.911816     -0.55810853
       19.972627    -0.063153356    -0.044833805       18.034970       18.137867     -0.56730509
       20.202198    -0.065053597    -0.040319441       18.258726       18.364578     -0.57639513
       20.431768    -0.067029501    -0.035388909       18.483127       18.591958     -0.58536899
       20.661339    -0.069090565    -0.030023016       18.708187       18.820019     -0.59421677
       20.890909    -0.071247225    -0.024201756       18.933918       19.048769     -0.60292836
       21.120479    -0.073510948    -0.017904261       19.160335       19.278220     -0.61149341
       21.350050    -0.075894312    -0.011108752       19.387450       19.508382     -0.61990140
       21.579620    -0.078411119 -3.7924846E-003       19.615276       19.739267     -0.62814155
       21.809191    -0.081076494  4.0683107E-003       19.843829       19.970884     -0.63620291
       22.038761    -0.083907016     0.012498491       20.073122       20.203246     -0.64407433
       22.268331    -0.086920844     0.021524070       20.303169       20.436362     -0.65174450
       22.497902    -0.090137872     0.031172293       20.533986       20.670245     -0.65920192
       22.727472    -0.093579887     0.041471716       20.765587       20.904905     -0.66643495
       22.957043    -0.097270755     0.052452296       20.997988       21.140354     -0.67343185

Table series: Data for wavelength : 0.587562 µm.
   Y Angle (deg)       Tan Shift       Sag Shift     Real Height     Ref. Height      Distortion
  --------------  --------------  --------------  --------------  --------------  --------------
      0.00000000     0.055150970     0.055150970      0.00000000      0.00000000      0.00000000
      0.22957043     0.055127994     0.055109704      0.20002177      0.20002196 -9.5250072E-005
      0.45914086     0.055067832     0.054985944      0.40004882      0.40005034 -3.8101908E-004
      0.68871128     0.054970538     0.054779799      0.60008642      0.60009157 -8.5722170E-004
      0.91828171     0.054836202     0.054491457      0.80013988      0.80015207 -1.5237538E-003
       1.1478521     0.054664951     0.054121175       1.0002145       1.0002383 -2.3804199E-003
       1.3774226     0.054456945     0.053669288       1.2003155       1.2003566 -3.4270206E-003
       1.6069930     0.054212381     0.053136205       1.4004482       1.4005135 -4.6632940E-003
       1.8365634     0.053931491     0.052522409       1.6006179       1.6007154 -6.0889300E-003
       2.0661339     0.053614542     0.051828458       1.8008300       1.8009687 -7.7035700E-003
       2.2957043     0.053261836     0.051054988       2.0010897       2.0012800 -9.5068068E-003
       2.5252747     0.052873712     0.050202708       2.2014024       2.2016556    -0.011498184
       2.7548451     0.052450541     0.049272404       2.4017735       2.4021020    -0.013677197
       2.9844156     0.051992732     0.048264941       2.6022082       2.6026258    -0.016043288
       3.2139860     0.051500726     0.047181261       2.8027120       2.8032333    -0.018595853
       3.4435564     0.050975001     0.046022381       3.0032903       3.0039311    -0.021334236
       3.6731268     0.050416067     0.044789402       3.2039484       3.2047257    -0.024257726
       3.9026973     0.049824470     0.043483500       3.4046917       3.4056237    -0.027365566
       4.1322677     0.049200789     0.042105934       3.6055258       3.6066315    -0.030656942
       4.3618381     0.048545638     0.040658044       3.8064561       3.8077557    -0.034130988
       4.5914086     0.047859663     0.039141250       4.0074881       4.0090029    -0.037786784
       4.8209790     0.047143544     0.037557059       4.2086272       4.2103797    -0.041623355
       5.0505494     0.046397995     0.035907059       4.4098790       4.4118926    -0.045639672
       5.2801198     0.045623760     0.034192924       4.6112491       4.6135482    -0.049834647
       5.5096903     0.044821618     0.032416415       4.8127430       4.8153533    -0.054207137
       5.7392607     0.043992379     0.030579379       5.0143664       5.0173144    -0.058755937
       5.9688311     0.043136883     0.028683755       5.2161250       5.2194383    -0.063479788
       6.1984016     0.042256004     0.026731568       5.4180243       5.4217315    -0.068377365
       6.4279720     0.041350643     0.024724940       5.6200701       5.6242009    -0.073447285
       6.6575424     0.040421735     0.022666081       5.8222682       5.8268532    -0.078688102
       6.8871128     0.039470242     0.020557300       6.0246243       6.0296951    -0.084098304
       7.1166833     0.038497155     0.018401000       6.2271442       6.2327335    -0.089676316
       7.3462537     0.037503493     0.016199684       6.4298338       6.4359751    -0.095420495
       7.5758241     0.036490306     0.013955953       6.6326991       6.6394267     -0.10132913
       7.8053945     0.035458665     0.011672513       6.8357459       6.8430954     -0.10740044
       8.0349650     0.034409672  9.3521722E-003       7.0389802       7.0469879     -0.11363258
       8.2645354     0.033344453  6.9978462E-003       7.2424081       7.2511111     -0.12002362
       8.4941058     0.032264155  4.6125574E-003       7.4460356       7.4554721     -0.12657156
       8.7236763     0.031169953  2.1994431E-003       7.6498689       7.6600778     -0.13327434
       8.9532467     0.030063042 -2.3824965E-004       7.8539142       7.8649353     -0.14012980
       9.1828171     0.028944636 -2.6971564E-003       8.0581776       8.0700516     -0.14713570
       9.4123875     0.027815973 -5.1737940E-003       8.2626656       8.2754337     -0.15428974
       9.6419580     0.026678305 -7.6645575E-003       8.4673843       8.4810889     -0.16158953
       9.8715284     0.025532903    -0.010165717       8.6723403       8.6870242     -0.16903257
       10.101099     0.024381055    -0.012673417       8.8775400       8.8932470     -0.17661631
       10.330669     0.023224059    -0.015183667       9.0829900       9.0997643     -0.18433808
       10.560240     0.022063228    -0.017692345       9.2886967       9.3065835     -0.19219514
       10.789810     0.020899884    -0.020195190       9.4946670       9.5137119     -0.20018463
       11.019381     0.019735355    -0.022687799       9.7009074       9.7211569     -0.20830363
       11.248951     0.018570978    -0.025165625       9.9074249       9.9289259     -0.21654908
       11.478521     0.017408091    -0.027623968       10.114226       10.137026     -0.22491785
       11.708092     0.016248033    -0.030057975       10.321319       10.345466     -0.23340669
       11.937662     0.015092141    -0.032462636       10.528709       10.554251     -0.24201224
       12.167233     0.013941748    -0.034832775       10.736404       10.763391     -0.25073103
       12.396803     0.012798176    -0.037163047       10.944411       10.972892     -0.25955950
       12.626374     0.011662737    -0.039447937       11.152738       11.182763     -0.26849395
       12.855944     0.010536726    -0.041681747       11.361392       11.393011     -0.27753055
       13.085514  9.4214234E-003    -0.043858594       11.570380       11.603644     -0.28666538
       13.315085  8.3180794E-003    -0.045972407       11.779710       11.814669     -0.29589437
       13.544655  7.2279192E-003    -0.048016913       11.989390       12.026095     -0.30521333
       13.774226  6.1521329E-003    -0.049985640       12.199427       12.237930     -0.31461794
       14.003796  5.0918731E-003    -0.051871901       12.409829       12.450181     -0.32410373
       14.233367  4.0482492E-003    -0.053668791       12.620605       12.662857     -0.33366610
       14.462937  3.0223120E-003    -0.055369180       12.831762       12.875965     -0.34330030
       14.692507  2.0150629E-003    -0.056965702       13.043309       13.089515     -0.35300144
       14.922078  1.0274362E-003    -0.058450749       13.255253       13.303513     -0.36276447
       15.151648  6.0292315E-005    -0.059816461       13.467604       13.517969     -0.37258419
       15.381219 -8.8558846E-004    -0.061054716       13.680369       13.732891     -0.38245523
       15.610789 -1.8095181E-003    -0.062157119       13.893559       13.948288     -0.39237207
       15.840360 -2.7109036E-003    -0.063114995       14.107180       14.164167     -0.40232900
       16.069930 -3.5892680E-003    -0.063919373       14.321244       14.380537     -0.41232015
       16.299500 -4.4442543E-003    -0.064560979       14.535757       14.597408     -0.42233947
       16.529071 -5.2756402E-003    -0.065030220       14.750731       14.814787     -0.43238072
       16.758641 -6.0833514E-003    -0.065317173       14.966174       15.032684     -0.44243749
       16.988212 -6.8674760E-003    -0.065411568       15.182096       15.251108     -0.45250316
       17.217782 -7.6282795E-003    -0.065302778       15.398506       15.470066     -0.46257090
       17.447353 -8.3662229E-003    -0.064979799       15.615415       15.689570     -0.47263371
       17.676923 -9.0819806E-003    -0.064431236       15.832833       15.909626     -0.48268436
       17.906493 -9.7764593E-003    -0.063645285       16.050770       16.130246     -0.49271541
       18.136064    -0.010450821    -0.062609712       16.269235       16.351437     -0.50271921
       18.365634    -0.011106507    -0.061311837       16.488241       16.573210     -0.51268788
       18.595205    -0.011745259    -0.059738512       16.707798       16.795574     -0.52261330
       18.824775    -0.012369153    -0.057876096       16.927916       17.018538     -0.53248714
       19.054346    -0.012980625    -0.055710435       17.148607       17.242112     -0.54230083
       19.283916    -0.013582502    -0.053226832       17.369883       17.466305     -0.55204554
       19.513486    -0.014178044    -0.050410026       17.591755       17.691128     -0.56171221
       19.743057    -0.014770978    -0.047244157       17.814234       17.916590     -0.57129152
       19.972627    -0.015365538    -0.043712742       18.037334       18.142702     -0.58077389
       20.202198    -0.015966517    -0.039798633       18.261066       18.369473     -0.59014950
       20.431768    -0.016579314    -0.035483992       18.485443       18.596914     -0.59940825
       20.661339    -0.017209986    -0.030750245       18.710478       18.825035     -0.60853978
       20.890909    -0.017865315    -0.025578046       18.936183       19.053847     -0.61753346
       21.120479    -0.018552867    -0.019947233       19.162572       19.283359     -0.62637841
       21.350050    -0.019281067    -0.013836778       19.389659       19.513583     -0.63506347
       21.579620    -0.020059280 -7.2247419E-003       19.617457       19.744529     -0.64357719
       21.809191    -0.020897894 -8.8216819E-005       19.845982       19.976208     -0.65190789
       22.038761    -0.021808419  7.5967314E-003       20.075246       20.208631     -0.66004361
       22.268331    -0.022803590     0.015855126       20.305264       20.441810     -0.66797213
       22.497902    -0.023897485     0.024713149       20.536053       20.675755     -0.67568097
       22.727472    -0.025105652     0.034198213       20.767626       20.910478     -0.68315743
       22.957043    -0.026445252     0.044339042       21.000000       21.145989     -0.69038855

Table series: Data for wavelength : 0.656273 µm.
   Y Angle (deg)       Tan Shift       Sag Shift     Real Height     Ref. Height      Distortion
  --------------  --------------  --------------  --------------  --------------  --------------
      0.00000000      0.11703131      0.11703131      0.00000000      0.00000000      0.00000000
      0.22957043      0.11700844      0.11698919      0.20007667      0.20007697 -1.5113201E-004
      0.45914086      0.11694950      0.11686287      0.40015861      0.40016036 -4.3861624E-004
      0.68871128      0.11685454      0.11665247      0.60025110      0.60025660 -9.1767785E-004
      0.91828171      0.11672366      0.11635815      0.80035941      0.80037212 -1.5882294E-003
       1.1478521      0.11655700      0.11598020       1.0004888       1.0005133 -2.4500434E-003
       1.3774226      0.11635472      0.11551893       1.2006447       1.2006867 -3.5029376E-003
       1.6069930      0.11611704      0.11497475       1.4008322       1.4008986 -4.7466508E-003
       1.8365634      0.11584420      0.11434815       1.6010566       1.6011556 -6.1808740E-003
       2.0661339      0.11553649      0.11363969       1.8013234       1.8014640 -7.8052500E-003
       2.2957043      0.11519423      0.11284999       2.0016378       2.0018304 -9.6193730E-003
       2.5252747      0.11481777      0.11197976       2.2020051       2.2022611    -0.011622788
       2.7548451      0.11440753      0.11102980       2.4024307       2.4027626    -0.013814992
       2.9844156      0.11396393      0.11000095       2.6029199       2.6033415    -0.016195430
       3.2139860      0.11348744      0.10889416       2.8034781       2.8040042    -0.018763498
       3.4435564      0.11297858      0.10771044       3.0041107       3.0047573    -0.021518543
       3.6731268      0.11243788      0.10645090       3.2048230       3.2056071    -0.024459859
       3.9026973      0.11186595      0.10511669       3.4056206       3.4065603    -0.027586687
       4.1322677      0.11126339      0.10370909       3.6065087       3.6076234    -0.030898218
       4.3618381      0.11063086      0.10222941       3.8074929       3.8088029    -0.034393589
       4.5914086      0.10996906      0.10067909       4.0085788       4.0101055    -0.038071882
       4.8209790      0.10927871     0.099059617       4.2097716       4.2115376    -0.041932126
       5.0505494      0.10856058     0.097372577       4.4110771       4.4131059    -0.045973294
       5.2801198      0.10781547     0.095619639       4.6125007       4.6148170    -0.050194302
       5.5096903      0.10704422     0.093802559       4.8140480       4.8166776    -0.054594009
       5.7392607      0.10624771     0.091923177       5.0157246       5.0186943    -0.059171215
       5.9688311      0.10542682     0.089983424       5.2175363       5.2208737    -0.063924663
       6.1984016      0.10458252     0.087985322       5.4194885       5.4232226    -0.068853034
       6.4279720      0.10371577     0.085930981       5.6215872       5.6257477    -0.073954947
       6.6575424      0.10282758     0.083822607       5.8238379       5.8284557    -0.079228959
       6.8871128      0.10191900     0.081662499       6.0262464       6.0313534    -0.084673563
       7.1166833      0.10099110     0.079453052       6.2288187       6.2344476    -0.090287188
       7.3462537      0.10004498     0.077196759       6.4315604       6.4377451    -0.096068195
       7.5758241     0.099081789     0.074896214       6.6344776       6.6412527     -0.10201488
       7.8053945     0.098102695     0.072554110       6.8375762       6.8449773     -0.10812546
       8.0349650     0.097108898     0.070173245       7.0408621       7.0489259     -0.11439809
       8.2645354     0.096101628     0.067756527       7.2443413       7.2531053     -0.12083086
       8.4941058     0.095082145     0.065306964       7.4480200       7.4575225     -0.12742176
       8.7236763     0.094051737     0.062827682       7.6519042       7.6621845     -0.13416873
       8.9532467     0.093011718     0.060321914       7.8560002       7.8670983     -0.14106963
       9.1828171     0.091963429     0.057793012       8.0603141       8.0722710     -0.14812222
       9.4123875     0.090908238     0.055244445       8.2648523       8.2777096     -0.15532420
       9.6419580     0.089847534     0.052679803       8.4696211       8.4834213     -0.16267317
       9.8715284     0.088782731     0.050102800       8.6746268       8.6894133     -0.17016666
       10.101099     0.087715264     0.047517277       8.8798760       8.8956928     -0.17780211
       10.330669     0.086646589     0.044927205       9.0853752       9.1022669     -0.18557685
       10.560240     0.085578179     0.042336688       9.2911309       9.3091430     -0.19348814
       10.789810     0.084511526     0.039749970       9.4971498       9.5163284     -0.20153313
       11.019381     0.083448137     0.037171432       9.7034387       9.7238304     -0.20970890
       11.248951     0.082389530     0.034605603       9.9100043       9.9316565     -0.21801239
       11.478521     0.081337236     0.032057159       10.116853       10.139814     -0.22644048
       11.708092     0.080292797     0.029530930       10.323993       10.348311     -0.23498990
       11.937662     0.079257759     0.027031903       10.531431       10.557154     -0.24365731
       12.167233     0.078233673     0.024565228       10.739173       10.766351     -0.25243925
       12.396803     0.077222091     0.022136222       10.947227       10.975910     -0.26133213
       12.626374     0.076224564     0.019750375       11.155600       11.185839     -0.27033225
       12.855944     0.075242638     0.017413354       11.364299       11.396144     -0.27943581
       13.085514     0.074277848     0.015131009       11.573333       11.606835     -0.28863886
       13.315085     0.073331725     0.012909382       11.782709       11.817918     -0.29793733
       13.544655     0.072405774     0.010754709       11.992433       12.029403     -0.30732703
       13.774226     0.071501485  8.6734273E-003       12.202515       12.241296     -0.31680363
       14.003796     0.070620322  6.6721860E-003       12.412961       12.453605     -0.32636266
       14.233367     0.069763718  4.7578492E-003       12.623780       12.666339     -0.33599950
       14.462937     0.068933072  2.9375056E-003       12.834981       12.879506     -0.34570940
       14.692507     0.068129735  1.2184761E-003       13.046570       13.093115     -0.35548746
       14.922078     0.067355017 -3.9167768E-004       13.258557       13.307172     -0.36532861
       15.151648     0.066610171 -1.8851447E-003       13.470950       13.521687     -0.37522763
       15.381219     0.065896386 -3.2538547E-003       13.683757       13.736668     -0.38517915
       15.610789     0.065214782 -4.4894688E-003       13.896988       13.952124     -0.39517762
       15.840360     0.064566398 -5.5833687E-003       14.110651       14.168062     -0.40521731
       16.069930     0.063952189 -6.5266461E-003       14.324755       14.384492     -0.41529233
       16.299500     0.063373006 -7.3100905E-003       14.539309       14.601423     -0.42539660
       16.529071     0.062829591 -7.9241775E-003       14.754322       14.818862     -0.43552385
       16.758641     0.062322567 -8.3590559E-003       14.969804       15.036819     -0.44566764
       16.988212     0.061852419 -8.6045335E-003       15.185765       15.255302     -0.45582130
       17.217782     0.061419486 -8.6500631E-003       15.402214       15.474321     -0.46597798
       17.447353     0.061023941 -8.4847270E-003       15.619161       15.693885     -0.47613062
       17.676923     0.060665779 -8.0972208E-003       15.836616       15.914002     -0.48627195
       17.906493     0.060344794 -7.4758363E-003       16.054590       16.134682     -0.49639447
       18.136064     0.060060567 -6.6084433E-003       16.273093       16.355934     -0.50649046
       18.365634     0.059812437 -5.4824700E-003       16.492135       16.577768     -0.51655199
       18.595205     0.059599483 -4.0848826E-003       16.711728       16.800193     -0.52657086
       18.824775     0.059420499 -2.4021637E-003       16.931882       17.023218     -0.53653867
       19.054346     0.059273966 -4.2028847E-004       17.152609       17.246853     -0.54644675
       19.283916     0.059158021  1.8752994E-003       17.373919       17.471109     -0.55628617
       19.513486     0.059070429  4.4997146E-003       17.595826       17.695993     -0.56604777
       19.743057     0.059008545  7.4686581E-003       17.818340       17.921518     -0.57572211
       19.972627     0.058969278     0.010798447       18.041473       18.147692     -0.58529950
       20.202198     0.058949048     0.014506048       18.265239       18.374525     -0.59476995
       20.431768     0.058943741     0.018609108       18.489650       18.602029     -0.60412323
       20.661339     0.058948661     0.023125995       18.714718       18.830213     -0.61334881
       20.890909     0.058958473     0.028075838       18.940456       19.059087     -0.62243587
       21.120479     0.058967147     0.033478562       19.166879       19.288662     -0.63137332
       21.350050     0.058967890     0.039354943       19.393999       19.518949     -0.64014979
       21.579620     0.058953075     0.045726649       19.621830       19.749959     -0.64875358
       21.809191     0.058914165     0.052616299       19.850388       19.981702     -0.65717275
       22.038761     0.058841622     0.060047514       20.079685       20.214189     -0.66539504
       22.268331     0.058724818     0.068044981       20.309737       20.447432     -0.67340790
       22.497902     0.058551922     0.076634518       20.540559       20.681441     -0.68119852
       22.727472     0.058309791     0.085843148       20.772167       20.916228     -0.68875380
       22.957043     0.057983840     0.095699171       21.004576       21.151805     -0.69606034
