Results for:	
File:	C:\Users\User\OneDrive - Massachusetts Institute of Technology\Documents\MIT\Grad School\Classes\2.156\Lens Project\Prime Lenses\US006115188_Example01P.zmx
Title:	US 6,115,188 Example 1 (Canon EF300mm f2.8L IS USM)
Date:	11/7/2025 5:39:28 PM

0 message(s) in output.
3 series table(s) in output.

Table series: Data for wavelength : 0.486133 µm.
   Y Angle (deg)       Tan Shift       Sag Shift     Real Height     Ref. Height      Distortion
  --------------  --------------  --------------  --------------  --------------  --------------
      0.00000000      0.17214232      0.17214232      0.00000000      0.00000000      0.00000000
     0.041890507      0.17214536      0.17213874      0.21454058      0.21454072 -6.0708503E-005
     0.083781015      0.17215085      0.17212800      0.42908228      0.42908166  1.4359158E-004
      0.12567152      0.17215873      0.17211012      0.64362618      0.64362306  4.8406652E-004
      0.16756203      0.17216896      0.17208512      0.85817340      0.85816515  9.6067852E-004
      0.20945254      0.17218144      0.17205303       1.0727250       1.0727082  1.5733746E-003
      0.25134304      0.17219606      0.17201389       1.2872822       1.2872523  2.3220867E-003
      0.29323355      0.17221269      0.17196776       1.5018460       1.5017978  3.2067085E-003
      0.33512406      0.17223116      0.17191470       1.7164175       1.7163450  4.2271871E-003
      0.37701457      0.17225128      0.17185477       1.9309979       1.9308940  5.3833854E-003
      0.41890507      0.17227284      0.17178805       2.1455882       2.1454450  6.6751741E-003
      0.46079558      0.17229560      0.17171463       2.3601895       2.3599983  8.1024081E-003
      0.50268609      0.17231929      0.17163461       2.5748030       2.5745542  9.6649268E-003
      0.54457659      0.17234361      0.17154810       2.7894297       2.7891128     0.011362554
      0.58646710      0.17236825      0.17145521       3.0040707       3.0036744     0.013195097
      0.62835761      0.17239285      0.17135607       3.2187271       3.2182392     0.015162348
      0.67024812      0.17241704      0.17125082       3.4334001       3.4328074     0.017264082
      0.71213862      0.17244042      0.17113960       3.6480906       3.6473793     0.019500059
      0.75402913      0.17246256      0.17102256       3.8627997       3.8619551     0.021870022
      0.79591964      0.17248299      0.17089988       4.0775287       4.0765351     0.024373697
      0.83781015      0.17250122      0.17077173       4.2922784       4.2911194     0.027010794
      0.87970065      0.17251674      0.17063829       4.5070501       4.5057083     0.029781004
      0.92159116      0.17252900      0.17049976       4.7218448       4.7203020     0.032684004
      0.96348167      0.17253742      0.17035635       4.9366635       4.9349007     0.035719451
       1.0053722      0.17254138      0.17020827       5.1515072       5.1495048     0.038886985
       1.0472627      0.17254025      0.17005575       5.3663772       5.3641143     0.042186228
       1.0891532      0.17253335      0.16989904       5.5812744       5.5787296     0.045616785
       1.1310437      0.17251997      0.16973836       5.7961999       5.7933508     0.049178240
       1.1729342      0.17249938      0.16957400       6.0111547       6.0079783     0.052870162
       1.2148247      0.17247079      0.16940621       6.2261399       6.2226121     0.056692097
       1.2567152      0.17243340      0.16923528       6.4411564       6.4372526     0.060643574
       1.2986057      0.17238636      0.16906150       6.6562054       6.6519000     0.064724101
       1.3404962      0.17232879      0.16888518       6.8712879       6.8665546     0.068933168
       1.3823867      0.17225975      0.16870663       7.0864049       7.0812164     0.073270243
       1.4242772      0.17217830      0.16852617       7.3015573       7.2958859     0.077734773
       1.4661678      0.17208343      0.16834416       7.5167463       7.5105631     0.082326185
       1.5080583      0.17197410      0.16816093       7.7319728       7.7252484     0.087043884
       1.5499488      0.17184922      0.16797686       7.9472377       7.9399419     0.091887252
       1.5918393      0.17170767      0.16779232       8.1625422       8.1546440     0.096855651
       1.6337298      0.17154827      0.16760769       8.3778872       8.3693547      0.10194842
       1.6756203      0.17136980      0.16742339       8.5932736       8.5840745      0.10716487
       1.7175108      0.17117100      0.16723982       8.8087024       8.7988034      0.11250429
       1.7594013      0.17095055      0.16705741       9.0241746       9.0135417      0.11796595
       1.8012918      0.17070707      0.16687661       9.2396911       9.2282896      0.12354910
       1.8431823      0.17043915      0.16669786       9.4552529       9.4430475      0.12925294
       1.8850728      0.17014532      0.16652163       9.6708609       9.6578154      0.13507667
       1.9269633      0.16982403      0.16634842       9.8865160       9.8725937      0.14101945
       1.9688538      0.16947371      0.16617871       10.102219       10.087383      0.14708042
       2.0107443      0.16909269      0.16601301       10.317971       10.302182      0.15325869
       2.0526349      0.16867927      0.16585186       10.533773       10.516993      0.15955333
       2.0945254      0.16823166      0.16569579       10.749626       10.731815      0.16596341
       2.1364159      0.16774802      0.16554535       10.965530       10.946648      0.17248794
       2.1783064      0.16722643      0.16540112       11.181487       11.161493      0.17912592
       2.2201969      0.16666490      0.16526369       11.397496       11.376350      0.18587630
       2.2620874      0.16606136      0.16513365       11.613560       11.591220      0.19273802
       2.3039779      0.16541366      0.16501164       11.829679       11.806101      0.19970996
       2.3458684      0.16471958      0.16489827       12.045854       12.020996      0.20679100
       2.3877589      0.16397680      0.16479420       12.262085       12.235903      0.21397997
       2.4296494      0.16318292      0.16470011       12.478374       12.450823      0.22127565
       2.4715399      0.16233544      0.16461668       12.694721       12.665757      0.22867680
       2.5134304      0.16143178      0.16454461       12.911126       12.880704      0.23618215
       2.5553209      0.16046923      0.16448462       13.127591       13.095665      0.24379037
       2.5972115      0.15944500      0.16443746       13.344116       13.310640      0.25150011
       2.6391020      0.15835618      0.16440388       13.560703       13.525629      0.25930997
       2.6809925      0.15719974      0.16438465       13.777351       13.740633      0.26721852
       2.7228830      0.15597255      0.16438059       13.994061       13.955652      0.27522428
       2.7647735      0.15467134      0.16439249       14.210834       14.170685      0.28332572
       2.8066640      0.15329271      0.16442119       14.427671       14.385734      0.29152128
       2.8485545      0.15183312      0.16446755       14.644572       14.600798      0.29980934
       2.8904450      0.15028891      0.16453245       14.861538       14.815878      0.30818825
       2.9323355      0.14865624      0.16461677       15.078570       15.030973      0.31665630
       2.9742260      0.14693114      0.16472144       15.295667       15.246085      0.32521173
       3.0161165      0.14510947      0.16484740       15.512831       15.461213      0.33385274
       3.0580070      0.14318691      0.16499559       15.730061       15.676357      0.34257745
       3.0998975      0.14115898      0.16516701       15.947359       15.891519      0.35138397
       3.1417880      0.13902100      0.16536266       16.164725       16.106697      0.36027033
       3.1836786      0.13676810      0.16558355       16.382159       16.321893      0.36923449
       3.2255691      0.13439521      0.16583075       16.599662       16.537106      0.37827437
       3.2674596      0.13189705      0.16610533       16.817234       16.752337      0.38738784
       3.3093501      0.12926810      0.16640837       17.034875       16.967586      0.39657268
       3.3512406      0.12650264      0.16674099       17.252586       17.182853      0.40582662
       3.3931311      0.12359466      0.16710435       17.470367       17.398139      0.41514734
       3.4350216      0.12053795      0.16749961       17.688218       17.613443      0.42453243
       3.4769121      0.11732597      0.16792796       17.906140       17.828766      0.43397941
       3.5188026      0.11395196      0.16839062       18.124132       18.044109      0.44348575
       3.5606931      0.11040883      0.16888883       18.342195       18.259470      0.45304883
       3.6025836      0.10668918      0.16942387       18.560328       18.474851      0.46266595
       3.6444741      0.10278532      0.16999702       18.778533       18.690253      0.47233435
       3.6863646     0.098689190      0.17060962       18.996809       18.905674      0.48205117
       3.7282551     0.094392391      0.17126300       19.215155       19.121115      0.49181348
       3.7701457     0.089886154      0.17195854       19.433573       19.336577      0.50161826
       3.8120362     0.085161319      0.17269765       19.652061       19.552060      0.51146240
       3.8539267     0.080208323      0.17348176       19.870620       19.767563      0.52134270
       3.8958172     0.075017174      0.17431233       20.089250       19.983088      0.53125587
       3.9377077     0.069577436      0.17519084       20.307949       20.198635      0.54119852
       3.9795982     0.063878204      0.17611880       20.526719       20.414203      0.55116715
       4.0214887     0.057908085      0.17709777       20.745559       20.629793      0.56115818
       4.0633792     0.051655170      0.17812931       20.964467       20.845405      0.57116789
       4.1052697     0.045107014      0.17921502       21.183445       21.061040      0.58119249
       4.1471602     0.038250607      0.18035654       21.402491       21.276697      0.59122803
       4.1890507     0.031072349      0.18155553       21.621604       21.492377      0.60127049

Table series: Data for wavelength : 0.587562 µm.
   Y Angle (deg)       Tan Shift       Sag Shift     Real Height     Ref. Height      Distortion
  --------------  --------------  --------------  --------------  --------------  --------------
      0.00000000  2.0279292E-003  2.0279292E-003      0.00000000      0.00000000      0.00000000
     0.041890507  2.0270076E-003  2.0229356E-003      0.21465521      0.21465506  7.0985835E-005
     0.083781015  2.0203851E-003  2.0079596E-003      0.42931157      0.42931035  2.8393560E-004
      0.12567152  2.0080310E-003  1.9830154E-003      0.64397021      0.64396610  6.3882789E-004
      0.16756203  1.9898927E-003  1.9481268E-003      0.85863229      0.85862254  1.1356267E-003
      0.20945254  1.9658955E-003  1.9033269E-003       1.0732989       1.0732799  1.7742815E-003
      0.25134304  1.9359425E-003  1.8486586E-003       1.2879713       1.2879384  2.5547274E-003
      0.29323355  1.8999147E-003  1.7841742E-003       1.5026505       1.5025983  3.4768847E-003
      0.33512406  1.8576711E-003  1.7099355E-003       1.7173377       1.7172598  4.5406598E-003
      0.37701457  1.8090479E-003  1.6260141E-003       1.9320341       1.9319231  5.7459439E-003
      0.41890507  1.7538590E-003  1.5324912E-003       2.1467407       2.1465885  7.0926134E-003
      0.46079558  1.6918957E-003  1.4294576E-003       2.3614588       2.3612562  8.5805301E-003
      0.50268609  1.6229262E-003  1.3170140E-003       2.5761894       2.5759264     0.010209541
      0.54457659  1.5466962E-003  1.1952708E-003       2.7909336       2.7905993     0.011979478
      0.58646710  1.4629274E-003  1.0643482E-003       3.0056927       3.0052753     0.013890157
      0.62835761  1.3713188E-003  9.2437654E-004       3.2204677       3.2199544     0.015941381
      0.67024812  1.2715453E-003  7.7549600E-004       3.4352598       3.4346370     0.018132935
      0.71213862  1.1632579E-003  6.1785688E-004       3.6500701       3.6493233     0.020464589
      0.75402913  1.0460833E-003  4.5161958E-004       3.8648997       3.8640135     0.022936098
      0.79591964  9.1962349E-004  2.7695496E-004       4.0797498       4.0787078     0.025547202
      0.83781015  7.8345585E-004  9.4044011E-005       4.2946214       4.2934065     0.028297622
      0.87970065  6.3713239E-004 -9.6921775E-005       4.5095157       4.5081097     0.031187066
      0.92159116  4.8017897E-004 -2.9574035E-004       4.7244337       4.7228178     0.034215223
      0.96348167  3.1209608E-004 -5.0219903E-004       4.9393767       4.9375309     0.037381767
       1.0053722  1.3235692E-004 -7.1607433E-004       5.1543456       5.1522493     0.040686353
       1.0472627 -5.9591905E-005 -9.3713191E-004       5.3693416       5.3669733     0.044128621
       1.0891532 -2.6433164E-004 -1.1651264E-003       5.5843659       5.5817029     0.047708193
       1.1310437 -4.8247144E-004 -1.3998013E-003       5.7994194       5.7964386     0.051424672
       1.1729342 -7.1464920E-004 -1.6408888E-003       6.0145032       6.0111804     0.055277645
       1.2148247 -9.6153215E-004 -1.8881097E-003       6.2296186       6.2259287     0.059266678
       1.2567152 -1.2238175E-003 -2.1411731E-003       6.4447664       6.4406836     0.063391321
       1.2986057 -1.5022333E-003 -2.3997766E-003       6.6599479       6.6554454     0.067651104
       1.3404962 -1.7975386E-003 -2.6636056E-003       6.8751640       6.8702143     0.072045537
       1.3823867 -2.1105250E-003 -2.9323337E-003       7.0904159       7.0849906     0.076574112
       1.4242772 -2.4420174E-003 -3.2056223E-003       7.3057045       7.2997744     0.081236299
       1.4661678 -2.7928735E-003 -3.4831202E-003       7.5210310       7.5145661     0.086031550
       1.5080583 -3.1639871E-003 -3.7644636E-003       7.7363964       7.7293658     0.090959294
       1.5499488 -3.5562869E-003 -4.0492762E-003       7.9518017       7.9441738     0.096018939
       1.5918393 -3.9707393E-003 -4.3371683E-003       8.1672479       8.1589902      0.10120987
       1.6337298 -4.4083475E-003 -4.6277376E-003       8.3827362       8.3738154      0.10653146
       1.6756203 -4.8701548E-003 -4.9205678E-003       8.5982674       8.5886496      0.11198305
       1.7175108 -5.3572451E-003 -5.2152294E-003       8.8138427       8.8034930      0.11756394
       1.7594013 -5.8707425E-003 -5.5112789E-003       9.0294630       9.0183457      0.12327346
       1.8012918 -6.4118151E-003 -5.8082589E-003       9.2451292       9.2332081      0.12911085
       1.8431823 -6.9816759E-003 -6.1056976E-003       9.4608425       9.4480804      0.13507537
       1.8850728 -7.5815826E-003 -6.4031088E-003       9.6766037       9.6629629      0.14116625
       1.9269633 -8.2128412E-003 -6.6999915E-003       9.8924139       9.8778556      0.14738267
       1.9688538 -8.8768073E-003 -6.9958296E-003       10.108274       10.092759      0.15372381
       2.0107443 -9.5748866E-003 -7.2900918E-003       10.324185       10.307673      0.16018881
       2.0526349    -0.010308539 -7.5822314E-003       10.540147       10.522598      0.16677679
       2.0945254    -0.011079277 -7.8716857E-003       10.756163       10.737535      0.17348684
       2.1364159    -0.011888674 -8.1578761E-003       10.972232       10.952483      0.18031800
       2.1783064    -0.012738359 -8.4402071E-003       11.188355       11.167442      0.18726931
       2.2201969    -0.013630024 -8.7180678E-003       11.404534       11.382414      0.19433978
       2.2620874    -0.014565424 -8.9908292E-003       11.620770       11.597398      0.20152836
       2.3039779    -0.015546383 -9.2578455E-003       11.837062       11.812394      0.20883399
       2.3458684    -0.016574792 -9.5184532E-003       12.053413       12.027403      0.21625557
       2.3877589    -0.017652614 -9.7719712E-003       12.269822       12.242424      0.22379197
       2.4296494    -0.018781888    -0.010017700       12.486291       12.457459      0.23144203
       2.4715399    -0.019964733    -0.010254921       12.702821       12.672507      0.23920455
       2.5134304    -0.021203346    -0.010482899       12.919412       12.887569      0.24707829
       2.5553209    -0.022500012    -0.010700877       13.136065       13.102645      0.25506197
       2.5972115    -0.023857103    -0.010908079       13.352781       13.317734      0.26315428
       2.6391020    -0.025277086    -0.011103711       13.569560       13.532838      0.27135387
       2.6809925    -0.026762523    -0.011286956       13.786404       13.747957      0.27965935
       2.7228830    -0.028316076    -0.011456979       14.003313       13.963090      0.28806928
       2.7647735    -0.029940517    -0.011612922       14.220288       14.178238      0.29658219
       2.8066640    -0.031638723    -0.011753907       14.437329       14.393401      0.30519656
       2.8485545    -0.033413691    -0.011879034       14.654438       14.608580      0.31391082
       2.8904450    -0.035268536    -0.011987380       14.871614       14.823774      0.32272337
       2.9323355    -0.037206500    -0.012078000       15.088858       15.038984      0.33163254
       2.9742260    -0.039230957    -0.012149926       15.306172       15.254211      0.34063663
       3.0161165    -0.041345421    -0.012202168       15.523555       15.469453      0.34973388
       3.0580070    -0.043553546    -0.012233711       15.741009       15.684713      0.35892248
       3.0998975    -0.045859143    -0.012243515       15.958533       15.899989      0.36820057
       3.1417880    -0.048266177    -0.012230518       16.176128       16.115282      0.37756624
       3.1836786    -0.050778782    -0.012193629       16.393795       16.330592      0.38701751
       3.2255691    -0.053401265    -0.012131736       16.611534       16.545920      0.39655235
       3.2674596    -0.056138114    -0.012043698       16.829345       16.761266      0.40616867
       3.3093501    -0.058994008    -0.011928350       17.047229       16.976630      0.41586432
       3.3512406    -0.061973829    -0.011784498       17.265187       17.192012      0.42563709
       3.3931311    -0.065082663    -0.011610923       17.483218       17.407412      0.43548469
       3.4350216    -0.068325822    -0.011406376       17.701324       17.622831      0.44540479
       3.4769121    -0.071708842    -0.011169580       17.919503       17.838269      0.45539495
       3.5188026    -0.075237506    -0.010899233       18.137757       18.053726      0.46545271
       3.5606931    -0.078917844    -0.010594000       18.356086       18.269202      0.47557549
       3.6025836    -0.082756156    -0.010252518       18.574490       18.484698      0.48576066
       3.6444741    -0.086759018 -9.8733937E-003       18.792968       18.700214      0.49600552
       3.6863646    -0.090933299 -9.4552038E-003       19.011522       18.915750      0.50630725
       3.7282551    -0.095286171 -8.9964928E-003       19.230151       19.131306      0.51666300
       3.7701457    -0.099825129 -8.4957760E-003       19.448855       19.346883      0.52706980
       3.8120362     -0.10455801 -7.9515348E-003       19.667634       19.562481      0.53752459
       3.8539267     -0.10949298 -7.3622189E-003       19.886488       19.778099      0.54802423
       3.8958172     -0.11463861 -6.7262443E-003       20.105417       19.993739      0.55856550
       3.9377077     -0.12000384 -6.0419961E-003       20.324421       20.209400      0.56914505
       3.9795982     -0.12559801 -5.3078232E-003       20.543500       20.425083      0.57975946
       4.0214887     -0.13143090 -4.5220409E-003       20.762652       20.640788      0.59040519
       4.0633792     -0.13751274 -3.6829298E-003       20.981879       20.856515      0.60107859
       4.1052697     -0.14385421 -2.7887345E-003       21.201180       21.072265      0.61177593
       4.1471602     -0.15046651 -1.8376663E-003       21.420554       21.288037      0.62249331
       4.1890507     -0.15736133 -8.2789790E-004       21.640000       21.503832      0.63322677

Table series: Data for wavelength : 0.656273 µm.
   Y Angle (deg)       Tan Shift       Sag Shift     Real Height     Ref. Height      Distortion
  --------------  --------------  --------------  --------------  --------------  --------------
      0.00000000      0.20841819      0.20841819      0.00000000      0.00000000      0.00000000
     0.041890507      0.20841715      0.20841317      0.21441273      0.21441223  2.3291596E-004
     0.083781015      0.20841033      0.20839810      0.42882661      0.42882470  4.4712961E-004
      0.12567152      0.20839769      0.20837301      0.64324279      0.64323762  8.0412881E-004
      0.16756203      0.20837918      0.20833792      0.85766241      0.85765122  1.3038782E-003
      0.20945254      0.20835473      0.20829286       1.0720866       1.0720658  1.9463283E-003
      0.25134304      0.20832426      0.20823788       1.2865166       1.2864814  2.7314154E-003
      0.29323355      0.20828764      0.20817302       1.5009534       1.5008985  3.6590342E-003
      0.33512406      0.20824475      0.20809835       1.7153982       1.7153171  4.7291470E-003
      0.37701457      0.20819543      0.20801394       1.9298523       1.9297376  5.9416199E-003
      0.41890507      0.20813950      0.20791988       2.1443166       2.1441602  7.2963317E-003
      0.46079558      0.20807677      0.20781625       2.3587924       2.3585850  8.7931469E-003
      0.50268609      0.20800701      0.20770316       2.5732808       2.5730124     0.010431915
      0.54457659      0.20792999      0.20758072       2.7877829       2.7874425     0.012212471
      0.58646710      0.20784543      0.20744905       3.0022999       3.0018756     0.014134635
      0.62835761      0.20775307      0.20730828       3.2168329       3.2163119     0.016198213
      0.67024812      0.20765258      0.20715856       3.4313830       3.4307516     0.018402993
      0.71213862      0.20754365      0.20700003       3.6459514       3.6451950     0.020748752
      0.75402913      0.20742590      0.20683286       3.8605391       3.8596423     0.023235247
      0.79591964      0.20729898      0.20665722       4.0751474       4.0740938     0.025862224
      0.83781015      0.20716247      0.20647329       4.2897773       4.2885496     0.028629409
      0.87970065      0.20701595      0.20628127       4.5044300       4.5030099     0.031536514
      0.92159116      0.20685899      0.20608135       4.7191066       4.7174751     0.034583236
      0.96348167      0.20669109      0.20587377       4.9338081       4.9319454     0.037769253
       1.0053722      0.20651176      0.20565873       5.1485358       5.1464209     0.041094229
       1.0472627      0.20632049      0.20543649       5.3632906       5.3609019     0.044557807
       1.0891532      0.20611672      0.20520727       5.5780737       5.5753886     0.048159618
       1.1310437      0.20589987      0.20497136       5.7928863       5.7898814     0.051899272
       1.1729342      0.20566934      0.20472901       6.0077293       6.0043803     0.055776363
       1.2148247      0.20542451      0.20448050       6.2226039       6.2188856     0.059790466
       1.2567152      0.20516470      0.20422614       6.4375112       6.4333976     0.063941137
       1.2986057      0.20488924      0.20396623       6.6524522       6.6479164     0.068227917
       1.3404962      0.20459741      0.20370108       6.8674280       6.8624424     0.072650323
       1.3823867      0.20428845      0.20343102       7.0824397       7.0769757     0.077207856
       1.4242772      0.20396159      0.20315641       7.2974883       7.2915166     0.081899997
       1.4661678      0.20361602      0.20287758       7.5125750       7.5060653     0.086726206
       1.5080583      0.20325090      0.20259491       7.7277007       7.7206220     0.091685924
       1.5499488      0.20286535      0.20230879       7.9428665       7.9351870     0.096778568
       1.5918393      0.20245845      0.20201960       8.1580735       8.1497604      0.10200354
       1.6337298      0.20202926      0.20172775       8.3733226       8.3643426      0.10736021
       1.6756203      0.20157680      0.20143366       8.5886149       8.5789337      0.11284793
       1.7175108      0.20110004      0.20113777       8.8039514       8.7935340      0.11846604
       1.7594013      0.20059792      0.20084052       9.0193331       9.0081437      0.12421385
       1.8012918      0.20006934      0.20054238       9.2347611       9.2227631      0.13009063
       1.8431823      0.19951317      0.20024382       9.4502362       9.4373923      0.13609565
       1.8850728      0.19892820      0.19994534       9.6657596       9.6520317      0.14222814
       1.9269633      0.19831322      0.19964744       9.8813321       9.8666813      0.14848732
       1.9688538      0.19766694      0.19935064       10.096955       10.081342      0.15487237
       2.0107443      0.19698804      0.19905549       10.312629       10.296013      0.16138244
       2.0526349      0.19627514      0.19876253       10.528354       10.510695      0.16801667
       2.0945254      0.19552683      0.19847234       10.744133       10.725388      0.17477415
       2.1364159      0.19474161      0.19818549       10.959966       10.940093      0.18165397
       2.1783064      0.19391796      0.19790260       11.175853       11.154809      0.18865516
       2.2201969      0.19305428      0.19762428       11.391796       11.369538      0.19577675
       2.2620874      0.19214892      0.19735117       11.607796       11.584278      0.20301771
       2.3039779      0.19120016      0.19708392       11.823854       11.799031      0.21037700
       2.3458684      0.19020623      0.19682319       12.039969       12.013797      0.21785354
       2.3877589      0.18916527      0.19656970       12.256144       12.228575      0.22544621
       2.4296494      0.18807537      0.19632413       12.472379       12.443367      0.23315388
       2.4715399      0.18693454      0.19608722       12.688675       12.658172      0.24097535
       2.5134304      0.18574070      0.19585972       12.905032       12.872990      0.24890942
       2.5553209      0.18449172      0.19564238       13.121452       13.087822      0.25695482
       2.5972115      0.18318535      0.19543600       13.337936       13.302669      0.26511026
       2.6391020      0.18181928      0.19524138       13.554483       13.517529      0.27337443
       2.6809925      0.18039110      0.19505935       13.771095       13.732404      0.28174593
       2.7228830      0.17889830      0.19489075       13.987772       13.947294      0.29022337
       2.7647735      0.17733829      0.19473646       14.204516       14.162199      0.29880530
       2.8066640      0.17570835      0.19459737       14.421327       14.377119      0.30749020
       2.8485545      0.17400566      0.19447438       14.638205       14.592054      0.31627656
       2.8904450      0.17222731      0.19436844       14.855152       14.807005      0.32516277
       2.9323355      0.17037023      0.19428049       15.072167       15.021972      0.33414721
       2.9742260      0.16843126      0.19421154       15.289252       15.236954      0.34322819
       3.0161165      0.16640709      0.19416257       15.506407       15.451954      0.35240399
       3.0580070      0.16429429      0.19413462       15.723633       15.666969      0.36167282
       3.0998975      0.16208927      0.19412875       15.940929       15.882002      0.37103286
       3.1417880      0.15978831      0.19414603       16.158298       16.097052      0.38048220
       3.1836786      0.15738751      0.19418758       16.375739       16.312118      0.39001892
       3.2255691      0.15488284      0.19425451       16.593252       16.527203      0.39964100
       3.2674596      0.15227006      0.19434800       16.810839       16.742305      0.40934640
       3.3093501      0.14954477      0.19446923       17.028499       16.957425      0.41913298
       3.3512406      0.14670239      0.19461940       17.246233       17.172563      0.42899857
       3.3931311      0.14373812      0.19479976       17.464042       17.387720      0.43894093
       3.4350216      0.14064698      0.19501159       17.681925       17.602895      0.44895773
       3.4769121      0.13742375      0.19525617       17.899883       17.818089      0.45904660
       3.5188026      0.13406299      0.19553484       18.117916       18.033303      0.46920509
       3.5606931      0.13055902      0.19584895       18.336024       18.248535      0.47943067
       3.6025836      0.12690592      0.19619989       18.554208       18.463787      0.48972075
       3.6444741      0.12309749      0.19658908       18.772468       18.679060      0.50007265
       3.6863646      0.11912728      0.19701798       18.990804       18.894352      0.51048362
       3.7282551      0.11498851      0.19748806       19.209216       19.109664      0.52095082
       3.7701457      0.11067415      0.19800084       19.427704       19.324997      0.53147132
       3.8120362      0.10617680      0.19855787       19.646268       19.540351      0.54204213
       3.8539267      0.10148876      0.19916073       19.864907       19.755725      0.55266014
       3.8958172     0.096601979      0.19981104       20.083623       19.971121      0.56332216
       3.9377077     0.091508020      0.20051045       20.302414       20.186538      0.57402491
       3.9795982     0.086198075      0.20126065       20.521281       20.401977      0.58476500
       4.0214887     0.080662927      0.20206335       20.740223       20.617438      0.59553895
       4.0633792     0.074892939      0.20292032       20.959240       20.832921      0.60634315
       4.1052697     0.068878026      0.20383335       21.178332       21.048427      0.61717390
       4.1471602     0.062607637      0.20480427       21.397498       21.263955      0.62802740
       4.1890507     0.056070729      0.20583496       21.616738       21.479506      0.63889971
