Results for:	
File:	C:\Users\User\OneDrive - Massachusetts Institute of Technology\Documents\MIT\Grad School\Classes\2.156\Lens Project\Prime Lenses\FR1233449_Example01P.zmx
Title:	FR 1.233.449 Example 1 (Leica Summilux 35mm F1.4)
Date:	11/7/2025 5:23:03 PM

0 message(s) in output.
3 series table(s) in output.

Table series: Data for wavelength : 0.486133 µm.
   Y Angle (deg)       Tan Shift       Sag Shift     Real Height     Ref. Height      Distortion
  --------------  --------------  --------------  --------------  --------------  --------------
      0.00000000    -0.028484287    -0.028484287      0.00000000      0.00000000      0.00000000
      0.31476650    -0.028522262    -0.028582491      0.19309205      0.19309195  4.9421903E-005
      0.62953299    -0.028641698    -0.028877006      0.38619584      0.38619556  7.4499854E-005
      0.94429949    -0.028842584    -0.029367551      0.57932315      0.57932248  1.1636413E-004
       1.2590660    -0.029124894    -0.030053652      0.77248573      0.77248438  1.7511643E-004
       1.5738325    -0.029488590    -0.030934648      0.96569535      0.96569293  2.5091180E-004
       1.8885990    -0.029933621    -0.032009687       1.1589638       1.1589598  3.4390936E-004
       2.2033655    -0.030459921    -0.033277723       1.3523029       1.3522967  4.5434690E-004
       2.5181320    -0.031067413    -0.034737521       1.5457244       1.5457154  5.8249187E-004
       2.8328985    -0.031756006    -0.036387649       1.7392402       1.7392276  7.2865429E-004
       3.1476650    -0.032525595    -0.038226480       1.9328622       1.9328450  8.9318733E-004
       3.4624315    -0.033376062    -0.040252190       2.1266023       2.1265794  1.0764880E-003
       3.7771979    -0.034307276    -0.042462754       2.3204723       2.3204427  1.2789979E-003
       4.0919644    -0.035319090    -0.044855945       2.5144843       2.5144466  1.5012041E-003
       4.4067309    -0.036411347    -0.047429330       2.7086503       2.7086031  1.7436401E-003
       4.7214974    -0.037583873    -0.050180269       2.9029823       2.9029241  2.0068869E-003
       5.0362639    -0.038836480    -0.053105909       3.0974924       3.0974214  2.2915742E-003
       5.3510304    -0.040168965    -0.056203184       3.2921928       3.2921073  2.5983813E-003
       5.6657969    -0.041581113    -0.059468809       3.4870956       3.4869935  2.9280388E-003
       5.9805634    -0.043072691    -0.062899274       3.6822132       3.6820924  3.2813300E-003
       6.2953299    -0.044643452    -0.066490845       3.8775578       3.8774159  3.6590922E-003
       6.6100964    -0.046293130    -0.070239554       4.0731418       4.0729763  4.0622186E-003
       6.9248629    -0.048021445    -0.074141196       4.2689777       4.2687859  4.4916598E-003
       7.2396294    -0.049828100    -0.078191325       4.4650779       4.4648570  4.9484259E-003
       7.5543959    -0.051712778    -0.082385244       4.6614552       4.6612019  5.4335886E-003
       7.8691624    -0.053675143    -0.086718004       4.8581221       4.8578332  5.9482830E-003
       8.1839289    -0.055714841    -0.091184395       5.0550915       5.0547633  6.4937098E-003
       8.4986954    -0.057831494    -0.095778936       5.2523761       5.2520048  7.0711382E-003
       8.8134619    -0.060024703     -0.10049587       5.4499890       5.4495704  7.6819079E-003
       9.1282284    -0.062294045     -0.10532917       5.6479432       5.6474729  8.3274321E-003
       9.4429949    -0.064639072     -0.11027250       5.8462517       5.8457250  9.0092001E-003
       9.7577614    -0.067059307     -0.11531922       6.0449279       6.0443399  9.7287804E-003
       10.072528    -0.069554244     -0.12046241       6.2439851       6.2433303     0.010487824
       10.387294    -0.072123344     -0.12569479       6.4434368       6.4427095     0.011288067
       10.702061    -0.074766034     -0.13100878       6.6432965       6.6424907     0.012131335
       11.016827    -0.077481703     -0.13639644       6.8435780       6.8426871     0.013019546
       11.331594    -0.080269698     -0.14184949       7.0442952       7.0433123     0.013954717
       11.646360    -0.083129321     -0.14735926       7.2454619       7.2443797     0.014938961
       11.961127    -0.086059824     -0.15291674       7.4470924       7.4459029     0.015974502
       12.275893    -0.089060405     -0.15851248       7.6492008       7.6478958     0.017063669
       12.590660    -0.092130201     -0.16413666       7.8518017       7.8503722     0.018208908
       12.905426    -0.095268284     -0.16977900       8.0549095       8.0533461     0.019412783
       13.220193    -0.098473652     -0.17542881       8.2585390       8.2568317     0.020677984
       13.534959     -0.10174522     -0.18107493       8.4627052       8.4608431     0.022007330
       13.849726     -0.10508183     -0.18670570       8.6674230       8.6653949     0.023403779
       14.164492     -0.10848219     -0.19230899       8.8727077       8.8705016     0.024870428
       14.479259     -0.11194494     -0.19787215       9.0785748       9.0761778     0.026410526
       14.794025     -0.11546858     -0.20338195       9.2850400       9.2824384     0.028027477
       15.108792     -0.11905147     -0.20882465       9.4921191       9.4892984     0.029724847
       15.423558     -0.12269183     -0.21418587       9.6998280       9.6967729     0.031506370
       15.738325     -0.12638772     -0.21945063       9.9081832       9.9048774     0.033375972
       16.053091     -0.13013701     -0.22460331       10.117201       10.113627     0.035337754
       16.367858     -0.13393738     -0.22962761       10.326898       10.323038     0.037396017
       16.682624     -0.13778626     -0.23450651       10.537292       10.533126     0.039555268
       16.997391     -0.14168087     -0.23922225       10.748400       10.743906     0.041820232
       17.312157     -0.14561812     -0.24375630       10.960238       10.955396     0.044195861
       17.626924     -0.14959463     -0.24808929       11.172825       11.167612     0.046687344
       17.941690     -0.15360669     -0.25220101       11.386180       11.380569     0.049300123
       18.256457     -0.15765019     -0.25607034       11.600319       11.594286     0.052039898
       18.571223     -0.16172063     -0.25967521       11.815263       11.808778     0.054912660
       18.885990     -0.16581304     -0.26299255       12.031029       12.024064     0.057924682
       19.200756     -0.16992191     -0.26599822       12.247637       12.240160     0.061082545
       19.515523     -0.17404121     -0.26866700       12.465107       12.457085     0.064393160
       19.830289     -0.17816424     -0.27097248       12.683458       12.674857     0.067863777
       20.145056     -0.18228362     -0.27288703       12.902712       12.893493     0.071502010
       20.459822     -0.18639119     -0.27438171       13.122888       13.113012     0.075315860
       20.774589     -0.19047794     -0.27542620       13.344008       13.333433     0.079313730
       21.089355     -0.19453391     -0.27598876       13.566093       13.554774     0.083504458
       21.404122     -0.19854808     -0.27603607       13.789165       13.777055     0.087897338
       21.718888     -0.20250826     -0.27553322       14.013247       14.000296     0.092502155
       22.033655     -0.20640099     -0.27444359       14.238361       14.224516     0.097329211
       22.348421     -0.21021137     -0.27272872       14.464530       14.449735      0.10238937
       22.663188     -0.21392292     -0.27034824       14.691779       14.675974      0.10769408
       22.977954     -0.21751744     -0.26725975       14.920132       14.903253      0.11325543
       23.292721     -0.22097477     -0.26341868       15.149614       15.131594      0.11908621
       23.607487     -0.22427264     -0.25877817       15.380249       15.361017      0.12519994
       23.922254     -0.22738645     -0.25328896       15.612065       15.591545      0.13161094
       24.237020     -0.23028898     -0.24689920       15.845088       15.823199      0.13833440
       24.551787     -0.23295020     -0.23955431       16.079345       16.056001      0.14538646
       24.866553     -0.23533692     -0.23119684       16.314864       16.289976      0.15278430
       25.181320     -0.23741253     -0.22176625       16.551675       16.525144      0.16054621
       25.496086     -0.23913666     -0.21119878       16.789806       16.761531      0.16869177
       25.810853     -0.24046479     -0.19942720       17.029289       16.999160      0.17724190
       26.125619     -0.24134795     -0.18638064       17.270155       17.238054      0.18621908
       26.440386     -0.24173225     -0.17198436       17.512436       17.478240      0.19564749
       26.755152     -0.24155852     -0.15615957       17.756165       17.719741      0.20555324
       27.069919     -0.24076186     -0.13882313       18.001377       17.962584      0.21596457
       27.384685     -0.23927125     -0.11988735       18.248108       18.206795      0.22691218
       27.699452     -0.23700913    -0.099259779       18.496395       18.452399      0.23842953
       28.014218     -0.23389106    -0.076842915       18.746277       18.699425      0.25055325
       28.328985     -0.22982535    -0.052534002       18.997793       18.947898      0.26332357
       28.643751     -0.22471293    -0.026224804       19.250985       19.197848      0.27678493
       28.958518     -0.21844722  2.1986040E-003       19.505897       19.449302      0.29098659
       29.273284     -0.21091433     0.032855996       19.762576       19.702290      0.30598341
       29.588051     -0.20199348     0.065873122       20.021069       19.956841      0.32183684
       29.902817     -0.19155793      0.10138176       20.281429       20.212985      0.33861600
       30.217584     -0.17947642      0.13951965       20.543710       20.470752      0.35639909
       30.532350     -0.16561548      0.18043036       20.807970       20.730175      0.37527501
       30.847117     -0.14984284      0.22426289       21.074272       20.991284      0.39534537
       31.161883     -0.13203230      0.27117107       21.342684       21.254112      0.41672690
       31.476650     -0.11207068      0.32131265       21.613279       21.518692      0.43955444

Table series: Data for wavelength : 0.587562 µm.
   Y Angle (deg)       Tan Shift       Sag Shift     Real Height     Ref. Height      Distortion
  --------------  --------------  --------------  --------------  --------------  --------------
      0.00000000    -0.025094363    -0.025094363      0.00000000      0.00000000      0.00000000
      0.31476650    -0.025129778    -0.025195497      0.19318876      0.19318875  5.5412851E-006
      0.62953299    -0.025241433    -0.025498804      0.38638924      0.38638916  2.2216055E-005
      0.94429949    -0.025429297    -0.026004004      0.57961318      0.57961289  5.0060828E-005
       1.2590660    -0.025693313    -0.026710629      0.77287232      0.77287163  8.9155946E-005
       1.5738325    -0.026033399    -0.027618024      0.96617838      0.96617704  1.3962500E-004
       1.8885990    -0.026449448    -0.028725345       1.1595431       1.1595408  2.0159159E-004
       2.2033655    -0.026941324    -0.030031558       1.3529784       1.3529747  2.7524466E-004
       2.5181320    -0.027508867    -0.031535437       1.5464959       1.5464903  3.6079552E-004
       2.8328985    -0.028151891    -0.033235567       1.7401074       1.7400995  4.5848912E-004
       3.1476650    -0.028870182    -0.035130336       1.9338249       1.9338139  5.6860450E-004
       3.4624315    -0.029663499    -0.037217937       2.1276602       2.1276455  6.9145532E-004
       3.7771979    -0.030531576    -0.039496366       2.3216251       2.3216059  8.2739051E-004
       4.0919644    -0.031474117    -0.041963418       2.5157317       2.5157071  9.7679487E-004
       4.4067309    -0.032490798    -0.044616684       2.7099918       2.7099609  1.1400899E-003
       4.7214974    -0.033581269    -0.047453550       2.9044176       2.9043793  1.3177346E-003
       5.0362639    -0.034745149    -0.050471193       3.0990210       3.0989742  1.5102263E-003
       5.3510304    -0.035982027    -0.053666577       3.2938142       3.2937576  1.7181018E-003
       5.6657969    -0.037291463    -0.057036450       3.4888093       3.4887416  1.9419380E-003
       5.9805634    -0.038672986    -0.060577338       3.6840186       3.6839382  2.1823537E-003
       6.2953299    -0.040126093    -0.064285545       3.8794543       3.8793597  2.4400101E-003
       6.6100964    -0.041650246    -0.068157143       4.0751288       4.0750181  2.7156125E-003
       6.9248629    -0.043244876    -0.072187972       4.2710544       4.2709259  3.0099116E-003
       7.2396294    -0.044909379    -0.076373630       4.4672437       4.4670953  3.3237049E-003
       7.5543959    -0.046643112    -0.080709472       4.6637092       4.6635386  3.6578381E-003
       7.8691624    -0.048445396    -0.085190599       4.8604635       4.8602684  4.0132073E-003
       8.1839289    -0.050315513    -0.089811855       5.0575193       5.0572972  4.3907599E-003
       8.4986954    -0.052252703    -0.094567821       5.2548894       5.2546376  4.7914973E-003
       8.8134619    -0.054256162    -0.099452803       5.4525867       5.4523023  5.2164761E-003
       9.1282284    -0.056325041     -0.10446083       5.6506242       5.6503040  5.6668106E-003
       9.4429949    -0.058458444     -0.10958564       5.8490149       5.8486555  6.1436750E-003
       9.7577614    -0.060655423     -0.11482067       6.0477720       6.0473699  6.6483054E-003
       10.072528    -0.062914977     -0.12015907       6.2469087       6.2464601  7.1820022E-003
       10.387294    -0.065236047     -0.12559365       6.4464386       6.4459393  7.7461330E-003
       10.702061    -0.067617514     -0.13111691       6.6463750       6.6458206  8.3421349E-003
       11.016827    -0.070058193     -0.13672100       6.8467316       6.8461174  8.9715174E-003
       11.331594    -0.072556831     -0.14239773       7.0475222       7.0468431  9.6358653E-003
       11.646360    -0.075112098     -0.14813855       7.2487605       7.2480113     0.010336842
       11.961127    -0.077722584     -0.15393452       7.4504607       7.4496356     0.011076192
       12.275893    -0.080386796     -0.15977634       7.6526369       7.6517297     0.011855746
       12.590660    -0.083103142     -0.16565429       7.8553034       7.8543076     0.012677422
       12.905426    -0.085869934     -0.17155822       8.0584745       8.0573833     0.013543231
       13.220193    -0.088685371     -0.17747756       8.2621650       8.2609709     0.014455281
       13.534959    -0.091547537     -0.18340129       8.4663896       8.4650846     0.015415778
       13.849726    -0.094454383     -0.18931791       8.6711631       8.6697389     0.016427037
       14.164492    -0.097403723     -0.19521543       8.8765008       8.8749484     0.017491477
       14.479259     -0.10039322     -0.20108136       9.0824178       9.0807277     0.018611635
       14.794025     -0.10342036     -0.20690266       9.2889296       9.2870917     0.019790167
       15.108792     -0.10648246     -0.21266575       9.4960520       9.4940554     0.021029849
       15.423558     -0.10957664     -0.21835645       9.7038007       9.7016340     0.022333590
       15.738325     -0.11269979     -0.22396000       9.9121918       9.9098427     0.023704439
       16.053091     -0.11584857     -0.22946097       10.121242       10.118697     0.025145580
       16.367858     -0.11901938     -0.23484329       10.330967       10.328213     0.026660347
       16.682624     -0.12220834     -0.24009019       10.541383       10.538406     0.028252229
       16.997391     -0.12541124     -0.24518416       10.752509       10.749292     0.029924878
       17.312157     -0.12862355     -0.25010693       10.964361       10.960888     0.031682115
       17.626924     -0.13184035     -0.25483943       11.176956       11.173210     0.033527938
       17.941690     -0.13505630     -0.25936175       11.390312       11.386274     0.035466531
       18.256457     -0.13826563     -0.26365309       11.604448       11.600098     0.037502270
       18.571223     -0.14146203     -0.26769172       11.819381       11.814698     0.039639745
       18.885990     -0.14463869     -0.27145492       12.035130       12.030092     0.041883752
       19.200756     -0.14778815     -0.27491896       12.251714       12.246296     0.044239314
       19.515523     -0.15090231     -0.27805902       12.469152       12.463330     0.046711690
       19.830289     -0.15397232     -0.28084912       12.687463       12.681211     0.049306389
       20.145056     -0.15698855     -0.28326210       12.906668       12.899956     0.052029181
       20.459822     -0.15994046     -0.28526952       13.126786       13.119585     0.054886113
       20.774589     -0.16281652     -0.28684158       13.347838       13.340117     0.057883525
       21.089355     -0.16560414     -0.28794710       13.569845       13.561569     0.061028061
       21.404122     -0.16828954     -0.28855338       13.792829       13.783962     0.064326696
       21.718888     -0.17085763     -0.28862614       14.016810       14.007315     0.067786747
       22.033655     -0.17329187     -0.28812944       14.241811       14.231647     0.071415903
       22.348421     -0.17557413     -0.28702556       14.467854       14.456979     0.075222241
       22.663188     -0.17768454     -0.28527492       14.694963       14.683331     0.079214259
       22.977954     -0.17960128     -0.28283594       14.923160       14.910724     0.083400901
       23.292721     -0.18130042     -0.27966497       15.152470       15.139179     0.087791593
       23.607487     -0.18275570     -0.27571611       15.382918       15.368718     0.092396279
       23.922254     -0.18393825     -0.27094111       15.614527       15.599361     0.097225462
       24.237020     -0.18481640     -0.26528925       15.847325       15.831131      0.10229025
       24.551787     -0.18535537     -0.25870712       16.081336       16.064050      0.10760242
       24.866553     -0.18551693     -0.25113854       16.316587       16.298142      0.11317447
       25.181320     -0.18525913     -0.24252434       16.553106       16.533428      0.11901968
       25.496086     -0.18453590     -0.23280221       16.790922       16.769934      0.12515222
       25.810853     -0.18329667     -0.22190648       17.030061       17.007681      0.13158724
       26.125619     -0.18148595     -0.20976795       17.270555       17.246696      0.13834094
       26.440386     -0.17904291     -0.19631370       17.512433       17.487002      0.14543077
       26.755152     -0.17590089     -0.18146681       17.755727       17.728624      0.15287552
       27.069919     -0.17198691     -0.16514621       18.000469       17.971589      0.16069554
       27.384685     -0.16722119     -0.14726640       18.246691       18.215922      0.16891294
       27.699452     -0.16151662     -0.12773722       18.494429       18.461650      0.17755181
       28.014218     -0.15477826     -0.10646363       18.743717       18.708799      0.18663858
       28.328985     -0.14690288    -0.083345484       18.994592       18.957397      0.19620232
       28.643751     -0.13777854    -0.058277258       19.247092       19.207472      0.20627519
       28.958518     -0.12728427    -0.031147880       19.501258       19.459052      0.21689294
       29.273284     -0.11528987 -1.8405233E-003       19.757130       19.712167      0.22809555
       29.588051     -0.10165593     0.029767542       20.014751       19.966845      0.23992791
       29.902817    -0.086234206     0.063805048       20.274169       20.223118      0.25244076
       30.217584    -0.068868322      0.10040675       20.535431       20.481015      0.26569173
       30.532350    -0.049395148      0.13971333       20.798588       20.740567      0.27974664
       30.847117    -0.027646948      0.18187120       21.063695       21.001807      0.29468109
       31.161883 -3.4546423E-003      0.22703204       21.330812       21.264767      0.31058235
       31.476650     0.023347430      0.27535217       21.600000       21.529480      0.32755171

Table series: Data for wavelength : 0.656273 µm.
   Y Angle (deg)       Tan Shift       Sag Shift     Real Height     Ref. Height      Distortion
  --------------  --------------  --------------  --------------  --------------  --------------
      0.00000000 -9.0262536E-004 -9.0262536E-004      0.00000000      0.00000000      0.00000000
      0.31476650 -9.3688500E-004 -1.0049293E-003      0.19321468      0.19321468  3.0219150E-006
      0.62953299 -1.0451167E-003 -1.3117478E-003      0.38644108      0.38644102  1.5383222E-005
      0.94429949 -1.2272818E-003 -1.8228015E-003      0.57969090      0.57969069  3.6032751E-005
       1.2590660 -1.4833108E-003 -2.5376242E-003      0.77297587      0.77297537  6.5041626E-005
       1.5738325 -1.8131031E-003 -3.4555623E-003      0.96630771      0.96630672  1.0251037E-004
       1.8885990 -2.2165266E-003 -4.5757745E-003       1.1596982       1.1596964  1.4856624E-004
       2.2033655 -2.6934183E-003 -5.8972304E-003       1.3531590       1.3531563  2.0336756E-004
       2.5181320 -3.2435833E-003 -7.4187094E-003       1.5467020       1.5466979  2.6710140E-004
       2.8328985 -3.8667949E-003 -9.1387992E-003       1.7403389       1.7403330  3.3998463E-004
       3.1476650 -4.5627944E-003    -0.011055894       1.9340816       1.9340735  4.2226430E-004
       3.4624315 -5.3312905E-003    -0.013168194       2.1279420       2.1279310  5.1421810E-004
       3.7771979 -6.1719589E-003    -0.015473700       2.3219318       2.3219175  6.1615495E-004
       4.0919644 -7.0844422E-003    -0.017970215       2.5160631       2.5160448  7.2841559E-004
       4.4067309 -8.0683489E-003    -0.020655339       2.7103477       2.7103247  8.5137322E-004
       4.7214974 -9.1232533E-003    -0.023526467       2.9047978       2.9047691  9.8543424E-004
       5.0362639    -0.010248694    -0.026580784       3.0994252       3.0993901  1.1310390E-003
       5.3510304    -0.011444175    -0.029815266       3.2942422       3.2941997  1.2886629E-003
       5.6657969    -0.012709162    -0.033226671       3.4892607       3.4892098  1.4588168E-003
       5.9805634    -0.014043084    -0.036811539       3.6844932       3.6844327  1.6420486E-003
       6.2953299    -0.015445331    -0.040566186       3.8799517       3.8798804  1.8389438E-003
       6.6100964    -0.016915255    -0.044486698       4.0756487       4.0755651  2.0501270E-003
       6.9248629    -0.018452165    -0.048568929       4.2715964       4.2714992  2.2762630E-003
       7.2396294    -0.020055327    -0.052808495       4.4678073       4.4676948  2.5180580E-003
       7.5543959    -0.021723966    -0.057200766       4.6642941       4.6641646  2.7762609E-003
       7.8691624    -0.023457258    -0.061740862       4.8610691       4.8609208  3.0516652E-003
       8.1839289    -0.025254335    -0.066423647       5.0581452       5.0579760  3.3451099E-003
       8.4986954    -0.027114277    -0.071243720       5.2555351       5.2553429  3.6574816E-003
       8.8134619    -0.029036112    -0.076195411       5.4532517       5.4530341  3.9897159E-003
       9.1282284    -0.031018815    -0.081272770       5.6513078       5.6510624  4.3427993E-003
       9.4429949    -0.033061303    -0.086469560       5.8497165       5.8494406  4.7177713E-003
       9.7577614    -0.035162434    -0.091779251       6.0484910       6.0481816  5.1157261E-003
       10.072528    -0.037320999    -0.097195005       6.2476445       6.2472985  5.5378148E-003
       10.387294    -0.039535725     -0.10270967       6.4471903       6.4468045  5.9852477E-003
       10.702061    -0.041805265     -0.10831578       6.6471420       6.6467126  6.4592965E-003
       11.016827    -0.044128198     -0.11400551       6.8475130       6.8470363  6.9612968E-003
       11.331594    -0.046503021     -0.11977071       7.0483171       7.0477890  7.4926504E-003
       11.646360    -0.048928142     -0.12560286       7.2495681       7.2489842  8.0548285E-003
       11.961127    -0.051401879     -0.13149308       7.4512800       7.4506355  8.6493740E-003
       12.275893    -0.053922450     -0.13743208       7.6534668       7.6527568  9.2779047E-003
       12.590660    -0.056487965     -0.14341019       7.8561429       7.8553619  9.9421162E-003
       12.905426    -0.059096418     -0.14941732       8.0593225       8.0584648     0.010643785
       13.220193    -0.061745682     -0.15544294       8.2630203       8.2620797     0.011384773
       13.534959    -0.064433492     -0.16147608       8.4672509       8.4662208     0.012167029
       13.849726    -0.067157440     -0.16750531       8.6720292       8.6709026     0.012992595
       14.164492    -0.069914961     -0.17351868       8.8773702       8.8761396     0.013863606
       14.479259    -0.072703320     -0.17950376       9.0832891       9.0819466     0.014782299
       14.794025    -0.075519596     -0.18544758       9.2898013       9.2883383     0.015751014
       15.108792    -0.078360667     -0.19133663       9.4969223       9.4953297     0.016772201
       15.423558    -0.081223193     -0.19715682       9.7046680       9.7029362     0.017848416
       15.738325    -0.084103596     -0.20289343       9.9130543       9.9111729     0.018982346
       16.053091    -0.086998037     -0.20853114       10.122097       10.120055     0.020176791
       16.367858    -0.089902395     -0.21405396       10.331813       10.329599     0.021434680
       16.682624    -0.092812239     -0.21944521       10.542219       10.539821     0.022759079
       16.997391    -0.095722800     -0.22468749       10.753332       10.750735     0.024153192
       17.312157    -0.098628938     -0.22976263       10.965168       10.962359     0.025620371
       17.626924     -0.10152511     -0.23465167       11.177745       11.174710     0.027164120
       17.941690     -0.10440533     -0.23933482       11.391081       11.387802     0.028788101
       18.256457     -0.10726312     -0.24379141       11.605193       11.601655     0.030496143
       18.571223     -0.11009148     -0.24799984       11.820099       11.816284     0.032292257
       18.885990     -0.11288282     -0.25193755       12.035819       12.031706     0.034180629
       19.200756     -0.11562890     -0.25558094       12.252370       12.247940     0.036165639
       19.515523     -0.11832080     -0.25890538       12.469771       12.465003     0.038251871
       19.830289     -0.12094880     -0.26188506       12.688042       12.682913     0.040444117
       20.145056     -0.12350235     -0.26449300       12.907203       12.901688     0.042747391
       20.459822     -0.12596997     -0.26670096       13.127273       13.121346     0.045166944
       20.774589     -0.12833913     -0.26847938       13.348272       13.341907     0.047708269
       21.089355     -0.13059619     -0.26979729       13.570222       13.563389     0.050377121
       21.404122     -0.13272628     -0.27062224       13.793143       13.785812     0.053179527
       21.718888     -0.13471316     -0.27092023       14.017057       14.009195     0.056121808
       22.033655     -0.13653906     -0.27065558       14.241985       14.233557     0.059210589
       22.348421     -0.13818461     -0.26979090       14.467949       14.458919     0.062452826
       22.663188     -0.13962858     -0.26828692       14.694973       14.685302     0.065855821
       22.977954     -0.14084778     -0.26610242       14.923079       14.912726     0.069427253
       23.292721     -0.14181681     -0.26319413       15.152291       15.141212     0.073175199
       23.607487     -0.14250784     -0.25951655       15.382633       15.370781     0.077108170
       23.922254     -0.14289040     -0.25502187       15.614129       15.601455     0.081235141
       24.237020     -0.14293111     -0.24965984       15.846804       15.833256     0.085565594
       24.551787     -0.14259338     -0.24337755       16.080684       16.066207     0.090109564
       24.866553     -0.14183709     -0.23611937       16.315795       16.300329     0.094877686
       25.181320     -0.14061830     -0.22782670       16.552164       16.535648     0.099881262
       25.496086     -0.13888880     -0.21843786       16.789818       16.772185      0.10513233
       25.810853     -0.13659579     -0.20788785       17.028785       17.009964      0.11064373
       26.125619     -0.13368140     -0.19610821       17.269094       17.249011      0.11642923
       26.440386     -0.13008228     -0.18302676       17.510774       17.489349      0.12250363
       26.755152     -0.12572906     -0.16856744       17.753856       17.731004      0.12888284
       27.069919     -0.12054588     -0.15265006       17.998371       17.974001      0.13558415
       27.384685     -0.11444982     -0.13519005       18.244351       18.218367      0.14262629
       27.699452     -0.10735043     -0.11609829       18.491829       18.464128      0.15002973
       28.014218    -0.099149107    -0.095280809       18.740840       18.711310      0.15781695
       28.328985    -0.089738607    -0.072638593       18.991417       18.959941      0.16601268
       28.643751    -0.079002560    -0.048067334       19.243599       19.210050      0.17464436
       28.958518    -0.066815046    -0.021457222       19.497424       19.461664      0.18374254
       29.273284    -0.053040300  7.3072533E-003       19.752930       19.714813      0.19334147
       29.588051    -0.037532588     0.038347462       20.010159       19.969525      0.20347970
       29.902817    -0.020136346     0.071790751       20.269156       20.225832      0.21420094
       30.217584 -6.8668203E-004      0.10777049       20.529966       20.483764      0.22555496
       30.532350     0.020989611      0.14642602       20.792637       20.743351      0.23759882
       30.847117     0.045072335      0.18790247       21.057221       21.004626      0.25039821
       31.161883     0.071745199      0.23235043       21.323774       21.267621      0.26402924
       31.476650      0.10119183      0.27992533       21.592355       21.532370      0.27858051
