Results for:	
File:	C:\Users\User\OneDrive - Massachusetts Institute of Technology\Documents\MIT\Grad School\Classes\2.156\Lens Project\Prime Lenses\US02799207-3.zmx
Title:	
Date:	11/7/2025 5:44:15 PM

0 message(s) in output.
3 series table(s) in output.

Table series: Data for wavelength : 0.486133 µm.
   Y Angle (deg)       Tan Shift       Sag Shift     Real Height     Ref. Height      Distortion
  --------------  --------------  --------------  --------------  --------------  --------------
      0.00000000 -8.7065032E-003 -8.7065032E-003      0.00000000      0.00000000      0.00000000
      0.32000000 -8.7446339E-003 -8.7574190E-003      0.14160027      0.14160034 -4.3743922E-005
      0.64000000 -8.8599014E-003 -8.9100962E-003      0.28320897      0.28320951 -1.8931823E-004
      0.96000000 -9.0521699E-003 -9.1643245E-003      0.42483451      0.42483635 -4.3198745E-004
       1.2800000 -9.3212123E-003 -9.5197533E-003      0.56648533      0.56648970 -7.7182960E-004
       1.6000000 -9.6667108E-003 -9.9758911E-003      0.70816985      0.70817841 -1.2089432E-003
       1.9200000    -0.010088256    -0.010532106      0.84989652      0.84991134 -1.7434584E-003
       2.2400000    -0.010585346    -0.011187623      0.99167379      0.99169735 -2.3755346E-003
       2.5600000    -0.011157388    -0.011941528       1.1335101       1.1335453 -3.1053599E-003
       2.8800000    -0.011803695    -0.012792761       1.2754140       1.2754642 -3.9331514E-003
       3.2000000    -0.012523487    -0.013740120       1.4173939       1.4174628 -4.8591552E-003
       3.5200000    -0.013315889    -0.014782259       1.5594583       1.5595501 -5.8836464E-003
       3.8400000    -0.014179931    -0.015917685       1.7016158       1.7017351 -7.0069291E-003
       4.1600000    -0.015114547    -0.017144761       1.8438749       1.8440267 -8.2293364E-003
       4.4800000    -0.016118573    -0.018461700       1.9862442       1.9864340 -9.5512302E-003
       4.8000000    -0.017190746    -0.019866567       2.1287323       2.1289659    -0.010973002
       5.1200000    -0.018329704    -0.021357275       2.2713478       2.2716316    -0.012495071
       5.4400000    -0.019533984    -0.022931587       2.4140993       2.4144402    -0.014117886
       5.7600000    -0.020802018    -0.024587111       2.5569956       2.5574008    -0.015841926
       6.0800000    -0.022132136    -0.026321299       2.7000454       2.7005225    -0.017667697
       6.4000000    -0.023522559    -0.028131446       2.8432574       2.8438147    -0.019595735
       6.7200000    -0.024971403    -0.030014687       2.9866404       2.9872864    -0.021626605
       7.0400000    -0.026476670    -0.031967996       3.1302032       3.1309472    -0.023760901
       7.3600000    -0.028036252    -0.033988182       3.2739548       3.2748062    -0.025999244
       7.6800000    -0.029647925    -0.036071887       3.4179040       3.4188730    -0.028342286
       8.0000000    -0.031309349    -0.038215585       3.5620598       3.5631569    -0.030790706
       8.3200000    -0.033018063    -0.040415577       3.7064312       3.7076675    -0.033345214
       8.6400000    -0.034771483    -0.042667990       3.8510273       3.8524144    -0.036006545
       8.9600000    -0.036566901    -0.044968773       3.9958572       3.9974072    -0.038775467
       9.2800000    -0.038401479    -0.047313692       4.1409300       4.1426555    -0.041652771
       9.6000000    -0.040272247    -0.049698331       4.2862550       4.2881692    -0.044639281
       9.9200000    -0.042176100    -0.052118086       4.4318415       4.4339581    -0.047735845
       10.240000    -0.044109793    -0.054568159       4.5776988       4.5800321    -0.050943342
       10.560000    -0.046069939    -0.057043561       4.7238364       4.7264011    -0.054262678
       10.880000    -0.048053003    -0.059539098       4.8702637       4.8730752    -0.057694784
       11.200000    -0.050055300    -0.062049377       5.0169903       5.0200646    -0.061240622
       11.520000    -0.052072986    -0.064568795       5.1640258       5.1673794    -0.064901176
       11.840000    -0.054102059    -0.067091538       5.3113798       5.3150301    -0.068677462
       12.160000    -0.056138350    -0.069611572       5.4590623       5.4630268    -0.072570517
       12.480000    -0.058177519    -0.072122644       5.6070830       5.6113803    -0.076581407
       12.800000    -0.060215049    -0.074618271       5.7554519       5.7601009    -0.080711223
       13.120000    -0.062246240    -0.077091741       5.9041790       5.9091995    -0.084961080
       13.440000    -0.064266205    -0.079536100       6.0532744       6.0586867    -0.089332116
       13.760000    -0.066269859    -0.081944153       6.2027483       6.2085735    -0.093825495
       14.080000    -0.068251915    -0.084308453       6.3526111       6.3588709    -0.098442403
       14.400000    -0.070206880    -0.086621299       6.5028731       6.5095899     -0.10318405
       14.720000    -0.072129039    -0.088874727       6.6535448       6.6607419     -0.10805166
       15.040000    -0.074012454    -0.091060503       6.8046369       6.8123380     -0.11304649
       15.360000    -0.075850956    -0.093170117       6.9561600       6.9643898     -0.11816980
       15.680000    -0.077638129    -0.095194778       7.1081251       7.1169090     -0.12342289
       16.000000    -0.079367308    -0.097125402       7.2605429       7.2699071     -0.12880705
       16.320000    -0.081031567    -0.098952609       7.4134246       7.4233960     -0.13432362
       16.640000    -0.082623708     -0.10066671       7.5667814       7.5773878     -0.13997392
       16.960000    -0.084136250     -0.10225771       7.7206245       7.7318945     -0.14575931
       17.280000    -0.085561417     -0.10371529       7.8749655       7.8869285     -0.15168114
       17.600000    -0.086891130     -0.10502878       8.0298158       8.0425021     -0.15774079
       17.920000    -0.088116990     -0.10618720       8.1851871       8.1986279     -0.16393963
       18.240000    -0.089230266     -0.10717921       8.3410914       8.3553188     -0.17027906
       18.560000    -0.090221883     -0.10799310       8.4975406       8.5125875     -0.17676045
       18.880000    -0.091082404     -0.10861682       8.6545468       8.6704472     -0.18338519
       19.200000    -0.091802019     -0.10903791       8.8121224       8.8289110     -0.19015468
       19.520000    -0.092370524     -0.10924355       8.9702798       8.9879925     -0.19707029
       19.840000    -0.092777308     -0.10922051       9.1290316       9.1477051     -0.20413339
       20.160000    -0.093011331     -0.10895516       9.2883906       9.3080628     -0.21134536
       20.480000    -0.093061111     -0.10843345       9.4483698       9.4690794     -0.21870754
       20.800000    -0.092914698     -0.10764089       9.6089824       9.6307692     -0.22622126
       21.120000    -0.092559656     -0.10656258       9.7702416       9.7931465     -0.23388782
       21.440000    -0.091983040     -0.10518315       9.9321609       9.9562260     -0.24170851
       21.760000    -0.091171376     -0.10348678       10.094754       10.120022     -0.24968457
       22.080000    -0.090110630     -0.10145717       10.258035       10.284551     -0.25781722
       22.400000    -0.088786188    -0.099077561       10.422018       10.449826     -0.26610760
       22.720000    -0.087182827    -0.096330687       10.586718       10.615864     -0.27455684
       23.040000    -0.085284682    -0.093198793       10.752148       10.782681     -0.28316599
       23.360000    -0.083075223    -0.089663614       10.918324       10.950292     -0.29193605
       23.680000    -0.080537216    -0.085706372       11.085261       11.118714     -0.30086792
       24.000000    -0.077652691    -0.081307764       11.252974       11.287963     -0.30996244
       24.320000    -0.074402908    -0.076447957       11.421479       11.458055     -0.31922036
       24.640000    -0.070768314    -0.071106584       11.590791       11.629008     -0.32864232
       24.960000    -0.066728504    -0.065262737       11.760926       11.800840     -0.33822884
       25.280000    -0.062262178    -0.058894967       11.931901       11.973567     -0.34798032
       25.600000    -0.057347094    -0.051981281       12.103734       12.147208     -0.35789703
       25.920000    -0.051960014    -0.044499146       12.276439       12.321781     -0.36797907
       26.240000    -0.046076659    -0.036425490       12.450035       12.497304     -0.37822639
       26.560000    -0.039671640    -0.027736709       12.624540       12.673796     -0.38863872
       26.880000    -0.032718406    -0.018408684       12.799972       12.851276     -0.39921562
       27.200000    -0.025189170 -8.4167851E-003       12.976348       13.029764     -0.40995640
       27.520000    -0.017054841  2.2640987E-003       13.153687       13.209280     -0.42086014
       27.840000 -8.2849386E-003     0.013659541       13.332009       13.389843     -0.43192562
       28.160000  1.1524913E-003     0.025795543       13.511333       13.571475     -0.44315134
       28.480000     0.011290971     0.038698497       13.691679       13.754196     -0.45453545
       28.800000     0.022165700     0.052395137       13.873066       13.938028     -0.46607576
       29.120000     0.033813671     0.066912483       14.055517       14.122992     -0.47776964
       29.440000     0.046273803     0.082277771       14.239051       14.309111     -0.48961406
       29.760000     0.059587090     0.098518372       14.423692       14.496407     -0.50160547
       30.080000     0.073796767      0.11566169       14.609460       14.684902     -0.51373980
       30.400000     0.088948503      0.13373507       14.796379       14.874622     -0.52601237
       30.720000      0.10509062      0.15276563       14.984473       15.065588     -0.53841787
       31.040000      0.12227434      0.17278013       15.173764       15.257827     -0.55095024
       31.360000      0.14055410      0.19380478       15.364278       15.451362     -0.56360261
       31.680000      0.15998784      0.21586503       15.556040       15.646219     -0.57636723
       32.000000      0.18063749      0.23898531       15.749075       15.842424     -0.58923535

Table series: Data for wavelength : 0.587562 µm.
   Y Angle (deg)       Tan Shift       Sag Shift     Real Height     Ref. Height      Distortion
  --------------  --------------  --------------  --------------  --------------  --------------
      0.00000000     0.012900133     0.012900133      0.00000000      0.00000000      0.00000000
      0.32000000     0.012860930     0.012845735      0.14170303      0.14170310 -5.0667263E-005
      0.64000000     0.012743698     0.012682611      0.28341447      0.28341505 -2.0269629E-004
      0.96000000     0.012548569     0.012410964      0.42514274      0.42514468 -4.5614195E-004
       1.2800000     0.012275761     0.012031137      0.56689624      0.56690084 -8.1108630E-004
       1.6000000     0.011925579     0.011543608      0.70868340      0.70869238 -1.2676594E-003
       1.9200000     0.011498417     0.010948993      0.85051264      0.85052817 -1.8260236E-003
       2.2400000     0.010994757     0.010248046      0.99239241      0.99241709 -2.4863771E-003
       2.5600000     0.010415171  9.4416587E-003       1.1343312       1.1343680 -3.2489546E-003
       2.8800000  9.7603168E-003  8.5308625E-003       1.2763373       1.2763898 -4.1140271E-003
       3.2000000  9.0309458E-003  7.5168280E-003       1.4184194       1.4184915 -5.0819019E-003
       3.5200000  8.2278979E-003  6.4008667E-003       1.5605859       1.5606819 -6.1529229E-003
       3.8400000  7.3521048E-003  5.1844315E-003       1.7028453       1.7029701 -7.3274709E-003
       4.1600000  6.4045902E-003  3.8691178E-003       1.8452062       1.8453650 -8.6059633E-003
       4.4800000  5.3864712E-003  2.4566650E-003       1.9876771       1.9878756 -9.9888543E-003
       4.8000000  4.2989587E-003  9.4895751E-004       2.1302665       2.1305110    -0.011476636
       5.1200000  3.1433592E-003 -6.5197398E-004       2.2729832       2.2732803    -0.013069836
       5.4400000  1.9210756E-003 -2.3439507E-003       2.4158357       2.4161925    -0.014769023
       5.7600000  6.3360861E-004 -4.1246444E-003       2.5588327       2.5592569    -0.016574799
       6.0800000 -7.1744162E-004 -5.9915756E-003       2.7019828       2.7024825    -0.018487806
       6.4000000 -2.1303742E-003 -7.9421115E-003       2.8452950       2.8458786    -0.020508726
       6.7200000 -3.6033858E-003 -9.9734645E-003       2.9887778       2.9894545    -0.022638277
       7.0400000 -5.1345688E-003    -0.012082690       3.1324401       3.1332195    -0.024877216
       7.3600000 -6.7219096E-003    -0.014266683       3.2762907       3.2771830    -0.027226339
       7.6800000 -8.3632864E-003    -0.016522177       3.4203386       3.4213543    -0.029686482
       8.0000000    -0.010056467    -0.018845744       3.5645927       3.5657429    -0.032258520
       8.3200000    -0.011799108    -0.021233785       3.7090619       3.7103584    -0.034943367
       8.6400000    -0.013588750    -0.023682535       3.8537553       3.8552104    -0.037741980
       8.9600000    -0.015422816    -0.026188054       3.9986820       4.0003084    -0.040655352
       9.2800000    -0.017298611    -0.028746229       4.1438511       4.1456621    -0.043684521
       9.6000000    -0.019213314    -0.031352766       4.2892718       4.2912814    -0.046830563
       9.9200000    -0.021163983    -0.034003190       4.4349533       4.4371761    -0.050094597
       10.240000    -0.023147544    -0.036692843       4.5809050       4.5833561    -0.053477784
       10.560000    -0.025160791    -0.039416874       4.7271362       4.7298314    -0.056981327
       10.880000    -0.027200384    -0.042170242       4.8736564       4.8766119    -0.060606470
       11.200000    -0.029262844    -0.044947708       5.0204750       5.0237080    -0.064354503
       11.520000    -0.031344549    -0.047743833       5.1676017       5.1711298    -0.068226756
       11.840000    -0.033441730    -0.050552973       5.3150460       5.3188875    -0.072224606
       12.160000    -0.035550467    -0.053369274       5.4628177       5.4669917    -0.076349471
       12.480000    -0.037666685    -0.056186667       5.6109266       5.6154528    -0.080602817
       12.800000    -0.039786150    -0.058998865       5.7593826       5.7642814    -0.084986150
       13.120000    -0.041904463    -0.061799357       5.9081955       5.9134882    -0.089501027
       13.440000    -0.044017055    -0.064581402       6.0573756       6.0630839    -0.094149047
       13.760000    -0.046119182    -0.067338025       6.2069328       6.2130795    -0.098931856
       14.080000    -0.048205920    -0.070062009       6.3568774       6.3634860     -0.10385115
       14.400000    -0.050272160    -0.072745894       6.5072197       6.5143144     -0.10890866
       14.720000    -0.052312598    -0.075381965       6.6579702       6.6655760     -0.11410619
       15.040000    -0.054321735    -0.077962249       6.8091392       6.8172822     -0.11944556
       15.360000    -0.056293864    -0.080478510       6.9607375       6.9694444     -0.12492865
       15.680000    -0.058223069    -0.082922239       7.1127758       7.1220742     -0.13055741
       16.000000    -0.060103212    -0.085284647       7.2652648       7.2751833     -0.13633382
       16.320000    -0.061927929    -0.087556664       7.4182155       7.4287837     -0.14225989
       16.640000    -0.063690624    -0.089728923       7.5716389       7.5828872     -0.14833772
       16.960000    -0.065384456    -0.091791758       7.7255462       7.7375061     -0.15456943
       17.280000    -0.067002333    -0.093735195       7.8799487       7.8926525     -0.16095721
       17.600000    -0.068536903    -0.095548944       8.0348578       8.0483391     -0.16750329
       17.920000    -0.069980546    -0.097222391       8.1902850       8.2045782     -0.17420995
       18.240000    -0.071325362    -0.098744589       8.3462420       8.3613828     -0.18107952
       18.560000    -0.072563162     -0.10010425       8.5027406       8.5187656     -0.18811440
       18.880000    -0.073685458     -0.10128973       8.6597927       8.6767399     -0.19531702
       19.200000    -0.074683452     -0.10228904       8.8174104       8.8353187     -0.20268988
       19.520000    -0.075548022     -0.10308981       8.9756060       8.9945156     -0.21023551
       19.840000    -0.076269718     -0.10367930       9.1343917       9.1543442     -0.21795652
       20.160000    -0.076838738     -0.10404438       9.2937802       9.3148183     -0.22585555
       20.480000    -0.077244928     -0.10417152       9.4537842       9.4759518     -0.23393531
       20.800000    -0.077477759     -0.10404680       9.6144164       9.6377589     -0.24219856
       21.120000    -0.077526319     -0.10365585       9.7756899       9.8002541     -0.25064809
       21.440000    -0.077379298     -0.10298393       9.9376180       9.9634519     -0.25928677
       21.760000    -0.077024971     -0.10201580       10.100214       10.127367     -0.26811752
       22.080000    -0.076451188     -0.10073584       10.263491       10.292015     -0.27714331
       22.400000    -0.075645352    -0.099127932       10.427464       10.457410     -0.28636715
       22.720000    -0.074594411    -0.097175514       10.592145       10.623569     -0.29579212
       23.040000    -0.073284834    -0.094861552       10.757550       10.790507     -0.30542134
       23.360000    -0.071702599    -0.092168533       10.923693       10.958240     -0.31525799
       23.680000    -0.069833175    -0.089078458       11.090587       11.126783     -0.32530530
       24.000000    -0.067661503    -0.085572835       11.258249       11.296155     -0.33556655
       24.320000    -0.065171979    -0.081632673       11.426692       11.466371     -0.34604506
       24.640000    -0.062348436    -0.077238476       11.595932       11.637448     -0.35674422
       24.960000    -0.059174122    -0.072370244       11.765985       11.809405     -0.36766745
       25.280000    -0.055631683    -0.067007465       11.936866       11.982257     -0.37881822
       25.600000    -0.051703145    -0.061129115       12.108591       12.156024     -0.39020007
       25.920000    -0.047369890    -0.054713666       12.281177       12.330723     -0.40181654
       26.240000    -0.042612638    -0.047739081       12.454638       12.506374     -0.41367127
       26.560000    -0.037411425    -0.040182827       12.628994       12.682994     -0.42576789
       26.880000    -0.031745580    -0.032021882       12.804259       12.860603     -0.43811009
       27.200000    -0.025593706    -0.023232751       12.980453       13.039221     -0.45070163
       27.520000    -0.018933657    -0.013791482       13.157591       13.218867     -0.46354624
       27.840000    -0.011742512 -3.6736871E-003       13.335692       13.399561     -0.47664775
       28.160000 -3.9965548E-003  7.1454238E-003       13.514775       13.581325     -0.49000998
       28.480000  4.3287555E-003     0.018691012       13.694857       13.764179     -0.50363678
       28.800000     0.013258808     0.030988566       13.875958       13.948144     -0.51753205
       29.120000     0.022819870     0.044063849       14.058096       14.133242     -0.53169966
       29.440000     0.033039117     0.057942840       14.241291       14.319496     -0.54614354
       29.760000     0.043944669     0.072651657       14.425563       14.506928     -0.56086760
       30.080000     0.055565629     0.088216478       14.610932       14.695560     -0.57587576
       30.400000     0.067932126      0.10466343       14.797419       14.885417     -0.59117193
       30.720000     0.081075367      0.12201849       14.985044       15.076523     -0.60675998
       31.040000     0.095027704      0.14030731       15.173830       15.268901     -0.62264378
       31.360000      0.10982270      0.15955512       15.363797       15.462576     -0.63882712
       31.680000      0.12549524      0.17978647       15.554969       15.657575     -0.65531376
       32.000000      0.14208162      0.20102506       15.747367       15.853922     -0.67210736

Table series: Data for wavelength : 0.656273 µm.
   Y Angle (deg)       Tan Shift       Sag Shift     Real Height     Ref. Height      Distortion
  --------------  --------------  --------------  --------------  --------------  --------------
      0.00000000     0.042059576     0.042059576      0.00000000      0.00000000      0.00000000
      0.32000000     0.042020279     0.042003898      0.14174567      0.14174572 -3.2206241E-005
      0.64000000     0.041903236     0.041836933      0.28349974      0.28350027 -1.8674427E-004
      0.96000000     0.041708578     0.041558883      0.42527063      0.42527252 -4.4438537E-004
       1.2800000     0.041436520     0.041170086      0.56706674      0.56707131 -8.0520029E-004
       1.6000000     0.041087364     0.040671018      0.70889649      0.70890549 -1.2693380E-003
       1.9200000     0.040661502     0.040062289      0.85076830      0.85078393 -1.8369734E-003
       2.2400000     0.040159410     0.039344646      0.99269061      0.99271551 -2.5083202E-003
       2.5600000     0.039581653     0.038518973       1.1346719       1.1347091 -3.2836313E-003
       2.8800000     0.038928884     0.037586292       1.2767205       1.2767737 -4.1631989E-003
       3.2000000     0.038201847     0.036547763       1.4188450       1.4189181 -5.1473546E-003
       3.5200000     0.037401372     0.035404686       1.5610539       1.5611512 -6.2364694E-003
       3.8400000     0.036528382     0.034158502       1.7033556       1.7034822 -7.4309540E-003
       4.1600000     0.035583889     0.032810790       1.8457587       1.8459199 -8.7312592E-003
       4.4800000     0.034568999     0.031363276       1.9882718       1.9884734    -0.010137876
       4.8000000     0.033484911     0.029817826       2.1309034       2.1311517    -0.011651335
       5.1200000     0.032332915     0.028176453       2.2736621       2.2739639    -0.013272208
       5.4400000     0.031114400     0.026441316       2.4165565       2.4169191    -0.015001109
       5.7600000     0.029830848     0.024614722       2.5595954       2.5600264    -0.016838690
       6.0800000     0.028483843     0.022699127       2.7027873       2.7032951    -0.018785647
       6.4000000     0.027075065     0.020697141       2.8461410       2.8467344    -0.020842718
       6.7200000     0.025606295     0.018611526       2.9896654       2.9903535    -0.023010681
       7.0400000     0.024079418     0.016445199       3.1333691       3.1341617    -0.025290358
       7.3600000     0.022496422     0.014201235       3.2772610       3.2781684    -0.027682614
       7.6800000     0.020859402     0.011882871       3.4213500       3.4223831    -0.030188358
       8.0000000     0.019170561  9.4935037E-003       3.5656450       3.5668152    -0.032808540
       8.3200000     0.017432212  7.0366966E-003       3.7101550       3.7114742    -0.035544157
       8.6400000     0.015646780  4.5161803E-003       3.8548890       3.8563697    -0.038396249
       8.9600000     0.013816805  1.9358561E-003       3.9998560       4.0015113    -0.041365903
       9.2800000     0.011944945 -7.0020116E-004       4.1450653       4.1469088    -0.044454249
       9.6000000     0.010033976 -3.3877402E-003       4.2905259       4.2925719    -0.047662466
       9.9200000  8.0867996E-003 -6.1223297E-003       4.4362471       4.4385104    -0.050991777
       10.240000  6.1064400E-003 -8.8993553E-003       4.5822383       4.5847343    -0.054443455
       10.560000  4.0960515E-003    -0.011714016       4.7285086       4.7312536    -0.058018819
       10.880000  2.0589195E-003    -0.014561319       4.8750676       4.8780784    -0.061719236
       11.200000 -1.5352815E-006    -0.017436080       5.0219248       5.0252187    -0.065546125
       11.520000 -2.0817537E-003    -0.020332912       5.1690897       5.1726847    -0.069500952
       11.840000 -4.1780344E-003    -0.023246230       5.3165719       5.3204870    -0.073585235
       12.160000 -6.2865298E-003    -0.026170239       5.4643811       5.4686357    -0.077800542
       12.480000 -8.4032421E-003    -0.029098933       5.6125270       5.6171414    -0.082148494
       12.800000    -0.010524019    -0.032026090       5.7610196       5.7660148    -0.086630763
       13.120000    -0.012644551    -0.034945267       5.9098688       5.9152664    -0.091249077
       13.440000    -0.014760363    -0.037849795       6.0590845       6.0649071    -0.096005215
       13.760000    -0.016866812    -0.040732772       6.2086769       6.2149478     -0.10090101
       14.080000    -0.018959083    -0.043587060       6.3586561       6.3653995     -0.10593837
       14.400000    -0.021032181    -0.046405278       6.5090324       6.5162733     -0.11111922
       14.720000    -0.023080930    -0.049179798       6.6598163       6.6675804     -0.11644557
       15.040000    -0.025099959    -0.051902733       6.8110181       6.8193322     -0.12191950
       15.360000    -0.027083707    -0.054565939       6.9626484       6.9715401     -0.12754312
       15.680000    -0.029026406    -0.057161003       7.1147179       7.1242158     -0.13331862
       16.000000    -0.030922084    -0.059679238       7.2672374       7.2773710     -0.13924824
       16.320000    -0.032764552    -0.062111674       7.4202177       7.4310175     -0.14533429
       16.640000    -0.034547397    -0.064449054       7.5736699       7.5851674     -0.15157915
       16.960000    -0.036263979    -0.066681827       7.7276050       7.7398328     -0.15798524
       17.280000    -0.037907422    -0.068800136       7.8820342       7.8950259     -0.16455507
       17.600000    -0.039470602    -0.070793813       8.0369690       8.0507592     -0.17129121
       17.920000    -0.040946145    -0.072652373       8.1924207       8.2070454     -0.17819629
       18.240000    -0.042326414    -0.074365002       8.3484011       8.3638971     -0.18527302
       18.560000    -0.043603503    -0.075920551       8.5049217       8.5213273     -0.19252417
       18.880000    -0.044769226    -0.077307526       8.6619944       8.6793490     -0.19995260
       19.200000    -0.045815111    -0.078514082       8.8196313       8.8379756     -0.20756122
       19.520000    -0.046732386    -0.079528010       8.9778446       8.9972203     -0.21535302
       19.840000    -0.047511971    -0.080336732       9.1366463       9.1570970     -0.22333108
       20.160000    -0.048144470    -0.080927289       9.2960491       9.3176193     -0.23149855
       20.480000    -0.048620158    -0.081286334       9.4560655       9.4788012     -0.23985866
       20.800000    -0.048928972    -0.081400119       9.6167082       9.6406570     -0.24841470
       21.120000    -0.049060496    -0.081254493       9.7779902       9.8032011     -0.25717008
       21.440000    -0.049003958    -0.080834884       9.9399244       9.9664479     -0.26612826
       21.760000    -0.048748209    -0.080126295       10.102524       10.130413     -0.27529281
       22.080000    -0.048281718    -0.079113295       10.265803       10.295110     -0.28466737
       22.400000    -0.047592559    -0.077780007       10.429774       10.460555     -0.29425567
       22.720000    -0.046668398    -0.076110102       10.594452       10.626764     -0.30406156
       23.040000    -0.045496480    -0.074086792       10.759850       10.793752     -0.31408894
       23.360000    -0.044063621    -0.071692816       10.925982       10.961535     -0.32434185
       23.680000    -0.042356191    -0.068910440       11.092863       11.130129     -0.33482439
       24.000000    -0.040360107    -0.065721447       11.260507       11.299552     -0.34554078
       24.320000    -0.038060817    -0.062107129       11.428930       11.469819     -0.35649535
       24.640000    -0.035443291    -0.058048287       11.598145       11.640948     -0.36769252
       24.960000    -0.032492009    -0.053525224       11.768168       11.812956     -0.37913684
       25.280000    -0.029190949    -0.048517745       11.939016       11.985860     -0.39083295
       25.600000    -0.025523579    -0.043005154       12.110702       12.159679     -0.40278562
       25.920000    -0.021472846    -0.036966257       12.283243       12.334431     -0.41499974
       26.240000    -0.017021166    -0.030379369       12.456656       12.510134     -0.42748032
       26.560000    -0.012150415    -0.023222312       12.630956       12.686808     -0.44023249
       26.880000 -6.8419251E-003    -0.015472433       12.806161       12.864470     -0.45326154
       27.200000 -1.0764746E-003 -7.1066134E-003       12.982286       13.043142     -0.46657287
       27.520000  5.1657148E-003  1.8987138E-003       13.159349       13.222842     -0.48017203
       27.840000     0.011904983     0.011567542       13.337368       13.403590     -0.49406472
       28.160000     0.019162233     0.021924261       13.516360       13.585409     -0.50825680
       28.480000     0.026958932     0.032993630       13.696343       13.768318     -0.52275426
       28.800000     0.035317112     0.044800727       13.877335       13.952338     -0.53756330
       29.120000     0.044259364     0.057370908       14.059356       14.137492     -0.55269026
       29.440000     0.053808842     0.070729743       14.242422       14.323802     -0.56814168
       29.760000     0.063989248     0.084902952       14.426555       14.511290     -0.58392428
       30.080000     0.074824836     0.099916318       14.611773       14.699979     -0.60004497
       30.400000     0.086340399      0.11579559       14.798096       14.889893     -0.61651087
       30.720000     0.098561271      0.13256639       14.985543       15.081056     -0.63332932
       31.040000      0.11151332      0.15025404       15.174137       15.273492     -0.65050788
       31.360000      0.12522295      0.16888346       15.363896       15.467226     -0.66805433
       31.680000      0.13971710      0.18847896       15.554844       15.662283     -0.68597671
       32.000000      0.15502328      0.20906406       15.747000       15.858690     -0.70428329
