Results for:	
File:	C:\Users\User\OneDrive - Massachusetts Institute of Technology\Documents\MIT\Grad School\Classes\2.156\Lens Project\Prime Lenses\US07791825-1.zmx
Title:	
Date:	11/7/2025 5:48:52 PM

0 message(s) in output.
5 series table(s) in output.

Table series: Data for wavelength : 0.436000 µm.
   Y Angle (deg)       Tan Shift       Sag Shift     Real Height     Ref. Height      Distortion
  --------------  --------------  --------------  --------------  --------------  --------------
      0.00000000     -0.65912717     -0.65912717      0.00000000      0.00000000      0.00000000
      0.13076107     -0.65919008     -0.65916467      0.34304525      0.34304486  1.1440386E-004
      0.26152214     -0.65937711     -0.65927714      0.68609426      0.68609329  1.4221188E-004
      0.39228321     -0.65968809     -0.65946447       1.0291508       1.0291489  1.8846376E-004
      0.52304428     -0.66012272     -0.65972649       1.3722186       1.3722152  2.5320175E-004
      0.65380535     -0.66068060     -0.66006294       1.7153015       1.7152958  3.3639978E-004
      0.78456642     -0.66136120     -0.66047352       2.0584032       2.0583942  4.3809722E-004
      0.91532749     -0.66216388     -0.66095782       2.4015275       2.4015141  5.5830063E-004
       1.0460886     -0.66308787     -0.66151541       2.7446782       2.7446591  6.9701779E-004
       1.1768496     -0.66413230     -0.66214574       3.0878590       3.0878326  8.5425765E-004
       1.3076107     -0.66529617     -0.66284821       3.4310736       3.4310383  1.0300304E-003
       1.4383718     -0.66657836     -0.66362216       3.7743260       3.7742798  1.2243474E-003
       1.5691328     -0.66797765     -0.66446684       4.1176198       4.1175606  1.4372213E-003
       1.6998939     -0.66949267     -0.66538143       4.4609588       4.4608843  1.6686657E-003
       1.8306550     -0.67112196     -0.66636507       4.8043468       4.8042546  1.9186958E-003
       1.9614161     -0.67286394     -0.66741678       5.1477875       5.1476749  2.1873278E-003
       2.0921771     -0.67471688     -0.66853554       5.4912848       5.4911490  2.4745790E-003
       2.2229382     -0.67667898     -0.66972025       5.8348425       5.8346803  2.7804682E-003
       2.3536993     -0.67874828     -0.67096974       6.1784643       6.1782725  3.1050152E-003
       2.4844603     -0.68092271     -0.67228278       6.5221540       6.5219291  3.4482411E-003
       2.6152214     -0.68320009     -0.67365803       6.8659154       6.8656538  3.8101683E-003
       2.7459825     -0.68557813     -0.67509412       7.2097523       7.2094502  4.1908203E-003
       2.8767435     -0.68805438     -0.67658958       7.5536686       7.5533219  4.5902220E-003
       3.0075046     -0.69062631     -0.67814288       7.8976679       7.8972724  5.0083995E-003
       3.1382657     -0.69329125     -0.67975241       8.2417542       8.2413054  5.4453800E-003
       3.2690268     -0.69604641     -0.68141650       8.5859312       8.5854246  5.9011923E-003
       3.3997878     -0.69888889     -0.68313338       8.9302028       8.9296335  6.3758660E-003
       3.5305489     -0.70181564     -0.68490124       9.2745727       9.2739357  6.8694325E-003
       3.6613100     -0.70482352     -0.68671817       9.6190449       9.6183349  7.3819239E-003
       3.7920710     -0.70790925     -0.68858219       9.9636231       9.9628347  7.9133742E-003
       3.9228321     -0.71106942     -0.69049125       10.308311       10.307439  8.4638182E-003
       4.0535932     -0.71430053     -0.69244323       10.653113       10.652151  9.0332922E-003
       4.1843543     -0.71759890     -0.69443592       10.998032       10.996974  9.6218338E-003
       4.3151153     -0.72096078     -0.69646704       11.343073       11.341913     0.010229482
       4.4458764     -0.72438227     -0.69853425       11.688239       11.686970     0.010856277
       4.5766375     -0.72785934     -0.70063510       12.033534       12.032150     0.011502260
       4.7073985     -0.73138784     -0.70276710       12.378962       12.377456     0.012167475
       4.8381596     -0.73496350     -0.70492765       12.724527       12.722892     0.012851965
       4.9689207     -0.73858191     -0.70711409       13.070233       13.068461     0.013555776
       5.0996817     -0.74223854     -0.70932368       13.416083       13.414168     0.014278955
       5.2304428     -0.74592872     -0.71155361       13.762082       13.760015     0.015021551
       5.3612039     -0.74964768     -0.71380096       14.108233       14.106007     0.015783612
       5.4919650     -0.75339049     -0.71606276       14.454541       14.452147     0.016565192
       5.6227260     -0.75715209     -0.71833595       14.801009       14.798439     0.017366341
       5.7534871     -0.76092732     -0.72061740       15.147641       15.144887     0.018187114
       5.8842482     -0.76471084     -0.72290387       15.494442       15.491494     0.019027567
       6.0150092     -0.76849723     -0.72519206       15.841414       15.838264     0.019887756
       6.1457703     -0.77228089     -0.72747859       16.188562       16.185201     0.020767739
       6.2765314     -0.77605611     -0.72975999       16.535891       16.532309     0.021667577
       6.4072924     -0.77981705     -0.73203271       16.883403       16.879591     0.022587330
       6.5380535     -0.78355772     -0.73429310       17.231103       17.227050     0.023527062
       6.6688146     -0.78727198     -0.73653746       17.578996       17.574692     0.024486837
       6.7995757     -0.79095360     -0.73876196       17.927084       17.922519     0.025466721
       6.9303367     -0.79459615     -0.74096272       18.275372       18.270536     0.026466780
       7.0610978     -0.79819311     -0.74313576       18.623864       18.618746     0.027487085
       7.1918589     -0.80173779     -0.74527701       18.972563       18.967153     0.028527705
       7.3226199     -0.80522338     -0.74738231       19.321475       19.315760     0.029588713
       7.4533810     -0.80864290     -0.74944742       19.670603       19.664572     0.030670181
       7.5841421     -0.81198925     -0.75146801       20.019951       20.013592     0.031772187
       7.7149031     -0.81525517     -0.75343964       20.369523       20.362825     0.032894806
       7.8456642     -0.81843327     -0.75535781       20.719323       20.712273     0.034038117
       7.9764253     -0.82151599     -0.75721791       21.069356       21.061942     0.035202201
       8.1071864     -0.82449563     -0.75901522       21.419625       21.411834     0.036387139
       8.2379474     -0.82736436     -0.76074497       21.770134       21.761953     0.037593016
       8.3687085     -0.83011417     -0.76240226       22.120888       22.112304     0.038819916
       8.4994696     -0.83273691     -0.76398209       22.471891       22.462891     0.040067927
       8.6302306     -0.83522428     -0.76547941       22.823147       22.813717     0.041337137
       8.7609917     -0.83756782     -0.76688901       23.174660       23.164785     0.042627638
       8.8917528     -0.83975891     -0.76820562       23.526434       23.516101     0.043939522
       9.0225139     -0.84178878     -0.76942387       23.878474       23.867668     0.045272884
       9.1532749     -0.84364849     -0.77053828       24.230783       24.219490     0.046627819
       9.2840360     -0.84532894     -0.77154327       24.583366       24.571570     0.048004425
       9.4147971     -0.84682088     -0.77243316       24.936227       24.923913     0.049402804
       9.5455581     -0.84811488     -0.77320216       25.289370       25.276524     0.050823056
       9.6763192     -0.84920136     -0.77384437       25.642800       25.629404     0.052265286
       9.8070803     -0.85007054     -0.77435381       25.996520       25.982560     0.053729599
       9.9378413     -0.85071251     -0.77472437       26.350536       26.335994     0.055216104
       10.068602     -0.85111717     -0.77494983       26.704851       26.689711     0.056724910
       10.199363     -0.85127424     -0.77502388       27.059470       27.043715     0.058256129
       10.330125     -0.85117327     -0.77494008       27.414397       27.398010     0.059809875
       10.460886     -0.85080363     -0.77469188       27.769636       27.752600     0.061386265
       10.591647     -0.85015453     -0.77427263       28.125192       28.107488     0.062985416
       10.722408     -0.84921496     -0.77367556       28.481069       28.462680     0.064607450
       10.853169     -0.84797376     -0.77289376       28.837271       28.818179     0.066252488
       10.983930     -0.84641957     -0.77192024       29.193804       29.173989     0.067920655
       11.114691     -0.84454083     -0.77074787       29.550670       29.530114     0.069612079
       11.245452     -0.84232583     -0.76936940       29.907876       29.886559     0.071326890
       11.376213     -0.83976261     -0.76777745       30.265424       30.243327     0.073065218
       11.506974     -0.83683906     -0.76596454       30.623321       30.600423     0.074827197
       11.637735     -0.83354286     -0.76392304       30.981569       30.957852     0.076612966
       11.768496     -0.82986146     -0.76164521       31.340175       31.315616     0.078422661
       11.899257     -0.82578215     -0.75912317       31.699141       31.673721     0.080256425
       12.030018     -0.82129199     -0.75634891       32.058473       32.032170     0.082114401
       12.160780     -0.81637782     -0.75331430       32.418176       32.390968     0.083996736
       12.291541     -0.81102631     -0.75001106       32.778253       32.750120     0.085903578
       12.422302     -0.80522386     -0.74643078       33.138710       33.109628     0.087835080
       12.553063     -0.79895670     -0.74256492       33.499551       33.469498     0.089791395
       12.683824     -0.79221081     -0.73840478       33.860781       33.829735     0.091772681
       12.814585     -0.78497195     -0.73394155       34.222405       34.190341     0.093779096
       12.945346     -0.77722565     -0.72916624       34.584426       34.551322     0.095810804
       13.076107     -0.76895723     -0.72406974       34.946851       34.912682     0.097867969

Table series: Data for wavelength : 0.486133 µm.
   Y Angle (deg)       Tan Shift       Sag Shift     Real Height     Ref. Height      Distortion
  --------------  --------------  --------------  --------------  --------------  --------------
      0.00000000     -0.69374838     -0.69374838      0.00000000      0.00000000      0.00000000
      0.13076107     -0.69380517     -0.69378784      0.34304631      0.34304579  1.5177554E-004
      0.26152214     -0.69397374     -0.69390618      0.68609639      0.68609516  1.7935576E-004
      0.39228321     -0.69425391     -0.69410328       1.0291540       1.0291517  2.2523320E-004
      0.52304428     -0.69464540     -0.69437899       1.3722229       1.3722189  2.8949163E-004
      0.65380535     -0.69514779     -0.69473305       1.7153068       1.7153004  3.7210892E-004
      0.78456642     -0.69576056     -0.69516516       2.0584096       2.0583998  4.7306664E-004
      0.91532749     -0.69648306     -0.69567492       2.4015349       2.4015207  5.9239555E-004
       1.0460886     -0.69731453     -0.69626188       2.7446866       2.7446665  7.3010327E-004
       1.1768496     -0.69825409     -0.69692552       3.0878684       3.0878410  8.8619860E-004
       1.3076107     -0.69930074     -0.69766524       3.4310841       3.4310477  1.0606915E-003
       1.4383718     -0.70045337     -0.69848038       3.7743374       3.7742901  1.2535932E-003
       1.5691328     -0.70171073     -0.69937021       4.1176321       4.1175718  1.4649160E-003
       1.6998939     -0.70307147     -0.70033391       4.4609721       4.4608965  1.6946734E-003
       1.8306550     -0.70453413     -0.70137062       4.8043610       4.8042677  1.9428802E-003
       1.9614161     -0.70609711     -0.70247938       5.1478027       5.1476890  2.2095523E-003
       2.0921771     -0.70775870     -0.70365918       5.4913009       5.4911639  2.4947067E-003
       2.2229382     -0.70951707     -0.70490894       5.8348595       5.8346962  2.7983618E-003
       2.3536993     -0.71137028     -0.70622748       6.1784821       6.1782893  3.1205371E-003
       2.4844603     -0.71331624     -0.70761358       6.5221726       6.5219469  3.4612532E-003
       2.6152214     -0.71535279     -0.70906594       6.8659348       6.8656725  3.8205322E-003
       2.7459825     -0.71747760     -0.71058318       7.2097725       7.2094699  4.1983972E-003
       2.8767435     -0.71968825     -0.71216386       7.5536895       7.5533425  4.5948725E-003
       3.0075046     -0.72198218     -0.71380645       7.8976896       7.8972939  5.0099837E-003
       3.1382657     -0.72435673     -0.71550937       8.2417765       8.2413279  5.4437576E-003
       3.2690268     -0.72680911     -0.71727096       8.5859542       8.5854480  5.8962223E-003
       3.3997878     -0.72933639     -0.71908947       8.9302264       8.9296578  6.3674070E-003
       3.5305489     -0.73193555     -0.72096309       9.2745969       9.2739610  6.8573423E-003
       3.6613100     -0.73460341     -0.72288995       9.6190696       9.6183611  7.3660600E-003
       3.7920710     -0.73733671     -0.72486809       9.9636482       9.9628618  7.8935932E-003
       3.9228321     -0.74013203     -0.72689547       10.308337       10.307467  8.4399761E-003
       4.0535932     -0.74298584     -0.72896999       10.653139       10.652180  9.0052444E-003
       4.1843543     -0.74589449     -0.73108947       10.998059       10.997004  9.5894350E-003
       4.3151153     -0.74885420     -0.73325166       11.343100       11.341944     0.010192586
       4.4458764     -0.75186106     -0.73545422       11.688266       11.687002     0.010814737
       4.5766375     -0.75491105     -0.73769474       12.033561       12.032183     0.011455928
       4.7073985     -0.75800000     -0.73997074       12.378989       12.377490     0.012116202
       4.8381596     -0.76112363     -0.74227967       12.724555       12.722927     0.012795603
       4.9689207     -0.76427753     -0.74461889       13.070260       13.068497     0.013494174
       5.0996817     -0.76745716     -0.74698567       13.416111       13.414204     0.014211962
       5.2304428     -0.77065785     -0.74937724       13.762110       13.760053     0.014949015
       5.3612039     -0.77387480     -0.75179071       14.108261       14.106045     0.015705380
       5.4919650     -0.77710307     -0.75422315       14.454568       14.452186     0.016481109
       5.6227260     -0.78033763     -0.75667151       14.801036       14.798479     0.017276254
       5.7534871     -0.78357326     -0.75913270       15.147668       15.144928     0.018090865
       5.8842482     -0.78680464     -0.76160352       15.494468       15.491536     0.018925000
       6.0150092     -0.79002633     -0.76408070       15.841440       15.838307     0.019778712
       6.1457703     -0.79323272     -0.76656089       16.188588       16.185245     0.020652059
       6.2765314     -0.79641809     -0.76904066       16.535916       16.532354     0.021545101
       6.4072924     -0.79957658     -0.77151650       16.883427       16.879637     0.022457896
       6.5380535     -0.80270220     -0.77398479       17.231127       17.227097     0.023390507
       6.6688146     -0.80578880     -0.77644186       17.579018       17.574740     0.024342996
       6.7995757     -0.80883012     -0.77888395       17.927105       17.922568     0.025315429
       6.9303367     -0.81181974     -0.78130719       18.275392       18.270586     0.026307870
       7.0610978     -0.81475110     -0.78370765       18.623883       18.618797     0.027320389
       7.1918589     -0.81761752     -0.78608130       18.972582       18.967204     0.028353053
       7.3226199     -0.82041216     -0.78842404       19.321493       19.315813     0.029405934
       7.4533810     -0.82312803     -0.79073166       19.670619       19.664626     0.030479104
       7.5841421     -0.82575802     -0.79299987       20.019966       20.013647     0.031572636
       7.7149031     -0.82829484     -0.79522430       20.369536       20.362880     0.032686606
       7.8456642     -0.83073110     -0.79740048       20.719335       20.712330     0.033821092
       7.9764253     -0.83305922     -0.79952384       21.069366       21.061999     0.034976171
       8.1071864     -0.83527149     -0.80158974       21.419633       21.411892     0.036151925
       8.2379474     -0.83736004     -0.80359343       21.770140       21.762013     0.037348434
       8.3687085     -0.83931686     -0.80553008       22.120893       22.112365     0.038565784
       8.4994696     -0.84113378     -0.80739475       22.471893       22.462952     0.039804059
       8.6302306     -0.84280248     -0.80918241       22.823147       22.813779     0.041063346
       8.7609917     -0.84431447     -0.81088795       23.174657       23.164848     0.042343734
       8.8917528     -0.84566113     -0.81250614       23.526429       23.516165     0.043645315
       9.0225139     -0.84683365     -0.81403166       23.878466       23.867733     0.044968180
       9.1532749     -0.84782308     -0.81545910       24.230772       24.219556     0.046312423
       9.2840360     -0.84862031     -0.81678293       24.583352       24.571637     0.047678142
       9.4147971     -0.84921605     -0.81799754       24.936210       24.923981     0.049065433
       9.5455581     -0.84960085     -0.81909721       25.289351       25.276592     0.050474397
       9.6763192     -0.84976511     -0.82007611       25.642777       25.629474     0.051905136
       9.8070803     -0.84969904     -0.82092830       25.996495       25.982631     0.053357752
       9.9378413     -0.84939268     -0.82164777       26.350507       26.336066     0.054832352
       10.068602     -0.84883592     -0.82222835       26.704818       26.689784     0.056329044
       10.199363     -0.84801846     -0.82266381       27.059433       27.043789     0.057847936
       10.330125     -0.84692981     -0.82294778       27.414356       27.398085     0.059389141
       10.460886     -0.84555933     -0.82307378       27.769591       27.752675     0.060952772
       10.591647     -0.84389619     -0.82303525       28.125143       28.107565     0.062538946
       10.722408     -0.84192936     -0.82282547       28.481016       28.462757     0.064147779
       10.853169     -0.83964765     -0.82243765       28.837214       28.818257     0.065779392
       10.983930     -0.83703966     -0.82186484       29.193741       29.174068     0.067433908
       11.114691     -0.83409383     -0.82110002       29.550603       29.530194     0.069111450
       11.245452     -0.83079838     -0.82013601       29.907804       29.886640     0.070812145
       11.376213     -0.82714136     -0.81896553       30.265347       30.243410     0.072536123
       11.506974     -0.82311059     -0.81758118       30.623238       30.600507     0.074283514
       11.637735     -0.81869373     -0.81597542       30.981481       30.957936     0.076054451
       11.768496     -0.81387822     -0.81414060       31.340080       31.315701     0.077849072
       11.899257     -0.80865129     -0.81206893       31.699041       31.673807     0.079667513
       12.030018     -0.80299998     -0.80975251       32.058367       32.032257     0.081509917
       12.160780     -0.79691110     -0.80718330       32.418063       32.391057     0.083376425
       12.291541     -0.79037125     -0.80435312       32.778134       32.750209     0.085267184
       12.422302     -0.78336684     -0.80125366       33.138584       33.109718     0.087182341
       12.553063     -0.77588403     -0.79787649       33.499418       33.469590     0.089122049
       12.683824     -0.76790876     -0.79421301       33.860641       33.829827     0.091086459
       12.814585     -0.75942678     -0.79025452       34.222257       34.190434     0.093075729
       12.945346     -0.75042357     -0.78599215       34.584271       34.551416     0.095090016
       13.076107     -0.74088439     -0.78141688       34.946688       34.912777     0.097129483

Table series: Data for wavelength : 0.587562 µm.
   Y Angle (deg)       Tan Shift       Sag Shift     Real Height     Ref. Height      Distortion
  --------------  --------------  --------------  --------------  --------------  --------------
      0.00000000     -0.53958049     -0.53958049      0.00000000      0.00000000      0.00000000
      0.13076107     -0.53962980     -0.53962235      0.34304291      0.34304277  4.1972058E-005
      0.26152214     -0.53977591     -0.53974789      0.68608958      0.68608911  6.9281272E-005
      0.39228321     -0.54001862     -0.53995702       1.0291438       1.0291426  1.1472650E-004
      0.52304428     -0.54035766     -0.54024955       1.3722092       1.3722068  1.7830802E-004
      0.65380535     -0.54079260     -0.54062525       1.7152898       1.7152853  2.6007814E-004
      0.78456642     -0.54132292     -0.54108380       2.0583891       2.0583817  3.6001214E-004
      0.91532749     -0.54194797     -0.54162483       2.4015110       2.4014995  4.7813083E-004
       1.0460886     -0.54266699     -0.54224788       2.7446592       2.7446423  6.1445081E-004
       1.1768496     -0.54347908     -0.54295244       3.0878375       3.0878138  7.6897271E-004
       1.3076107     -0.54438326     -0.54373792       3.4310497       3.4310174  9.4169670E-004
       1.4383718     -0.54537840     -0.54460366       3.7742995       3.7742568  1.1326422E-003
       1.5691328     -0.54646325     -0.54554893       4.1175908       4.1175355  1.3418214E-003
       1.6998939     -0.54763646     -0.54657294       4.4609272       4.4608572  1.5692473E-003
       1.8306550     -0.54889655     -0.54767481       4.8043125       4.8042253  1.8149344E-003
       1.9614161     -0.55024192     -0.54885362       5.1477506       5.1476436  2.0788982E-003
       2.0921771     -0.55167086     -0.55010835       5.4912452       5.4911155  2.3611554E-003
       2.2229382     -0.55318152     -0.55143792       5.8348000       5.8346447  2.6617238E-003
       2.3536993     -0.55477196     -0.55284120       6.1784190       6.1782348  2.9806224E-003
       2.4844603     -0.55644010     -0.55431695       6.5221058       6.5218894  3.3178715E-003
       2.6152214     -0.55818374     -0.55586390       6.8658642       6.8656120  3.6734925E-003
       2.7459825     -0.56000055     -0.55748068       7.2096981       7.2094063  4.0475079E-003
       2.8767435     -0.56188811     -0.55916586       7.5536112       7.5532759  4.4399415E-003
       3.0075046     -0.56384385     -0.56091793       7.8976074       7.8972243  4.8508182E-003
       3.1382657     -0.56586509     -0.56273533       8.2416904       8.2412552  5.2801643E-003
       3.2690268     -0.56794903     -0.56461640       8.5858641       8.5853723  5.7280070E-003
       3.3997878     -0.57009274     -0.56655942       8.9301322       8.9295791  6.1943749E-003
       3.5305489     -0.57229317     -0.56856262       9.2744986       9.2738792  6.6792978E-003
       3.6613100     -0.57454715     -0.57062411       9.6189671       9.6182763  7.1828068E-003
       3.7920710     -0.57685137     -0.57274197       9.9635416       9.9627740  7.7049341E-003
       3.9228321     -0.57920244     -0.57491419       10.308226       10.307376  8.2457131E-003
       4.0535932     -0.58159679     -0.57713867       10.653024       10.652086  8.8051785E-003
       4.1843543     -0.58403075     -0.57941327       10.997939       10.996907  9.3833664E-003
       4.3151153     -0.58650055     -0.58173575       11.342975       11.341844  9.9803139E-003
       4.4458764     -0.58900224     -0.58410381       11.688137       11.686899     0.010596060
       4.5766375     -0.59153179     -0.58651506       12.033428       12.032077     0.011230643
       4.7073985     -0.59408502     -0.58896704       12.378852       12.377381     0.011884106
       4.8381596     -0.59665763     -0.59145723       12.724412       12.722814     0.012556489
       4.9689207     -0.59924519     -0.59398302       13.070113       13.068382     0.013247838
       5.0996817     -0.60184314     -0.59654171       13.415958       13.414086     0.013958196
       5.2304428     -0.60444679     -0.59913055       13.761952       13.759931     0.014687611
       5.3612039     -0.60705132     -0.60174670       14.108098       14.105921     0.015436129
       5.4919650     -0.60965178     -0.60438723       14.454401       14.452059     0.016203800
       5.6227260     -0.61224310     -0.60704916       14.800863       14.798349     0.016990673
       5.7534871     -0.61482005     -0.60972940       15.147490       15.144795     0.017796801
       5.8842482     -0.61737729     -0.61242480       15.494284       15.491400     0.018622237
       6.0150092     -0.61990934     -0.61513213       15.841251       15.838168     0.019467034
       6.1457703     -0.62241059     -0.61784807       16.188393       16.185103     0.020331249
       6.2765314     -0.62487528     -0.62056923       16.535715       16.532208     0.021214938
       6.4072924     -0.62729754     -0.62329212       16.883221       16.879488     0.022118161
       6.5380535     -0.62967132     -0.62601319       17.230915       17.226945     0.023040977
       6.6688146     -0.63199048     -0.62872880       17.578800       17.574585     0.023983448
       6.7995757     -0.63424872     -0.63143521       17.926881       17.922410     0.024945636
       6.9303367     -0.63643958     -0.63412862       18.275162       18.270425     0.025927607
       7.0610978     -0.63855649     -0.63680513       18.623646       18.618632     0.026929425
       7.1918589     -0.64059273     -0.63946077       18.972338       18.967037     0.027951159
       7.3226199     -0.64254143     -0.64209146       19.321242       19.315642     0.028992877
       7.4533810     -0.64439558     -0.64469305       19.670362       19.664452     0.030054649
       7.5841421     -0.64614802     -0.64726130       20.019702       20.013470     0.031136548
       7.7149031     -0.64779146     -0.64979189       20.369265       20.362701     0.032238646
       7.8456642     -0.64931843     -0.65228039       20.719057       20.712147     0.033361020
       7.9764253     -0.65072134     -0.65472229       21.069080       21.061813     0.034503745
       8.1071864     -0.65199245     -0.65711301       21.419340       21.411703     0.035666899
       8.2379474     -0.65312386     -0.65944784       21.769840       21.761821     0.036850564
       8.3687085     -0.65410750     -0.66172201       22.120585       22.112170     0.038054820
       8.4994696     -0.65493518     -0.66393064       22.471577       22.462754     0.039279750
       8.6302306     -0.65559853     -0.66606877       22.822823       22.813578     0.040525439
       8.7609917     -0.65608904     -0.66813132       23.174325       23.164644     0.041791975
       8.8917528     -0.65639803     -0.67011314       23.526088       23.515958     0.043079444
       9.0225139     -0.65651666     -0.67200897       23.878117       23.867523     0.044387938
       9.1532749     -0.65643594     -0.67381346       24.230415       24.219342     0.045717547
       9.2840360     -0.65614670     -0.67552116       24.582986       24.571420     0.047068366
       9.4147971     -0.65563962     -0.67712651       24.935835       24.923762     0.048440490
       9.5455581     -0.65490522     -0.67862385       25.288966       25.276370     0.049834016
       9.6763192     -0.65393382     -0.68000744       25.642383       25.629248     0.051249043
       9.8070803     -0.65271560     -0.68127141       25.996091       25.982402     0.052685672
       9.9378413     -0.65124057     -0.68240980       26.350093       26.335834     0.054144006
       10.068602     -0.64949855     -0.68341654       26.704395       26.689549     0.055624149
       10.199363     -0.64747919     -0.68428546       27.059000       27.043551     0.057126208
       10.330125     -0.64517196     -0.68501027       27.413912       27.397843     0.058650293
       10.460886     -0.64256616     -0.68558459       27.769137       27.752431     0.060196512
       10.591647     -0.63965090     -0.68600190       28.124677       28.107317     0.061764980
       10.722408     -0.63641512     -0.68625561       28.480539       28.462506     0.063355810
       10.853169     -0.63284755     -0.68633898       28.836726       28.818003     0.064969119
       10.983930     -0.62893676     -0.68624516       29.193242       29.173811     0.066605027
       11.114691     -0.62467111     -0.68596722       29.550092       29.529934     0.068263655
       11.245452     -0.62003877     -0.68549806       29.907281       29.886377     0.069945124
       11.376213     -0.61502772     -0.68483050       30.264812       30.243143     0.071649562
       11.506974     -0.60962575     -0.68395724       30.622691       30.600237     0.073377095
       11.637735     -0.60382043     -0.68287082       30.980921       30.957663     0.075127853
       11.768496     -0.59759914     -0.68156371       31.339507       31.315425     0.076901968
       11.899257     -0.59094905     -0.68002821       31.698455       31.673528     0.078699575
       12.030018     -0.58385713     -0.67825652       32.057767       32.031975     0.080520811
       12.160780     -0.57631013     -0.67624071       32.417450       32.390771     0.082365814
       12.291541     -0.56829458     -0.67397270       32.777507       32.749920     0.084234726
       12.422302     -0.55979682     -0.67144430       33.137943       33.109426     0.086127691
       12.553063     -0.55080294     -0.66864718       33.498763       33.469295     0.088044856
       12.683824     -0.54129881     -0.66557288       33.859971       33.829529     0.089986370
       12.814585     -0.53127010     -0.66221278       34.221571       34.190133     0.091952385
       12.945346     -0.52070222     -0.65855816       34.583570       34.551112     0.093943054
       13.076107     -0.50958036     -0.65460011       34.945971       34.912469     0.095958534

Table series: Data for wavelength : 0.656273 µm.
   Y Angle (deg)       Tan Shift       Sag Shift     Real Height     Ref. Height      Distortion
  --------------  --------------  --------------  --------------  --------------  --------------
      0.00000000     -0.42620118     -0.42620118      0.00000000      0.00000000      0.00000000
      0.13076107     -0.42624738     -0.42624407      0.34304017      0.34304014  8.9580860E-006
      0.26152214     -0.42638413     -0.42637269      0.68608411      0.68608386  3.6129836E-005
      0.39228321     -0.42661125     -0.42658694       1.0291356       1.0291347  8.1336024E-005
      0.52304428     -0.42692846     -0.42688665       1.3721983       1.3721963  1.4464156E-004
      0.65380535     -0.42733533     -0.42727158       1.7152761       1.7152722  2.2603284E-004
      0.78456642     -0.42783134     -0.42774143       2.0583726       2.0583659  3.2550695E-004
      0.91532749     -0.42841583     -0.42829580       2.4014918       2.4014811  4.4309267E-004
       1.0460886     -0.42908805     -0.42893426       2.7446372       2.7446214  5.7877858E-004
       1.1768496     -0.42984711     -0.42965628       3.0878128       3.0877902  7.3258922E-004
       1.3076107     -0.43069199     -0.43046128       3.4310222       3.4309912  9.0452078E-004
       1.4383718     -0.43162158     -0.43134860       3.7742693       3.7742279  1.0945952E-003
       1.5691328     -0.43263464     -0.43231753       4.1175577       4.1175040  1.3028208E-003
       1.6998939     -0.43372979     -0.43336726       4.4608913       4.4608231  1.5292045E-003
       1.8306550     -0.43490557     -0.43449694       4.8042738       4.8041886  1.7737652E-003
       1.9614161     -0.43616037     -0.43570562       5.1477091       5.1476042  2.0365184E-003
       2.0921771     -0.43749247     -0.43699231       5.4912008       5.4910735  2.3174805E-003
       2.2229382     -0.43890003     -0.43835593       5.8347528       5.8346001  2.6166692E-003
       2.3536993     -0.44038109     -0.43979534       6.1783689       6.1781876  2.9341033E-003
       2.4844603     -0.44193357     -0.44130932       6.5220528       6.5218395  3.2698028E-003
       2.6152214     -0.44355526     -0.44289660       6.8658083       6.8655595  3.6237889E-003
       2.7459825     -0.44524385     -0.44455581       7.2096393       7.2093512  3.9960840E-003
       2.8767435     -0.44699688     -0.44628553       7.5535495       7.5532181  4.3867114E-003
       3.0075046     -0.44881180     -0.44808427       7.8975427       7.8971639  4.7956959E-003
       3.1382657     -0.45068592     -0.44995045       8.2416227       8.2411922  5.2230634E-003
       3.2690268     -0.45261642     -0.45188243       8.5857934       8.5853067  5.6688410E-003
       3.3997878     -0.45460038     -0.45387851       8.9300585       8.9295108  6.1330569E-003
       3.5305489     -0.45663473     -0.45593690       9.2744218       9.2738083  6.6157405E-003
       3.6613100     -0.45871631     -0.45805574       9.6188873       9.6182028  7.1169226E-003
       3.7920710     -0.46084180     -0.46023310       9.9634586       9.9626978  7.6366351E-003
       3.9228321     -0.46300778     -0.46246698       10.308140       10.307297  8.1749110E-003
       4.0535932     -0.46521069     -0.46475531       10.652934       10.652004  8.7317847E-003
       4.1843543     -0.46744687     -0.46709594       10.997846       10.996823  9.3072917E-003
       4.3151153     -0.46971250     -0.46948664       11.342880       11.341757  9.9014690E-003
       4.4458764     -0.47200366     -0.47192512       11.688038       11.686810     0.010514355
       4.5766375     -0.47431629     -0.47440900       12.033326       12.031985     0.011145988
       4.7073985     -0.47664621     -0.47693584       12.378746       12.377286     0.011796409
       4.8381596     -0.47898910     -0.47950311       12.724303       12.722717     0.012465660
       4.9689207     -0.48134053     -0.48210823       13.070001       13.068282     0.013153785
       5.0996817     -0.48369593     -0.48474850       13.415843       13.413983     0.013860827
       5.2304428     -0.48605059     -0.48742118       13.761833       13.759826     0.014586833
       5.3612039     -0.48839969     -0.49012345       14.107976       14.105813     0.015331849
       5.4919650     -0.49073827     -0.49285239       14.454275       14.451949     0.016095924
       5.6227260     -0.49306124     -0.49560503       14.800734       14.798236     0.016879107
       5.7534871     -0.49536336     -0.49837829       15.147357       15.144679     0.017681450
       5.8842482     -0.49763929     -0.50116904       15.494148       15.491281     0.018503005
       6.0150092     -0.49988353     -0.50397406       15.841110       15.838047     0.019343826
       6.1457703     -0.50209045     -0.50679004       16.188249       16.184979     0.020203968
       6.2765314     -0.50425429     -0.50961360       16.535567       16.532082     0.021083487
       6.4072924     -0.50636915     -0.51244129       16.883069       16.879359     0.021982441
       6.5380535     -0.50842899     -0.51526955       17.230759       17.226814     0.022900891
       6.6688146     -0.51042763     -0.51809475       17.578640       17.574451     0.023838895
       6.7995757     -0.51235877     -0.52091319       17.926717       17.922273     0.024796518
       6.9303367     -0.51421594     -0.52372107       18.274994       18.270285     0.025773821
       7.0610978     -0.51599256     -0.52651452       18.623474       18.618490     0.026770872
       7.1918589     -0.51768187     -0.52928957       18.972162       18.966892     0.027787735
       7.3226199     -0.51927699     -0.53204216       19.321062       19.315495     0.028824479
       7.4533810     -0.52077091     -0.53476818       19.670178       19.664302     0.029881174
       7.5841421     -0.52215645     -0.53746338       20.019513       20.013317     0.030957891
       7.7149031     -0.52342629     -0.54012347       20.369072       20.362545     0.032054703
       7.8456642     -0.52457296     -0.54274405       20.718859       20.711989     0.033171683
       7.9764253     -0.52558884     -0.54532062       21.068878       21.061652     0.034308908
       8.1071864     -0.52646617     -0.54784861       21.419134       21.411540     0.035466454
       8.2379474     -0.52719704     -0.55032335       21.769629       21.761654     0.036644401
       8.3687085     -0.52777336     -0.55274008       22.120369       22.112001     0.037842830
       8.4994696     -0.52818692     -0.55509395       22.471357       22.462582     0.039061823
       8.6302306     -0.52842932     -0.55738001       22.822597       22.813403     0.040301462
       8.7609917     -0.52849205     -0.55959321       23.174095       23.164467     0.041561836
       8.8917528     -0.52836639     -0.56172842       23.525853       23.515778     0.042843029
       9.0225139     -0.52804349     -0.56378042       23.877876       23.867340     0.044145132
       9.1532749     -0.52751433     -0.56574386       24.230169       24.219157     0.045468235
       9.2840360     -0.52676973     -0.56761332       24.582735       24.571233     0.046812430
       9.4147971     -0.52580034     -0.56938328       24.935579       24.923571     0.048177813
       9.5455581     -0.52459664     -0.57104810       25.288704       25.276176     0.049564478
       9.6763192     -0.52314897     -0.57260206       25.642116       25.629052     0.050972524
       9.8070803     -0.52144745     -0.57403933       25.995818       25.982203     0.052402050
       9.9378413     -0.51948208     -0.57535396       26.349815       26.335633     0.053853159
       10.068602     -0.51724264     -0.57653993       26.704111       26.689345     0.055325953
       10.199363     -0.51471877     -0.57759108       27.058710       27.043344     0.056820538
       10.330125     -0.51189991     -0.57850117       27.413617       27.397634     0.058337021
       10.460886     -0.50877534     -0.57926382       27.768835       27.752218     0.059875512
       10.591647     -0.50533414     -0.57987258       28.124370       28.107102     0.061436122
       10.722408     -0.50156521     -0.58032086       28.480226       28.462289     0.063018964
       10.853169     -0.49745726     -0.58060196       28.836406       28.817783     0.064624154
       10.983930     -0.49299883     -0.58070909       29.192916       29.173588     0.066251809
       11.114691     -0.48817826     -0.58063531       29.549760       29.529708     0.067902048
       11.245452     -0.48298368     -0.58037360       29.906941       29.886148     0.069574993
       11.376213     -0.47740305     -0.57991678       30.264466       30.242912     0.071270769
       11.506974     -0.47142411     -0.57925760       30.622338       30.600003     0.072989501
       11.637735     -0.46503442     -0.57838865       30.980561       30.957426     0.074731317
       11.768496     -0.45822131     -0.57730241       31.339141       31.315186     0.076496348
       11.899257     -0.45097194     -0.57599124       31.698081       31.673286     0.078284726
       12.030018     -0.44327322     -0.57444738       32.057386       32.031730     0.080096588
       12.160780     -0.43511189     -0.57266293       32.417062       32.390523     0.081932069
       12.291541     -0.42647444     -0.57062987       32.777111       32.749670     0.083791310
       12.422302     -0.41734715     -0.56834003       33.137540       33.109173     0.085674454
       12.553063     -0.40771611     -0.56578514       33.498351       33.469039     0.087581645
       12.683824     -0.39756714     -0.56295677       33.859552       33.829270     0.089513029
       12.814585     -0.38688586     -0.55984637       34.221145       34.189872     0.091468758
       12.945346     -0.37565766     -0.55644523       34.583135       34.550848     0.093448983
       13.076107     -0.36386768     -0.55274453       34.945528       34.912203     0.095453859

Table series: Data for wavelength : 0.706000 µm.
   Y Angle (deg)       Tan Shift       Sag Shift     Real Height     Ref. Height      Distortion
  --------------  --------------  --------------  --------------  --------------  --------------
      0.00000000     -0.35784455     -0.35784455      0.00000000      0.00000000      0.00000000
      0.13076107     -0.35788904     -0.35788801      0.34303842      0.34303843 -2.8234784E-006
      0.26152214     -0.35802066     -0.35801835      0.68608060      0.68608043  2.4194391E-005
      0.39228321     -0.35823922     -0.35823547       1.0291303       1.0291296  6.9277210E-005
      0.52304428     -0.35854443     -0.35853919       1.3721913       1.3721895  1.3240450E-004
      0.65380535     -0.35893588     -0.35892929       1.7152673       1.7152636  2.1357489E-004
      0.78456642     -0.35941305     -0.35940543       2.0583621       2.0583557  3.1279345E-004
      0.91532749     -0.35997527     -0.35996726       2.4014795       2.4014691  4.3007291E-004
       1.0460886     -0.36062179     -0.36061432       2.7446232       2.7446076  5.6539642E-004
       1.1768496     -0.36135171     -0.36134610       3.0877969       3.0877748  7.1880557E-004
       1.3076107     -0.36216402     -0.36216201       3.4310046       3.4309740  8.9029813E-004
       1.4383718     -0.36305762     -0.36306140       3.7742498       3.7742091  1.0798820E-003
       1.5691328     -0.36403124     -0.36404354       4.1175365       4.1174835  1.2875653E-003
       1.6998939     -0.36508352     -0.36510764       4.4608683       4.4608008  1.5133683E-003
       1.8306550     -0.36621299     -0.36625284       4.8042490       4.8041646  1.7573029E-003
       1.9614161     -0.36741805     -0.36747822       5.1476825       5.1475785  2.0193791E-003
       2.0921771     -0.36869695     -0.36878276       5.4911724       5.4910461  2.2996170E-003
       2.2229382     -0.37004788     -0.37016540       5.8347226       5.8345710  2.5980343E-003
       2.3536993     -0.37146885     -0.37162499       6.1783368       6.1781567  2.9146495E-003
       2.4844603     -0.37295780     -0.37316033       6.5220189       6.5218069  3.2494825E-003
       2.6152214     -0.37451251     -0.37477013       6.8657726       6.8655252  3.6025545E-003
       2.7459825     -0.37613066     -0.37645304       7.2096017       7.2093152  3.9738876E-003
       2.8767435     -0.37780980     -0.37820765       7.5535100       7.5531804  4.3635052E-003
       3.0075046     -0.37954736     -0.38003244       7.8975013       7.8971245  4.7714317E-003
       3.1382657     -0.38134065     -0.38192587       8.2415794       8.2411511  5.1976931E-003
       3.2690268     -0.38318687     -0.38388629       8.5857482       8.5852638  5.6423160E-003
       3.3997878     -0.38508307     -0.38591200       8.9300114       8.9294662  6.1053287E-003
       3.5305489     -0.38702619     -0.38800121       9.2743728       9.2737620  6.5867604E-003
       3.6613100     -0.38901305     -0.39015207       9.6188363       9.6181547  7.0866416E-003
       3.7920710     -0.39104034     -0.39236266       9.9634057       9.9626480  7.6050041E-003
       3.9228321     -0.39310463     -0.39463098       10.308085       10.307246  8.1418807E-003
       4.0535932     -0.39520237     -0.39695496       10.652878       10.651951  8.6973055E-003
       4.1843543     -0.39732988     -0.39933245       10.997788       10.996768  9.2713140E-003
       4.3151153     -0.39948334     -0.40176124       11.342819       11.341700  9.8639426E-003
       4.4458764     -0.40165882     -0.40423904       11.687975       11.686751     0.010475229
       4.5766375     -0.40385226     -0.40676347       12.033261       12.031925     0.011105213
       4.7073985     -0.40605947     -0.40933210       12.378679       12.377224     0.011753935
       4.8381596     -0.40827614     -0.41194241       12.724234       12.722654     0.012421435
       4.9689207     -0.41049782     -0.41459180       13.069929       13.068216     0.013107758
       5.0996817     -0.41271993     -0.41727761       13.415769       13.413916     0.013812947
       5.2304428     -0.41493777     -0.41999710       13.761758       13.759757     0.014537047
       5.3612039     -0.41714651     -0.42274743       14.107898       14.105743     0.015280106
       5.4919650     -0.41934117     -0.42552572       14.454195       14.451876     0.016042171
       5.6227260     -0.42151666     -0.42832897       14.800651       14.798162     0.016823292
       5.7534871     -0.42366774     -0.43115415       15.147272       15.144603     0.017623520
       5.8842482     -0.42578906     -0.43399811       15.494061       15.491204     0.018442907
       6.0150092     -0.42787511     -0.43685763       15.841021       15.837967     0.019281506
       6.1457703     -0.42992026     -0.43972944       16.188157       16.184898     0.020139372
       6.2765314     -0.43191873     -0.44261014       16.535473       16.531999     0.021016561
       6.4072924     -0.43386462     -0.44549629       16.882973       16.879274     0.021913130
       6.5380535     -0.43575189     -0.44838434       17.230660       17.226728     0.022829140
       6.6688146     -0.43757434     -0.45127068       17.578539       17.574363     0.023764650
       6.7995757     -0.43932567     -0.45415162       17.926614       17.922184     0.024719721
       6.9303367     -0.44099939     -0.45702335       18.274888       18.270194     0.025694418
       7.0610978     -0.44258892     -0.45988201       18.623366       18.618397     0.026688804
       7.1918589     -0.44408749     -0.46272366       18.972052       18.966797     0.027702947
       7.3226199     -0.44548822     -0.46554424       19.320949       19.315398     0.028736914
       7.4533810     -0.44678408     -0.46833964       19.670062       19.664204     0.029790773
       7.5841421     -0.44796787     -0.47110563       20.019394       20.013217     0.030864596
       7.7149031     -0.44903228     -0.47383793       20.368951       20.362443     0.031958455
       7.8456642     -0.44996982     -0.47653214       20.718735       20.711885     0.033072423
       7.9764253     -0.45077287     -0.47918379       21.068752       21.061547     0.034206576
       8.1071864     -0.45143365     -0.48178830       21.419004       21.411433     0.035360991
       8.2379474     -0.45194423     -0.48434103       21.769496       21.761546     0.036535746
       8.3687085     -0.45229653     -0.48683722       22.120233       22.111890     0.037730921
       8.4994696     -0.45248232     -0.48927203       22.471219       22.462470     0.038946598
       8.6302306     -0.45249319     -0.49164053       22.822456       22.813289     0.040182860
       8.7609917     -0.45232061     -0.49393768       23.173951       23.164351     0.041439793
       8.8917528     -0.45195586     -0.49615837       23.525706       23.515661     0.042717483
       9.0225139     -0.45139007     -0.49829737       23.877726       23.867221     0.044016018
       9.1532749     -0.45061421     -0.50034937       24.230016       24.219036     0.045335489
       9.2840360     -0.44961909     -0.50230895       24.582579       24.571110     0.046675988
       9.4147971     -0.44839534     -0.50417060       24.935419       24.923447     0.048037607
       9.5455581     -0.44693344     -0.50592870       25.288542       25.276050     0.049420444
       9.6763192     -0.44522370     -0.50757755       25.641950       25.628924     0.050824594
       9.8070803     -0.44325624     -0.50911132       25.995649       25.982073     0.052250157
       9.9378413     -0.44102103     -0.51052410       26.349642       26.335501     0.053697233
       10.068602     -0.43850786     -0.51180986       26.703935       26.689211     0.055165927
       10.199363     -0.43570633     -0.51296247       27.058530       27.043209     0.056656342
       10.330125     -0.43260589     -0.51397570       27.413434       27.397497     0.058168584
       10.460886     -0.42919578     -0.51484320       27.768649       27.752080     0.059702764
       10.591647     -0.42546507     -0.51555852       28.124180       28.106962     0.061258990
       10.722408     -0.42140266     -0.51611509       28.480032       28.462147     0.062837377
       10.853169     -0.41699724     -0.51650624       28.836208       28.817639     0.064438037
       10.983930     -0.41223732     -0.51672518       29.192714       29.173442     0.066061089
       11.114691     -0.40711123     -0.51676501       29.549554       29.529561     0.067706650
       11.245452     -0.40160709     -0.51661871       29.906732       29.885999     0.069374842
       11.376213     -0.39571283     -0.51627913       30.264253       30.242761     0.071065788
       11.506974     -0.38941619     -0.51573904       30.622121       30.599850     0.072779612
       11.637735     -0.38270469     -0.51499104       30.980340       30.957272     0.074516442
       11.768496     -0.37556566     -0.51402765       31.338915       31.315029     0.076276408
       11.899257     -0.36798623     -0.51284124       31.697851       31.673127     0.078059642
       12.030018     -0.35995330     -0.51142407       32.057153       32.031570     0.079866278
       12.160780     -0.35145358     -0.50976826       32.416823       32.390362     0.081696451
       12.291541     -0.34247355     -0.50786581       32.776868       32.749506     0.083550303
       12.422302     -0.33299947     -0.50570859       33.137292       33.109008     0.085427972
       12.553063     -0.32301740     -0.50328835       33.498100       33.468872     0.087329604
       12.683824     -0.31251315     -0.50059667       33.859295       33.829101     0.089255344
       12.814585     -0.30147231     -0.49762503       34.220884       34.189701     0.091205341
       12.945346     -0.28988025     -0.49436476       34.582869       34.550675     0.093179747
       13.076107     -0.27772210     -0.49080704       34.945257       34.912028     0.095178715
