Results for:	
File:	C:\Users\User\OneDrive - Massachusetts Institute of Technology\Documents\MIT\Grad School\Classes\2.156\Lens Project\Prime Lenses\JP2018-049102_Example01P.zmx
Title:	JP 2018-049102 Example 1 (Canon EF135mm f2L USM)
Date:	11/7/2025 5:32:29 PM

0 message(s) in output.
3 series table(s) in output.

Table series: Data for wavelength : 0.486133 µm.
   Y Angle (deg)       Tan Shift       Sag Shift     Real Height     Ref. Height      Distortion
  --------------  --------------  --------------  --------------  --------------  --------------
      0.00000000    -0.015620102    -0.015620102      0.00000000      0.00000000      0.00000000
     0.091658404    -0.015643070    -0.015641952      0.21359532      0.21359519  6.2296549E-005
      0.18331681    -0.015709242    -0.015707486      0.42719242      0.42719147  2.2163295E-004
      0.27497521    -0.015818568    -0.015816657      0.64079306      0.64078994  4.8715868E-004
      0.36663362    -0.015970959    -0.015969384      0.85439902      0.85439169  8.5882135E-004
      0.45829202    -0.016166294    -0.016165557       1.0680121       1.0679978  1.3365475E-003
      0.54995042    -0.016404415    -0.016405031       1.2816340       1.2816094  1.9202427E-003
      0.64160883    -0.016685132    -0.016687632       1.4952666       1.4952275  2.6097913E-003
      0.73326723    -0.017008217    -0.017013153       1.7089115       1.7088533  3.4050565E-003
      0.82492563    -0.017373411    -0.017381354       1.9225707       1.9224879  4.3058801E-003
      0.91658404    -0.017780417    -0.017791964       2.1362458       2.1361323  5.3120826E-003
       1.0082424    -0.018228905    -0.018244679       2.3499386       2.3497876  6.4234650E-003
       1.0999008    -0.018718512    -0.018739163       2.5636508       2.5634550  7.6398006E-003
       1.1915592    -0.019248838    -0.019275048       2.7773843       2.7771355  8.9608468E-003
       1.2832177    -0.019819452    -0.019851933       2.9911408       2.9908302     0.010386337
       1.3748761    -0.020429887    -0.020469385       3.2049220       3.2045402     0.011915983
       1.4665345    -0.021079644    -0.021126938       3.4187298       3.4182666     0.013549473
       1.5581929    -0.021768187    -0.021824093       3.6325658       3.6320106     0.015286473
       1.6498513    -0.022494950    -0.022560317       3.8464318       3.8457731     0.017126628
       1.7415097    -0.023259334    -0.023335046       4.0603295       4.0595553     0.019069558
       1.8331681    -0.024060704    -0.024147680       4.2742607       4.2733584     0.021114860
       1.9248265    -0.024898395    -0.024997589       4.4882271       4.4871833     0.023262107
       2.0164849    -0.025771708    -0.025884106       4.7022305       4.7010313     0.025510849
       2.1081433    -0.026679914    -0.026806531       4.9162726       4.9149033     0.027860613
       2.1998017    -0.027622250    -0.027764132       5.1303551       5.1288005     0.030310898
       2.2914601    -0.028597922    -0.028756139       5.3444797       5.3427240     0.032861181
       2.3831185    -0.029606105    -0.029781750       5.5586481       5.5566749     0.035510913
       2.4747769    -0.030645943    -0.030840128       5.7728621       5.7706543     0.038259518
       2.5664353    -0.031716551    -0.031930401       5.9871233       5.9846632     0.041106397
       2.6580937    -0.032817010    -0.033051660       6.2014335       6.1987029     0.044050922
       2.7497521    -0.033946377    -0.034202964       6.4157943       6.4127744     0.047092439
       2.8414105    -0.035103674    -0.035383332       6.6302074       6.6268787     0.050230267
       2.9330689    -0.036287899    -0.036591749       6.8446745       6.8410171     0.053463695
       3.0247273    -0.037498020    -0.037827164       7.0591973       7.0551905     0.056791987
       3.1163857    -0.038732976    -0.039088490       7.2737774       7.2694002     0.060214375
       3.2080441    -0.039991681    -0.040374599       7.4884166       7.4836472     0.063730064
       3.2997025    -0.041273022    -0.041684331       7.7031163       7.6979326     0.067338228
       3.3913609    -0.042575859    -0.043016484       7.9178783       7.9122576     0.071038011
       3.4830193    -0.043899028    -0.044369820       8.1327042       8.1266232     0.074828523
       3.5746777    -0.045241341    -0.045743062       8.3475957       8.3410305     0.078708847
       3.6663362    -0.046601584    -0.047134895       8.5625542       8.5554807     0.082678029
       3.7579946    -0.047978523    -0.048543964       8.7775815       8.7699749     0.086735084
       3.8496530    -0.049370899    -0.049968874       8.9926792       8.9845142     0.090878992
       3.9413114    -0.050777435    -0.051408191       9.2078487       9.1990996     0.095108700
       4.0329698    -0.052196830    -0.052860441       9.4230918       9.4137324     0.099423117
       4.1246282    -0.053627766    -0.054324106       9.6384099       9.6284135      0.10382112
       4.2162866    -0.055068907    -0.055797631       9.8538045       9.8431442      0.10830154
       4.3079450    -0.056518898    -0.057279418       10.069277       10.057926      0.11286318
       4.3996034    -0.057976368    -0.058767823       10.284830       10.272759      0.11750480
       4.4912618    -0.059439933    -0.060261166       10.500463       10.487645      0.12222512
       4.5829202    -0.060908195    -0.061757717       10.716180       10.702585      0.12702281
       4.6745786    -0.062379740    -0.063255707       10.931980       10.917580      0.13189652
       4.7662370    -0.063853148    -0.064753322       11.147866       11.132631      0.13684484
       4.8578954    -0.065326986    -0.066248701       11.363839       11.347740      0.14186632
       4.9495538    -0.066799814    -0.067739940       11.579900       11.562908      0.14695946
       5.0412122    -0.068270188    -0.069225089       11.796052       11.778134      0.15212272
       5.1328706    -0.069736655    -0.070702149       12.012294       11.993422      0.15735451
       5.2245290    -0.071197763    -0.072169078       12.228630       12.208772      0.16265320
       5.3161874    -0.072652057    -0.073623784       12.445059       12.424184      0.16801709
       5.4078458    -0.074098083    -0.075064127       12.661584       12.639661      0.17344444
       5.4995042    -0.075534392    -0.076487918       12.878205       12.855203      0.17893347
       5.5911626    -0.076959537    -0.077892921       13.094925       13.070811      0.18448232
       5.6828210    -0.078372083    -0.079276846       13.311744       13.286487      0.19008909
       5.7744794    -0.079770602    -0.080637355       13.528663       13.502232      0.19575181
       5.8661378    -0.081153678    -0.081972059       13.745684       13.718046      0.20146847
       5.9577962    -0.082519914    -0.083278514       13.962808       13.933932      0.20723699
       6.0494547    -0.083867928    -0.084554228       14.180036       14.149889      0.21305522
       6.1411131    -0.085196361    -0.085796651       14.397370       14.365920      0.21892095
       6.2327715    -0.086503876    -0.087003181       14.614810       14.582025      0.22483190
       6.3244299    -0.087789167    -0.088171162       14.832358       14.798206      0.23078574
       6.4160883    -0.089050957    -0.089297881       15.050014       15.014463      0.23678003
       6.5077467    -0.090288004    -0.090380569       15.267780       15.230798      0.24281231
       6.5994051    -0.091499106    -0.091416400       15.485657       15.447212      0.24888000
       6.6910635    -0.092683101    -0.092402492       15.703646       15.663707      0.25498046
       6.7827219    -0.093838877    -0.093335902       15.921747       15.880282      0.26111098
       6.8743803    -0.094965371    -0.094213629       16.139962       16.096940      0.26726874
       6.9660387    -0.096061579    -0.095032612       16.358291       16.313681      0.27345087
       7.0576971    -0.097126556    -0.095789728       16.576736       16.530508      0.27965439
       7.1493555    -0.098159424    -0.096481795       16.795297       16.747420      0.28587623
       7.2410139    -0.099159377    -0.097105566       17.013974       16.964419      0.29211323
       7.3326723     -0.10012569    -0.097657733       17.232770       17.181507      0.29836214
       7.4243307     -0.10105771    -0.098134922       17.451683       17.398683      0.30461961
       7.5159891     -0.10195490    -0.098533697       17.670716       17.615951      0.31088216
       7.6076475     -0.10281678    -0.098850553       17.889868       17.833310      0.31714625
       7.6993059     -0.10364302    -0.099081923       18.109140       18.050762      0.32340819
       7.7909643     -0.10443337    -0.099224169       18.328532       18.268308      0.32966420
       7.8826227     -0.10518771    -0.099273588       18.548046       18.485950      0.33591037
       7.9742811     -0.10590605    -0.099226408       18.767681       18.703688      0.34214267
       8.0659395     -0.10658853    -0.099078786       18.987437       18.921523      0.34835694
       8.1575979     -0.10723544    -0.098826813       19.207316       19.139457      0.35454891
       8.2492563     -0.10784723    -0.098466506       19.427317       19.357491      0.36071416
       8.3409147     -0.10842451    -0.097993811       19.647440       19.575627      0.36684811
       8.4325732     -0.10896808    -0.097404604       19.867685       19.793865      0.37294607
       8.5242316     -0.10947890    -0.096694687       20.088053       20.012206      0.37900318
       8.6158900     -0.10995817    -0.095859790       20.308543       20.230652      0.38501443
       8.7075484     -0.11040727    -0.094895569       20.529155       20.449204      0.39097465
       8.7992068     -0.11082782    -0.093797605       20.749889       20.667863      0.39687848
       8.8908652     -0.11122169    -0.092561405       20.970745       20.886630      0.40272043
       8.9825236     -0.11159098    -0.091182404       21.191722       21.105507      0.40849479
       9.0741820     -0.11193809    -0.089655957       21.412820       21.324495      0.41419567
       9.1658404     -0.11226569    -0.087977347       21.634038       21.543594      0.41981701

Table series: Data for wavelength : 0.587562 µm.
   Y Angle (deg)       Tan Shift       Sag Shift     Real Height     Ref. Height      Distortion
  --------------  --------------  --------------  --------------  --------------  --------------
      0.00000000 -4.3048874E-003 -4.3048874E-003      0.00000000      0.00000000      0.00000000
     0.091658404 -4.3313604E-003 -4.3289413E-003      0.21356456      0.21356444  5.6347473E-005
      0.18331681 -4.4067251E-003 -4.4010873E-003      0.42713093      0.42712997  2.2538219E-004
      0.27497521 -4.5309283E-003 -4.5212783E-003      0.64070094      0.64069769  5.0707495E-004
      0.36663362 -4.7038818E-003 -4.6894358E-003      0.85427639      0.85426869  9.0137808E-004
      0.45829202 -4.9254619E-003 -4.9054500E-003       1.0678591       1.0678441  1.4082248E-003
      0.54995042 -5.1955098E-003 -5.1691793E-003       1.2814509       1.2814249  2.0275291E-003
      0.64160883 -5.5138313E-003 -5.4804510E-003       1.4950535       1.4950123  2.7591859E-003
      0.73326723 -5.8801973E-003 -5.8390606E-003       1.7086689       1.7086073  3.6030707E-003
      0.82492563 -6.2943435E-003 -6.2447720E-003       1.9222988       1.9222111  4.5590396E-003
      0.91658404 -6.7559706E-003 -6.6973175E-003       2.1359450       2.1358248  5.6269293E-003
       1.0082424 -7.2647443E-003 -7.1963977E-003       2.3496093       2.3494493  6.8065578E-003
       1.0999008 -7.8202958E-003 -7.7416811E-003       2.5632935       2.5630859  8.0977208E-003
       1.1915592 -8.4222213E-003 -8.3328043E-003       2.7769995       2.7767357  9.5001966E-003
       1.2832177 -9.0700825E-003 -8.9693722E-003       2.9907290       2.9903996     0.011013743
       1.3748761 -9.7634066E-003 -9.6509570E-003       3.2044838       3.2040789     0.012638096
       1.4665345    -0.010501687    -0.010377099       3.4182658       3.4177745     0.014372975
       1.5581929    -0.011284381    -0.011147306       3.6320767       3.6314877     0.016218074
       1.6498513    -0.012110915    -0.011961053       3.8459183       3.8452195     0.018173070
       1.7415097    -0.012980679    -0.012817782       4.0597924       4.0589709     0.020237617
       1.8331681    -0.013893031    -0.013716903       4.2737008       4.2727432     0.022411349
       1.9248265    -0.014847294    -0.014657793       4.4876453       4.4865374     0.024693878
       2.0164849    -0.015842760    -0.015639793       4.7016276       4.7003545     0.027084793
       2.1081433    -0.016878686    -0.016662215       4.9156495       4.9141957     0.029583664
       2.1998017    -0.017954297    -0.017724334       5.1297129       5.1280622     0.032190035
       2.2914601    -0.019068786    -0.018825391       5.3438194       5.3419549     0.034903430
       2.3831185    -0.020221314    -0.019964596       5.5579708       5.5558749     0.037723348
       2.4747769    -0.021411010    -0.021141122       5.7721689       5.7698235     0.040649267
       2.5664353    -0.022636970    -0.022354107       5.9864154       5.9838017     0.043680640
       2.6580937    -0.023898262    -0.023602656       6.2007122       6.1978105     0.046816895
       2.7497521    -0.025193921    -0.024885838       6.4150608       6.4118512     0.050057437
       2.8414105    -0.026522951    -0.026202687       6.6294631       6.6259247     0.053401644
       2.9330689    -0.027884330    -0.027552200       6.8439207       6.8400323     0.056848872
       3.0247273    -0.029277001    -0.028933340       7.0584355       7.0541749     0.060398447
       3.1163857    -0.030699883    -0.030345032       7.2730091       7.2683537     0.064049673
       3.2080441    -0.032151863    -0.031786166       7.4876432       7.4825699     0.067801823
       3.2997025    -0.033631802    -0.033255593       7.7023396       7.6968245     0.071654145
       3.3913609    -0.035138533    -0.034752128       7.9170998       7.9111186     0.075605858
       3.4830193    -0.036670861    -0.036274549       8.1319257       8.1254533     0.079656154
       3.5746777    -0.038227568    -0.037821594       8.3468189       8.3398298     0.083804195
       3.6663362    -0.039807408    -0.039391965       8.5617810       8.5542491     0.088049112
       3.7579946    -0.041409109    -0.040984323       8.7768138       8.7687124     0.092390007
       3.8496530    -0.043031377    -0.042597290       8.9919188       8.9832208     0.096825952
       3.9413114    -0.044672895    -0.044229451       9.2070978       9.1977753      0.10135598
       4.0329698    -0.046332322    -0.045879348       9.4223523       9.4123772      0.10597911
       4.1246282    -0.048008295    -0.047545484       9.6376840       9.6270274      0.11069431
       4.2162866    -0.049699433    -0.049226320       9.8530945       9.8417272      0.11550051
       4.3079450    -0.051404332    -0.050920277       10.068585       10.056478      0.12039662
       4.3996034    -0.053121570    -0.052625733       10.284158       10.271280      0.12538152
       4.4912618    -0.054849709    -0.054341024       10.499815       10.486135      0.13045402
       4.5829202    -0.056587292    -0.056064444       10.715556       10.701044      0.13561294
       4.6745786    -0.058332848    -0.057794242       10.931384       10.916008      0.14085702
       4.7662370    -0.060084891    -0.059528625       11.147301       11.131029      0.14618498
       4.8578954    -0.061841923    -0.061265754       11.363307       11.346107      0.15159550
       4.9495538    -0.063602434    -0.063003745       11.579404       11.561243      0.15708721
       5.0412122    -0.065364903    -0.064740670       11.795594       11.776439      0.16265872
       5.1328706    -0.067127801    -0.066474553       12.011879       11.991696      0.16830855
       5.2245290    -0.068889594    -0.068203373       12.228259       12.207014      0.17403523
       5.3161874    -0.070648739    -0.069925061       12.444736       12.422396      0.17983721
       5.4078458    -0.072403692    -0.071637499       12.661312       12.637841      0.18571290
       5.4995042    -0.074152908    -0.073338522       12.877987       12.853352      0.19166066
       5.5911626    -0.075894840    -0.075025916       13.094764       13.068930      0.19767881
       5.6828210    -0.077627944    -0.076697415       13.311644       13.284575      0.20376561
       5.7744794    -0.079350683    -0.078350704       13.528628       13.500288      0.20991927
       5.8661378    -0.081061523    -0.079983418       13.745717       13.716072      0.21613794
       5.9577962    -0.082758943    -0.081593137       13.962913       13.931926      0.22241972
       6.0494547    -0.084441432    -0.083177391       14.180217       14.147852      0.22876265
       6.1411131    -0.086107494    -0.084733656       14.397631       14.363852      0.23516472
       6.2327715    -0.087755649    -0.086259353       14.615155       14.579926      0.24162384
       6.3244299    -0.089384439    -0.087751849       14.832790       14.796075      0.24813788
       6.4160883    -0.090992430    -0.089208457       15.050539       15.012302      0.25470462
       6.5077467    -0.092578213    -0.090626430       15.268401       15.228606      0.26132180
       6.5994051    -0.094140411    -0.092002967       15.486379       15.444989      0.26798707
       6.6910635    -0.095677679    -0.093335208       15.704473       15.661452      0.27469802
       6.7827219    -0.097188712    -0.094620235       15.922685       15.877996      0.28145217
       6.8743803    -0.098672244    -0.095855069       16.141015       16.094623      0.28824695
       6.9660387     -0.10012706    -0.097036673       16.359464       16.311333      0.29507973
       7.0576971     -0.10155199    -0.098161946       16.578034       16.528128      0.30194778
       7.1493555     -0.10294591    -0.099227727       16.796726       16.745009      0.30884831
       7.2410139     -0.10430779     -0.10023079       17.015539       16.961977      0.31577844
       7.3326723     -0.10563663     -0.10116786       17.234476       17.179033      0.32273517
       7.4243307     -0.10693152     -0.10203556       17.453537       17.396179      0.32971546
       7.5159891     -0.10819161     -0.10283049       17.672722       17.613415      0.33671613
       7.6076475     -0.10941616     -0.10354917       17.892033       17.830743      0.34373394
       7.6993059     -0.11060448     -0.10418804       18.111470       18.048164      0.35076552
       7.7909643     -0.11175603     -0.10474348       18.331034       18.265678      0.35780741
       7.8826227     -0.11287032     -0.10521180       18.550726       18.483288      0.36485604
       7.9742811     -0.11394700     -0.10558926       18.770545       18.700995      0.37190773
       8.0659395     -0.11498583     -0.10587202       18.990493       18.918799      0.37895869
       8.1575979     -0.11598671     -0.10605618       19.210571       19.136702      0.38600500
       8.2492563     -0.11694966     -0.10613777       19.430777       19.354705      0.39304262
       8.3409147     -0.11787484     -0.10611275       19.651113       19.572809      0.40006738
       8.4325732     -0.11876260     -0.10597700       19.871579       19.791015      0.40707499
       8.5242316     -0.11961341     -0.10572634       20.092176       20.009325      0.41406101
       8.6158900     -0.12042794     -0.10535648       20.312902       20.227739      0.42102085
       8.7075484     -0.12120706     -0.10486310       20.533760       20.446260      0.42794981
       8.7992068     -0.12195181     -0.10424177       20.754747       20.664887      0.43484299
       8.8908652     -0.12266347     -0.10348799       20.975865       20.883623      0.44169536
       8.9825236     -0.12334353     -0.10259720       21.197114       21.102469      0.44850172
       9.0741820     -0.12399373     -0.10156473       21.418492       21.321425      0.45525669
       9.1658404     -0.12461605     -0.10038587       21.640000       21.540493      0.46195472

Table series: Data for wavelength : 0.656273 µm.
   Y Angle (deg)       Tan Shift       Sag Shift     Real Height     Ref. Height      Distortion
  --------------  --------------  --------------  --------------  --------------  --------------
      0.00000000      0.10445019      0.10445019      0.00000000      0.00000000      0.00000000
     0.091658404      0.10442275      0.10442538      0.21351051      0.21351031  9.6370264E-005
      0.18331681      0.10434484      0.10435097      0.42702286      0.42702171  2.6887868E-004
      0.27497521      0.10421650      0.10422702      0.64053886      0.64053530  5.5636220E-004
      0.36663362      0.10403783      0.10405359      0.85406035      0.85405216  9.5877502E-004
      0.45829202      0.10380893      0.10383080       1.0675892       1.0675734  1.4760530E-003
      0.54995042      0.10352999      0.10355878       1.2811271       1.2811001  2.1081135E-003
      0.64160883      0.10320118      0.10323771       1.4946760       1.4946334  2.8548557E-003
      0.73326723      0.10282274      0.10286780       1.7082377       1.7081743  3.7161598E-003
      0.82492563      0.10239493      0.10244927       1.9218141       1.9217239  4.6918877E-003
      0.91658404      0.10191806      0.10198240       2.1354069       2.1352834  5.7818826E-003
       1.0082424      0.10139246      0.10146747       2.3490179       2.3488538  6.9859578E-003
       1.0999008      0.10081851      0.10090483       2.5626491       2.5624363  8.3039406E-003
       1.1915592      0.10019659      0.10029483       2.7763021       2.7760319  9.7356063E-003
       1.2832177     0.099527163     0.099637865       2.9899789       2.9896417     0.011280722
       1.3748761     0.098810694     0.098934360       3.2036812       3.2032667     0.012939035
       1.4665345     0.098047693     0.098184773       3.4174109       3.4169082     0.014710274
       1.5581929     0.097238704     0.097389593       3.6311697       3.6305672     0.016594147
       1.6498513     0.096384305     0.096549343       3.8449595       3.8442448     0.018590342
       1.7415097     0.095485106     0.095664578       4.0587821       4.0579421     0.020698529
       1.8331681     0.094541752     0.094735884       4.2726392       4.2716602     0.022918353
       1.9248265     0.093554923     0.093763882       4.4865327       4.4854002     0.025249443
       2.0164849     0.092525331     0.092749224       4.7004644       4.6991631     0.027691405
       2.1081433     0.091453720     0.091692599       4.9144360       4.9129502     0.030243824
       2.1998017     0.090340870     0.090594726       5.1284494       5.1267624     0.032906264
       2.2914601     0.089187590     0.089456359       5.3425063       5.3406009     0.035678266
       2.3831185     0.087994725     0.088278285       5.5566085       5.5544667     0.038559350
       2.4747769     0.086763148     0.087061327       5.7707578       5.7683611     0.041549013
       2.5664353     0.085493768     0.085806341       5.9849559       5.9822850     0.044646729
       2.6580937     0.084187523     0.084514218       6.1992046       6.1962396     0.047851950
       2.7497521     0.082845382     0.083185884       6.4135057       6.4102260     0.051164103
       2.8414105     0.081468345     0.081822301       6.6278610       6.6242453     0.054582592
       2.9330689     0.080057443     0.080424464       6.8422721       6.8382985     0.058106797
       3.0247273     0.078613735     0.078993408       7.0567408       7.0523869     0.061736070
       3.1163857     0.077138312     0.077530199       7.2712688       7.2665115     0.065469742
       3.2080441     0.075632291     0.076035944       7.4858580       7.4806733     0.069307114
       3.2997025     0.074096820     0.074511784       7.7005099       7.6948736     0.073247465
       3.3913609     0.072533074     0.072958899       7.9152263       7.9091134     0.077290044
       3.4830193     0.070942254     0.071378505       8.1300090       8.1233938     0.081434073
       3.5746777     0.069325590     0.069771855       8.3448596       8.3377159     0.085678747
       3.6663362     0.067684336     0.068140244       8.5597798       8.5520809     0.090023232
       3.7579946     0.066019773     0.066485001       8.7747712       8.7664898     0.094466663
       3.8496530     0.064333205     0.064807497       8.9898357       8.9809438     0.099008149
       3.9413114     0.062625961     0.063109143       9.2049748       9.1954440      0.10364676
       4.0329698     0.060899394     0.061391386       9.4201902       9.4099915      0.10838156
       4.1246282     0.059154878     0.059655717       9.6354835       9.6245873      0.11321153
       4.2162866     0.057393810     0.057903667       9.8508564       9.8392327      0.11813568
       4.3079450     0.055617606     0.056136808       10.066310       10.053929      0.12315294
       4.3996034     0.053827701     0.054356752       10.281847       10.268677      0.12826224
       4.4912618     0.052025552     0.052565155       10.497469       10.483477      0.13346243
       4.5829202     0.050212630     0.050763716       10.713176       10.698332      0.13875237
       4.6745786     0.048390425     0.048954175       10.928971       10.913242      0.14413087
       4.7662370     0.046560440     0.047138319       11.144855       11.128207      0.14959668
       4.8578954     0.044724193     0.045317977       11.360830       11.343231      0.15514854
       4.9495538     0.042883215     0.043495023       11.576897       11.558313      0.16078513
       5.0412122     0.041039048     0.041671376       11.793057       11.773454      0.16650510
       5.1328706     0.039193244     0.039849002       12.009313       11.988656      0.17230705
       5.2245290     0.037347362     0.038029913       12.225666       12.203920      0.17818956
       5.3161874     0.035502969     0.036216169       12.442117       12.419247      0.18415113
       5.4078458     0.033661637     0.034409877       12.658668       12.634638      0.19019024
       5.4995042     0.031824940     0.032613191       12.875320       12.850095      0.19630531
       5.5911626     0.029994454     0.030828317       13.092074       13.065617      0.20249472
       5.6828210     0.028171753     0.029057509       13.308933       13.281208      0.20875680
       5.7744794     0.026358411     0.027303071       13.525897       13.496866      0.21508983
       5.8661378     0.024555993     0.025567359       13.742967       13.712595      0.22149203
       5.9577962     0.022766060     0.023852780       13.960146       13.928395      0.22796157
       6.0494547     0.020990161     0.022161795       14.177434       14.144266      0.23449658
       6.1411131     0.019229834     0.020496916       14.394833       14.360211      0.24109510
       6.2327715     0.017486599     0.018860711       14.612344       14.576230      0.24775514
       6.3244299     0.015761962     0.017255801       14.829968       14.792325      0.25447464
       6.4160883     0.014057405     0.015684863       15.047706       15.008497      0.26125148
       6.5077467     0.012374387     0.014150632       15.265561       15.224746      0.26808347
       6.5994051     0.010714339     0.012655896       15.483532       15.441074      0.27496836
       6.6910635  9.0786596E-003     0.011203505       15.701621       15.657482      0.28190383
       6.7827219  7.4687153E-003  9.7963661E-003       15.919829       15.873971      0.28888749
       6.8743803  5.8858322E-003  8.4374446E-003       16.138158       16.090543      0.29591687
       6.9660387  4.3312938E-003  7.1297673E-003       16.356608       16.307199      0.30298944
       7.0576971  2.8063364E-003  5.8764220E-003       16.575180       16.523939      0.31010259
       7.1493555  1.3121449E-003  4.6805583E-003       16.793875       16.740765      0.31725361
       7.2410139 -1.5015229E-004  3.5453887E-003       17.012695       16.957678      0.32443974
       7.3326723 -1.5794889E-003  2.4741892E-003       17.231640       17.174679      0.33165811
       7.4243307 -2.9748646E-003  1.4703005E-003       17.450711       17.391769      0.33890577
       7.5159891 -4.3353522E-003  5.3712856E-004       17.669909       17.608951      0.34617969
       7.6076475 -5.6601025E-003 -3.2185429E-004       17.889235       17.826223      0.35347672
       7.6993059 -6.9483510E-003 -1.1031086E-003       18.108689       18.043589      0.36079365
       7.7909643 -8.1994243E-003 -1.8030268E-003       18.328273       18.261049      0.36812714
       7.8826227 -9.4127467E-003 -2.4179326E-003       18.547986       18.478604      0.37547376
       7.9742811    -0.010587848 -2.9440797E-003       18.767830       18.696255      0.38282997
       8.0659395    -0.011724372 -3.3776513E-003       18.987805       18.914004      0.39019212
       8.1575979    -0.012822081 -3.7147590E-003       19.207911       19.131851      0.39755644
       8.2492563    -0.013880868 -3.9514420E-003       19.428150       19.349799      0.40491905
       8.3409147    -0.014900766 -4.0836664E-003       19.648521       19.567848      0.41227595
       8.4325732    -0.015881954 -4.1073241E-003       19.869025       19.785999      0.41962300
       8.5242316    -0.016824768 -4.0182323E-003       20.089663       20.004253      0.42695594
       8.6158900    -0.017729716 -3.8121324E-003       20.310433       20.222612      0.43427036
       8.7075484    -0.018597481 -3.4846895E-003       20.531337       20.441077      0.44156173
       8.7992068    -0.019428939 -3.0314915E-003       20.752375       20.659650      0.44882534
       8.8908652    -0.020225171 -2.4480485E-003       20.973547       20.878330      0.45605637
       8.9825236    -0.020987473 -1.7297920E-003       21.194852       21.097120      0.46324981
       9.0741820    -0.021717370 -8.7207451E-004       21.416291       21.316020      0.47040049
       9.1658404    -0.022416632  1.2983123E-004       21.637863       21.535033      0.47750309
