Results for:	
File:	C:\Users\User\OneDrive - Massachusetts Institute of Technology\Documents\MIT\Grad School\Classes\2.156\Lens Project\Prime Lenses\US05745306-3.zmx
Title:	
Date:	11/7/2025 5:47:21 PM

0 message(s) in output.
3 series table(s) in output.

Table series: Data for wavelength : 0.486133 µm.
        Y Height       Tan Shift       Sag Shift     Real Height     Ref. Height      Distortion
  --------------  --------------  --------------  --------------  --------------  --------------
      0.00000000     -0.18153451     -0.18153451      0.00000000      0.00000000      0.00000000
      0.21000000     -0.18152527     -0.18153127      0.21020538      0.21020519  9.1909134E-005
      0.42000000     -0.18149992     -0.18152155      0.42041147      0.42041038  2.5860264E-004
      0.63000000     -0.18145838     -0.18150533      0.63061896      0.63061557  5.3639110E-004
      0.84000000     -0.18140059     -0.18148261      0.84082854      0.84082076  9.2528909E-004
       1.0500000     -0.18132642     -0.18145335       1.0510409       1.0510260  1.4252852E-003
       1.2600000     -0.18123572     -0.18141753       1.2612568       1.2612311  2.0363912E-003
       1.4700000     -0.18112830     -0.18137510       1.4714769       1.4714363  2.7586072E-003
       1.6800000     -0.18100393     -0.18132602       1.6817019       1.6816415  3.5919328E-003
       1.8900000     -0.18086236     -0.18127024       1.8919325       1.8918467  4.5363679E-003
       2.1000000     -0.18070329     -0.18120770       2.1021695       2.1020519  5.5919123E-003
       2.3100000     -0.18052639     -0.18113833       2.3124134       2.3122571  6.7585660E-003
       2.5200000     -0.18033131     -0.18106206       2.5226650       2.5224623  8.0363285E-003
       2.7300000     -0.18011764     -0.18097881       2.7329250       2.7326675  9.4251999E-003
       2.9400000     -0.17988495     -0.18088848       2.9431942       2.9428727     0.010925180
       3.1500000     -0.17963279     -0.18079100       3.1534731       3.1530779     0.012536269
       3.3600000     -0.17936065     -0.18068626       3.3637626       3.3632831     0.014258466
       3.5700000     -0.17906799     -0.18057414       3.5740633       3.5734883     0.016091771
       3.7800000     -0.17875426     -0.18045454       3.7843759       3.7836934     0.018036185
       3.9900000     -0.17841885     -0.18032733       3.9947011       3.9938986     0.020091707
       4.2000000     -0.17806113     -0.18019239       4.2050396       4.2041038     0.022258338
       4.4100000     -0.17768044     -0.18004958       4.4153921       4.4143090     0.024536078
       4.6200000     -0.17727607     -0.17989876       4.6257594       4.6245142     0.026924927
       4.8300000     -0.17684730     -0.17973978       4.8361420       4.8347194     0.029424886
       5.0400000     -0.17639337     -0.17957250       5.0465408       5.0449246     0.032035956
       5.2500000     -0.17591348     -0.17939674       5.2569564       5.2551298     0.034758136
       5.4600000     -0.17540680     -0.17921233       5.4673895       5.4653350     0.037591429
       5.6700000     -0.17487247     -0.17901912       5.6778408       5.6755402     0.040535834
       5.8800000     -0.17430962     -0.17881691       5.8883110       5.8857454     0.043591354
       6.0900000     -0.17371732     -0.17860551       6.0988009       6.0959505     0.046757990
       6.3000000     -0.17309461     -0.17838475       6.3093111       6.3061557     0.050035744
       6.5100000     -0.17244053     -0.17815440       6.5198423       6.5163609     0.053424617
       6.7200000     -0.17175407     -0.17791428       6.7303952       6.7265661     0.056924613
       6.9300000     -0.17103418     -0.17766417       6.9409705       6.9367713     0.060535734
       7.1400000     -0.17027980     -0.17740384       7.1515690       7.1469765     0.064257982
       7.3500000     -0.16948984     -0.17713308       7.3621913       7.3571817     0.068091361
       7.5600000     -0.16866317     -0.17685166       7.5728381       7.5673869     0.072035875
       7.7700000     -0.16779865     -0.17655934       7.7835102       7.7775921     0.076091527
       7.9800000     -0.16689510     -0.17625587       7.9942081       7.9877973     0.080258323
       8.1900000     -0.16595131     -0.17594102       8.2049327       8.1980025     0.084536267
       8.4000000     -0.16496607     -0.17561452       8.4156847       8.4082076     0.088925365
       8.6100000     -0.16393811     -0.17527612       8.6264646       8.6184128     0.093425623
       8.8200000     -0.16286617     -0.17492555       8.8372733       8.8286180     0.098037047
       9.0300000     -0.16174893     -0.17456255       9.0481115       9.0388232      0.10275964
       9.2400000     -0.16058508     -0.17418683       9.2589798       9.2490284      0.10759342
       9.4500000     -0.15937327     -0.17379813       9.4698789       9.4592336      0.11253839
       9.6600000     -0.15811213     -0.17339614       9.6808095       9.6694388      0.11759456
       9.8700000     -0.15680027     -0.17298059       9.8917724       9.8796440      0.12276194
       10.080000     -0.15543629     -0.17255116       10.102768       10.089849      0.12804053
       10.290000     -0.15401874     -0.17210758       10.313798       10.300054      0.13343036
       10.500000     -0.15254620     -0.17164952       10.524862       10.510260      0.13893143
       10.710000     -0.15101718     -0.17117667       10.735961       10.720465      0.14454375
       10.920000     -0.14943020     -0.17068873       10.947095       10.930670      0.15026735
       11.130000     -0.14778378     -0.17018538       11.158266       11.140875      0.15610223
       11.340000     -0.14607639     -0.16966628       11.369475       11.351080      0.16204841
       11.550000     -0.14430650     -0.16913111       11.580721       11.561286      0.16810592
       11.760000     -0.14247258     -0.16857955       11.792005       11.771491      0.17427476
       11.970000     -0.14057307     -0.16801124       12.003329       11.981696      0.18055496
       12.180000     -0.13860641     -0.16742586       12.214693       12.191901      0.18694653
       12.390000     -0.13657102     -0.16682306       12.426098       12.402106      0.19344951
       12.600000     -0.13446533     -0.16620249       12.637544       12.612311      0.20006391
       12.810000     -0.13228773     -0.16556380       12.849032       12.822517      0.20678976
       13.020000     -0.13003664     -0.16490665       13.060563       13.032722      0.21362708
       13.230000     -0.12771045     -0.16423066       13.272138       13.242927      0.22057591
       13.440000     -0.12530757     -0.16353549       13.483756       13.453132      0.22763627
       13.650000     -0.12282637     -0.16282077       13.695420       13.663337      0.23480819
       13.860000     -0.12026527     -0.16208613       13.907129       13.873543      0.24209171
       14.070000     -0.11762264     -0.16133121       14.118885       14.083748      0.24948687
       14.280000     -0.11489690     -0.16055564       14.330688       14.293953      0.25699369
       14.490000     -0.11208643     -0.15975906       14.542538       14.504158      0.26461222
       14.700000     -0.10918965     -0.15894107       14.754437       14.714363      0.27234250
       14.910000     -0.10620497     -0.15810132       14.966385       14.924569      0.28018458
       15.120000     -0.10313081     -0.15723942       15.178383       15.134774      0.28813849
       15.330000    -0.099965609     -0.15635501       15.390431       15.344979      0.29620428
       15.540000    -0.096707820     -0.15544769       15.602531       15.555184      0.30438201
       15.750000    -0.093355902     -0.15451710       15.814683       15.765389      0.31267173
       15.960000    -0.089908338     -0.15356285       16.026888       15.975595      0.32107349
       16.170000    -0.086363630     -0.15258457       16.239146       16.185800      0.32958735
       16.380000    -0.082720300     -0.15158188       16.451458       16.396005      0.33821337
       16.590000    -0.078976895     -0.15055440       16.663826       16.606210      0.34695162
       16.800000    -0.075131990     -0.14950175       16.876248       16.816415      0.35580216
       17.010000    -0.071184190     -0.14842356       17.088728       17.026620      0.36476506
       17.220000    -0.067132126     -0.14731945       17.301264       17.236826      0.37384040
       17.430000    -0.062974471     -0.14618905       17.513858       17.447031      0.38302825
       17.640000    -0.058709932     -0.14503199       17.726510       17.657236      0.39232868
       17.850000    -0.054337256     -0.14384789       17.939222       17.867441      0.40174180
       18.060000    -0.049855233     -0.14263640       18.151994       18.077646      0.41126767
       18.270000    -0.045262700     -0.14139715       18.364826       18.287852      0.42090640
       18.480000    -0.040558547     -0.14012977       18.577720       18.498057      0.43065808
       18.690000    -0.035741709     -0.13883392       18.790676       18.708262      0.44052280
       18.900000    -0.030811187     -0.13750925       19.003695       18.918467      0.45050068
       19.110000    -0.025766031     -0.13615539       19.216778       19.128672      0.46059182
       19.320000    -0.020605370     -0.13477202       19.429924       19.338878      0.47079634
       19.530000    -0.015328386     -0.13335879       19.643136       19.549083      0.48111434
       19.740000 -9.9343417E-003     -0.13191537       19.856414       19.759288      0.49154596
       19.950000 -4.4225718E-003     -0.13044144       20.069758       19.969493      0.50209132
       20.160000  1.2075079E-003     -0.12893667       20.283170       20.179698      0.51275056
       20.370000  6.9563926E-003     -0.12740077       20.496650       20.389904      0.52352382
       20.580000     0.012824494     -0.12583342       20.710198       20.600109      0.53441123
       20.790000     0.018812127     -0.12423433       20.923816       20.810314      0.54541296
       21.000000     0.024919510     -0.12260321       21.137504       21.020519      0.55652915

Table series: Data for wavelength : 0.587562 µm.
        Y Height       Tan Shift       Sag Shift     Real Height     Ref. Height      Distortion
  --------------  --------------  --------------  --------------  --------------  --------------
      0.00000000     0.043551799     0.043551799      0.00000000      0.00000000      0.00000000
      0.21000000     0.043531278     0.043544272      0.20994302      0.20994290  5.8965321E-005
      0.42000000     0.043461581     0.043521693      0.41988679      0.41988580  2.3585321E-004
      0.63000000     0.043342759     0.043484074      0.62983204      0.62982870  5.3066318E-004
      0.84000000     0.043174894     0.043431431      0.83977952      0.83977160  9.4339642E-004
       1.0500000     0.042958104     0.043363788       1.0497300       1.0497145  1.4740551E-003
       1.2600000     0.042692540     0.043281177       1.2596841       1.2596574  2.1226398E-003
       1.4700000     0.042378388     0.043183636       1.4696428       1.4696003  2.8891512E-003
       1.6800000     0.042015869     0.043071208       1.6796066       1.6795432  3.7735874E-003
       1.8900000     0.041605237     0.042943946       1.8895763       1.8894861  4.7759526E-003
       2.1000000     0.041146780     0.042801907       2.0995528       2.0994290  5.8962458E-003
       2.3100000     0.040640822     0.042645159       2.3095367       2.3093719  7.1344677E-003
       2.5200000     0.040087718     0.042473771       2.5195287       2.5193148  8.4906208E-003
       2.7300000     0.039487860     0.042287824       2.7295297       2.7292577  9.9647056E-003
       2.9400000     0.038841670     0.042087403       2.9395403       2.9392006     0.011556723
       3.1500000     0.038149607     0.041872600       3.1495613       3.1491435     0.013266676
       3.3600000     0.037412161     0.041643515       3.3595934       3.3590864     0.015094566
       3.5700000     0.036629857     0.041400253       3.5696375       3.5690293     0.017040393
       3.7800000     0.035803253     0.041142928       3.7796941       3.7789722     0.019104162
       3.9900000     0.034932937     0.040871658       3.9897642       3.9889151     0.021285873
       4.2000000     0.034019536     0.040586570       4.1998483       4.1988580     0.023585530
       4.4100000     0.033063703     0.040287796       4.4099473       4.4088009     0.026003134
       4.6200000     0.032066127     0.039975476       4.6200619       4.6187438     0.028538690
       4.8300000     0.031027529     0.039649755       4.8301929       4.8286867     0.031192200
       5.0400000     0.029948661     0.039310786       5.0403409       5.0386296     0.033963668
       5.2500000     0.028830306     0.038958728       5.2505068       5.2485725     0.036853096
       5.4600000     0.027673281     0.038593745       5.4606912       5.4585154     0.039860489
       5.6700000     0.026478432     0.038216011       5.6708949       5.6684583     0.042985852
       5.8800000     0.025246636     0.037825703       5.8811187       5.8784012     0.046229188
       6.0900000     0.023978802     0.037423006       6.0913634       6.0883441     0.049590503
       6.3000000     0.022675869     0.037008111       6.3016295       6.2982870     0.053069802
       6.5100000     0.021338804     0.036581215       6.5119179       6.5082299     0.056667089
       6.7200000     0.019968606     0.036142521       6.7222294       6.7181728     0.060382372
       6.9300000     0.018566302     0.035692240       6.9325646       6.9281157     0.064215656
       7.1400000     0.017132948     0.035230587       7.1429244       7.1380586     0.068166947
       7.3500000     0.015669629     0.034757783       7.3533094       7.3480015     0.072236254
       7.5600000     0.014177458     0.034274057       7.5637205       7.5579444     0.076423584
       7.7700000     0.012657576     0.033779644       7.7741583       7.7678873     0.080728945
       7.9800000     0.011111148     0.033274781       7.9846235       7.9778302     0.085152345
       8.1900000  9.5393718E-003     0.032759716       8.1951170       8.1877731     0.089693793
       8.4000000  7.9434657E-003     0.032234700       8.4056395       8.3977160     0.094353299
       8.6100000  6.3246772E-003     0.031699990       8.6161918       8.6076589     0.099130874
       8.8200000  4.6842790E-003     0.031155848       8.8267745       8.8176018      0.10402653
       9.0300000  3.0235653E-003     0.030602543       9.0373884       9.0275447      0.10904027
       9.2400000  1.3438575E-003     0.030040349       9.2480343       9.2374876      0.11417212
       9.4500000 -3.5349993E-004     0.029469545       9.4587128       9.4474305      0.11942209
       9.6600000 -2.0671391E-003     0.028890417       9.6694249       9.6573734      0.12479018
       9.8700000 -3.7956720E-003     0.028303254       9.8801711       9.8673163      0.13027642
       10.080000 -5.5376874E-003     0.027708351       10.090952       10.077259      0.13588081
       10.290000 -7.2917527E-003     0.027106009       10.301769       10.287202      0.14160338
       10.500000 -9.0564163E-003     0.026496533       10.512622       10.497145      0.14744415
       10.710000    -0.010830207     0.025880233       10.723513       10.707088      0.15340312
       10.920000    -0.012611634     0.025257425       10.934441       10.917031      0.15948032
       11.130000    -0.014399189     0.024628427       11.145408       11.126974      0.16567577
       11.340000    -0.016191347     0.023993564       11.356415       11.336917      0.17198950
       11.550000    -0.017986566     0.023353166       11.567462       11.546860      0.17842151
       11.760000    -0.019783288     0.022707565       11.778549       11.756802      0.18497183
       11.970000    -0.021579943     0.022057098       11.989678       11.966745      0.19164050
       12.180000    -0.023374947     0.021402109       12.200850       12.176688      0.19842753
       12.390000    -0.025166701     0.020742941       12.412065       12.386631      0.20533295
       12.600000    -0.026953599     0.020079945       12.623324       12.596574      0.21235679
       12.810000    -0.028734019     0.019413474       12.834627       12.806517      0.21949908
       13.020000    -0.030506337     0.018743885       13.045976       13.016460      0.22675985
       13.230000    -0.032268914     0.018071539       13.257371       13.226403      0.23413913
       13.440000    -0.034020107     0.017396799       13.468813       13.436346      0.24163696
       13.650000    -0.035758271     0.016720031       13.680302       13.646289      0.24925337
       13.860000    -0.037481748     0.016041607       13.891840       13.856231      0.25698840
       14.070000    -0.039188888     0.015361898       14.103427       14.066174      0.26484208
       14.280000    -0.040878032     0.014681281       14.315065       14.276117      0.27281447
       14.490000    -0.042547521     0.014000133       14.526752       14.486060      0.28090560
       14.700000    -0.044195699     0.013318835       14.738491       14.696003      0.28911551
       14.910000    -0.045820919     0.012637768       14.950283       14.905946      0.29744426
       15.120000    -0.047421525     0.011957318       15.162127       15.115889      0.30589189
       15.330000    -0.048995882     0.011277871       15.374025       15.325832      0.31445845
       15.540000    -0.050542351     0.010599814       15.585978       15.535775      0.32314400
       15.750000    -0.052059311  9.9235365E-003       15.797985       15.745718      0.33194860
       15.960000    -0.053545146  9.2494286E-003       16.010049       15.955660      0.34087229
       16.170000    -0.054998262  8.5778814E-003       16.222169       16.165603      0.34991515
       16.380000    -0.056417074  7.9092865E-003       16.434347       16.375546      0.35907723
       16.590000    -0.057800016  7.2440362E-003       16.646583       16.585489      0.36835861
       16.800000    -0.059145544  6.5825227E-003       16.858878       16.795432      0.37775934
       17.010000    -0.060452132  5.9251382E-003       17.071233       17.005375      0.38727950
       17.220000    -0.061718281  5.2722745E-003       17.283649       17.215318      0.39691918
       17.430000    -0.062942521  4.6243229E-003       17.496126       17.425261      0.40667843
       17.640000    -0.064123409  3.9816735E-003       17.708664       17.635204      0.41655736
       17.850000    -0.065259530  3.3447156E-003       17.921266       17.845147      0.42655603
       18.060000    -0.066349512  2.7138365E-003       18.133931       18.055089      0.43667454
       18.270000    -0.067392015  2.0894221E-003       18.346661       18.265032      0.44691299
       18.480000    -0.068385738  1.4718557E-003       18.559456       18.474975      0.45727146
       18.690000    -0.069329428  8.6151859E-004       18.772317       18.684918      0.46775005
       18.900000    -0.070221873  2.5878883E-004       18.985244       18.894861      0.47834888
       19.110000    -0.071061918 -3.3595856E-004       19.198239       19.104804      0.48906804
       19.320000    -0.071848450 -9.2235213E-004       19.411303       19.314747      0.49990765
       19.530000    -0.072580424 -1.5000244E-003       19.624435       19.524690      0.51086783
       19.740000    -0.073256849 -2.0686122E-003       19.837637       19.734633      0.52194869
       19.950000    -0.073876795 -2.6277564E-003       20.050910       19.944576      0.53315036
       20.160000    -0.074439406 -3.1771054E-003       20.264254       20.154518      0.54447298
       20.370000    -0.074943892 -3.7163108E-003       20.477671       20.364461      0.55591667
       20.580000    -0.075389545 -4.2450310E-003       20.691160       20.574404      0.56748159
       20.790000    -0.075775731 -4.7629310E-003       20.904723       20.784347      0.57916787
       21.000000    -0.076101903 -5.2696828E-003       21.118361       20.994290      0.59097566

Table series: Data for wavelength : 0.656273 µm.
        Y Height       Tan Shift       Sag Shift     Real Height     Ref. Height      Distortion
  --------------  --------------  --------------  --------------  --------------  --------------
      0.00000000      0.19436505      0.19436505      0.00000000      0.00000000      0.00000000
      0.21000000      0.19433219      0.19435300      0.20972241      0.20972215  1.2632677E-004
      0.42000000      0.19422285      0.19431686      0.41944558      0.41944429  3.0721058E-004
      0.63000000      0.19403706      0.19425663      0.62917027      0.62916644  6.0864158E-004
      0.84000000      0.19377493      0.19417233      0.83889723      0.83888858  1.0306569E-003
       1.0500000      0.19343655      0.19406398       1.0486272       1.0486107  1.5732448E-003
       1.2600000      0.19302209      0.19393162       1.2583610       1.2583329  2.2363963E-003
       1.4700000      0.19253172      0.19377528       1.4680994       1.4680550  3.0201229E-003
       1.6800000      0.19196567      0.19359502       1.6778430       1.6777772  3.9244257E-003
       1.8900000      0.19132418      0.19339086       1.8875927       1.8874993  4.9493058E-003
       2.1000000      0.19060754      0.19316289       2.0973493       2.0972215  6.0947648E-003
       2.3100000      0.18981608      0.19291116       2.3071134       2.3069436  7.3608042E-003
       2.5200000      0.18895013      0.19263573       2.5168859       2.5166658  8.7474258E-003
       2.7300000      0.18801010      0.19233670       2.7266675       2.7263879     0.010254632
       2.9400000      0.18699640      0.19201415       2.9364589       2.9361100     0.011882424
       3.1500000      0.18590948      0.19166815       3.1462610       3.1458322     0.013630804
       3.3600000      0.18474983      0.19129883       3.3560744       3.3555543     0.015499776
       3.5700000      0.18351797      0.19090627       3.5659000       3.5652765     0.017489343
       3.7800000      0.18221445      0.19049060       3.7757385       3.7749986     0.019599506
       3.9900000      0.18083986      0.19005192       3.9855907       3.9847208     0.021830270
       4.2000000      0.17939481      0.18959037       4.1954572       4.1944429     0.024181637
       4.4100000      0.17787996      0.18910607       4.4053389       4.4041651     0.026653613
       4.6200000      0.17629598      0.18859916       4.6152366       4.6138872     0.029246200
       4.8300000      0.17464359      0.18806979       4.8251510       4.8236094     0.031959403
       5.0400000      0.17292353      0.18751811       5.0350828       5.0333315     0.034793227
       5.2500000      0.17113659      0.18694428       5.2450328       5.2430537     0.037747677
       5.4600000      0.16928357      0.18634845       5.4550018       5.4527758     0.040822758
       5.6700000      0.16736531      0.18573081       5.6649905       5.6624979     0.044018475
       5.8800000      0.16538268      0.18509152       5.8749997       5.8722201     0.047334835
       6.0900000      0.16333659      0.18443077       6.0850302       6.0819422     0.050771843
       6.3000000      0.16122796      0.18374875       6.2950826       6.2916644     0.054329507
       6.5100000      0.15905775      0.18304565       6.5051578       6.5013865     0.058007834
       6.7200000      0.15682696      0.18232168       6.7152566       6.7111087     0.061806830
       6.9300000      0.15453661      0.18157704       6.9253796       6.9208308     0.065726505
       7.1400000      0.15218774      0.18081195       7.1355277       7.1305530     0.069766866
       7.3500000      0.14978143      0.18002662       7.3457016       7.3402751     0.073927921
       7.5600000      0.14731879      0.17922129       7.5559021       7.5499973     0.078209681
       7.7700000      0.14480095      0.17839619       7.7661299       7.7597194     0.082612157
       7.9800000      0.14222907      0.17755154       7.9763858       7.9694416     0.087135359
       8.1900000      0.13960434      0.17668761       8.1866705       8.1791637     0.091779295
       8.4000000      0.13692798      0.17580463       8.3969848       8.3888858     0.096543978
       8.6100000      0.13420121      0.17490286       8.6073295       8.5986080      0.10142942
       8.8200000      0.13142532      0.17398257       8.8177053       8.8083301      0.10643564
       9.0300000      0.12860159      0.17304402       9.0281131       9.0180523      0.11156264
       9.2400000      0.12573133      0.17208747       9.2385534       9.2277744      0.11681044
       9.4500000      0.12281588      0.17111322       9.4490272       9.4374966      0.12217906
       9.6600000      0.11985661      0.17012154       9.6595352       9.6472187      0.12766851
       9.8700000      0.11685490      0.16911272       9.8700781       9.8569409      0.13327880
       10.080000      0.11381216      0.16808706       10.080657       10.066663      0.13900996
       10.290000      0.11072982      0.16704485       10.291272       10.276385      0.14486201
       10.500000      0.10760932      0.16598639       10.501924       10.486107      0.15083495
       10.710000      0.10445214      0.16491200       10.712614       10.695829      0.15692882
       10.920000      0.10125976      0.16382199       10.923343       10.905552      0.16314363
       11.130000     0.098033692      0.16271668       11.134112       11.115274      0.16947940
       11.340000     0.094775462      0.16159639       11.344921       11.324996      0.17593617
       11.550000     0.091486614      0.16046145       11.555771       11.534718      0.18251394
       11.760000     0.088168702      0.15931219       11.766662       11.744440      0.18921275
       11.970000     0.084823304      0.15814895       11.977596       11.954162      0.19603263
       12.180000     0.081452005      0.15697206       12.188574       12.163884      0.20297360
       12.390000     0.078056409      0.15578188       12.399596       12.373607      0.21003568
       12.600000     0.074638131      0.15457875       12.610662       12.583329      0.21721892
       12.810000     0.071198793      0.15336303       12.821774       12.793051      0.22452334
       13.020000     0.067740035      0.15213507       13.032933       13.002773      0.23194897
       13.230000     0.064263499      0.15089523       13.244139       13.212495      0.23949586
       13.440000     0.060770843      0.14964388       13.455392       13.422217      0.24716403
       13.650000     0.057263725      0.14838138       13.666695       13.631940      0.25495352
       13.860000     0.053743810      0.14710811       13.878046       13.841662      0.26286438
       14.070000     0.050212773      0.14582444       14.089449       14.051384      0.27089664
       14.280000     0.046672288      0.14453074       14.300902       14.261106      0.27905035
       14.490000     0.043124025      0.14322739       14.512406       14.470828      0.28732554
       14.700000     0.039569668      0.14191478       14.723964       14.680550      0.29572228
       14.910000     0.036010889      0.14059329       14.935575       14.890272      0.30424060
       15.120000     0.032449359      0.13926330       15.147239       15.099995      0.31288056
       15.330000     0.028886754      0.13792521       15.358959       15.309717      0.32164221
       15.540000     0.025324729      0.13657940       15.570735       15.519439      0.33052560
       15.750000     0.021764945      0.13522627       15.782566       15.729161      0.33953080
       15.960000     0.018209045      0.13386620       15.994455       15.938883      0.34865786
       16.170000     0.014658665      0.13249961       16.206402       16.148605      0.35790684
       16.380000     0.011115432      0.13112687       16.418408       16.358327      0.36727781
       16.590000  7.5809477E-003      0.12974838       16.630473       16.568050      0.37677083
       16.800000  4.0568063E-003      0.12836455       16.842599       16.777772      0.38638598
       17.010000  5.4457817E-004      0.12697577       17.054785       16.987494      0.39612333
       17.220000 -2.9541860E-003      0.12558243       17.267034       17.197216      0.40598296
       17.430000 -6.4379592E-003      0.12418494       17.479345       17.406938      0.41596493
       17.640000 -9.9052395E-003      0.12278369       17.691719       17.616660      0.42606935
       17.850000    -0.013354556      0.12137907       17.904158       17.826382      0.43629628
       18.060000    -0.016784466      0.11997148       18.116662       18.036105      0.44664582
       18.270000    -0.020193561      0.11856131       18.329232       18.245827      0.45711807
       18.480000    -0.023580468      0.11714896       18.541868       18.455549      0.46771311
       18.690000    -0.026943856      0.11573482       18.754571       18.665271      0.47843105
       18.900000    -0.030282430      0.11431927       18.967343       18.874993      0.48927198
       19.110000    -0.033594946      0.11290269       19.180184       19.084715      0.50023603
       19.320000    -0.036880205      0.11148547       19.393094       19.294437      0.51132329
       19.530000    -0.040137061      0.11006798       19.606075       19.504160      0.52253389
       19.740000    -0.043364419      0.10865061       19.819128       19.713882      0.53386794
       19.950000    -0.046561253      0.10723371       20.032252       19.923604      0.54532557
       20.160000    -0.049726582      0.10581767       20.245450       20.133326      0.55690691
       20.370000    -0.052859505      0.10440283       20.458721       20.343048      0.56861210
       20.580000    -0.055959187      0.10298956       20.672067       20.552770      0.58044126
       20.790000    -0.059024862      0.10157820       20.885488       20.762492      0.59239456
       21.000000    -0.062055848      0.10016909       21.098986       20.972215      0.60447213
