Results for:	
File:	C:\Users\User\OneDrive - Massachusetts Institute of Technology\Documents\MIT\Grad School\Classes\2.156\Lens Project\Prime Lenses\US03451745-1.zmx
Title:	
Date:	11/7/2025 5:45:24 PM

0 message(s) in output.
3 series table(s) in output.

Table series: Data for wavelength : 0.486133 µm.
   Y Angle (deg)       Tan Shift       Sag Shift     Real Height     Ref. Height      Distortion
  --------------  --------------  --------------  --------------  --------------  --------------
      0.00000000    -0.061078645    -0.061078645      0.00000000      0.00000000      0.00000000
      0.21000000    -0.061119567    -0.061150433      0.36608975      0.36609016 -1.1223819E-004
      0.42000000    -0.061235769    -0.061365717      0.73218568      0.73219015 -6.1067684E-004
      0.63000000    -0.061427310    -0.061724257       1.0982940       1.0983098 -1.4413927E-003
      0.84000000    -0.061694285    -0.062225653       1.4644209       1.4644590 -2.6043629E-003
       1.0500000    -0.062036826    -0.062869345       1.8305725       1.8306475 -4.0995550E-003
       1.2600000    -0.062455103    -0.063654610       2.1967550       2.1968853 -5.9269179E-003
       1.4700000    -0.062949323    -0.064580568       2.5629748       2.5631820 -8.0864186E-003
       1.6800000    -0.063519729    -0.065646175       2.9292379       2.9295477    -0.010577986
       1.8900000    -0.064166607    -0.066850224       3.2955505       3.2959922    -0.013401547
       2.1000000    -0.064890279    -0.068191348       3.6619189       3.6625253    -0.016557019
       2.3100000    -0.065691110    -0.069668016       4.0283494       4.0291570    -0.020044308
       2.5200000    -0.066569508    -0.071278533       4.3948481       4.3958971    -0.023863305
       2.7300000    -0.067525921    -0.073021039       4.7614213       4.7627555    -0.028013891
       2.9400000    -0.068560846    -0.074893507       5.1280753       5.1297422    -0.032495934
       3.1500000    -0.069674823    -0.076893746       5.4948162       5.4968671    -0.037309286
       3.3600000    -0.070868443    -0.079019395       5.8616505       5.8641401    -0.042453784
       3.5700000    -0.072142344    -0.081267924       6.2285844       6.2315712    -0.047929252
       3.7800000    -0.073497219    -0.083636635       6.5956243       6.5991704    -0.053735493
       3.9900000    -0.074933814    -0.086122656       6.9627764       6.9669476    -0.059872295
       4.2000000    -0.076452933    -0.088722942       7.3300470       7.3349130    -0.066339425
       4.4100000    -0.078055436    -0.091434275       7.6974427       7.7030765    -0.073136632
       4.6200000    -0.079742250    -0.094253258       8.0649697       8.0714481    -0.080263641
       4.8300000    -0.081514362    -0.097176319       8.4326345       8.4400381    -0.087720154
       5.0400000    -0.083372831     -0.10019970       8.8004435       8.8088564    -0.095505851
       5.2500000    -0.085318785     -0.10331948       9.1684031       9.1779133     -0.10362038
       5.4600000    -0.087353429     -0.10653152       9.5365199       9.5472188     -0.11206337
       5.6700000    -0.089478044     -0.10983152       9.9048003       9.9167832     -0.12083442
       5.8800000    -0.091693996     -0.11321500       10.273251       10.286617     -0.12993308
       6.0900000    -0.094002738     -0.11667726       10.641878       10.656729     -0.13935889
       6.3000000    -0.096405813     -0.12021342       11.010689       11.027132     -0.14911134
       6.5100000    -0.098904863     -0.12381842       11.379690       11.397834     -0.15918989
       6.7200000     -0.10150163     -0.12748699       11.748887       11.768846     -0.16959394
       6.9300000     -0.10419796     -0.13121363       12.118288       12.140179     -0.18032288
       7.1400000     -0.10699582     -0.13499269       12.487899       12.511843     -0.19137604
       7.3500000     -0.10989729     -0.13881827       12.857726       12.883849     -0.20275268
       7.5600000     -0.11290458     -0.14268428       13.227778       13.256206     -0.21445203
       7.7700000     -0.11602001     -0.14658440       13.598060       13.628926     -0.22647328
       7.9800000     -0.11924608     -0.15051210       13.968580       14.002019     -0.23881552
       8.1900000     -0.12258541     -0.15446064       14.339344       14.375495     -0.25147782
       8.4000000     -0.12604078     -0.15842303       14.710360       14.749366     -0.26445916
       8.6100000     -0.12961513     -0.16239208       15.081634       15.123641     -0.27775846
       8.8200000     -0.13331158     -0.16636034       15.453174       15.498332     -0.29137456
       9.0300000     -0.13713344     -0.17032013       15.824987       15.873450     -0.30530623
       9.2400000     -0.14108419     -0.17426354       16.197081       16.249005     -0.31955216
       9.4500000     -0.14516755     -0.17818239       16.569462       16.625008     -0.33411093
       9.6600000     -0.14938744     -0.18206826       16.942138       17.001470     -0.34898105
       9.8700000     -0.15374798     -0.18591248       17.315117       17.378402     -0.36416092
       10.080000     -0.15825358     -0.18970611       17.688405       17.755815     -0.37964885
       10.290000     -0.16290889     -0.19343993       18.062012       18.133720     -0.39544302
       10.500000     -0.16771881     -0.19710446       18.435944       18.512129     -0.41154151
       10.710000     -0.17268856     -0.20068994       18.810209       18.891052     -0.42794227
       10.920000     -0.17782365     -0.20418631       19.184816       19.270501     -0.44464310
       11.130000     -0.18312991     -0.20758324       19.559771       19.650486     -0.46164170
       11.340000     -0.18861351     -0.21087008       19.935085       20.031020     -0.47893558
       11.550000     -0.19428101     -0.21403588       20.310764       20.412114     -0.49652213
       11.760000     -0.20013931     -0.21706937       20.686817       20.793779     -0.51439854
       11.970000     -0.20619577     -0.21995896       21.063252       21.176028     -0.53256186
       12.180000     -0.21245815     -0.22269274       21.440079       21.558870     -0.55100893
       12.390000     -0.21893469     -0.22525845       21.817306       21.942319     -0.56973639
       12.600000     -0.22563411     -0.22764350       22.194941       22.326386     -0.58874070
       12.810000     -0.23256565     -0.22983491       22.572995       22.711083     -0.60801807
       13.020000     -0.23973913     -0.23181936       22.951476       23.096421     -0.62756448
       13.230000     -0.24716494     -0.23358317       23.330394       23.482413     -0.64737567
       13.440000     -0.25485410     -0.23511223       23.709758       23.869071     -0.66744712
       13.650000     -0.26281832     -0.23639208       24.089578       24.256407     -0.68777401
       13.860000     -0.27107002     -0.23740782       24.469864       24.644433     -0.70835123
       14.070000     -0.27962238     -0.23814414       24.850626       25.033162     -0.72917337
       14.280000     -0.28848940     -0.23858532       25.231876       25.422605     -0.75023467
       14.490000     -0.29768595     -0.23871517       25.613622       25.812775     -0.77152902
       14.700000     -0.30722786     -0.23851705       25.995877       26.203686     -0.79304993
       14.910000     -0.31713193     -0.23797386       26.378652       26.595349     -0.81479050
       15.120000     -0.32741605     -0.23706802       26.761958       26.987777     -0.83674341
       15.330000     -0.33809925     -0.23578142       27.145807       27.380983     -0.85890090
       15.540000     -0.34920180     -0.23409548       27.530212       27.774980     -0.88125470
       15.750000     -0.36074530     -0.23199105       27.915184       28.169781     -0.90379603
       15.960000     -0.37275276     -0.22944846       28.300736       28.565399     -0.92651558
       16.170000     -0.38524873     -0.22644746       28.686883       28.961847     -0.94940343
       16.380000     -0.39825942     -0.22296723       29.073637       29.359139     -0.97244906
       16.590000     -0.41181279     -0.21898633       29.461012       29.757288     -0.99564126
       16.800000     -0.42593876     -0.21448271       29.849024       30.156307      -1.0189681
       17.010000     -0.44066928     -0.20943367       30.237688       30.556211      -1.0424170
       17.220000     -0.45603859     -0.20381585       30.627018       30.957012      -1.0659744
       17.430000     -0.47208331     -0.19760519       31.017032       31.358725      -1.0896259
       17.640000     -0.48884275     -0.19077691       31.407746       31.761363      -1.1133564
       17.850000     -0.50635902     -0.18330553       31.799178       32.164941      -1.1371494
       18.060000     -0.52467740     -0.17516475       32.191346       32.569473      -1.1609878
       18.270000     -0.54384650     -0.16632751       32.584268       32.974973      -1.1848529
       18.480000     -0.56391865     -0.15676592       32.977966       33.381456      -1.2087250
       18.690000     -0.58495020     -0.14645123       33.372459       33.788935      -1.2325832
       18.900000     -0.60700193     -0.13535381       33.767768       34.197426      -1.2564048
       19.110000     -0.63013939     -0.12344309       34.163918       34.606944      -1.2801660
       19.320000     -0.65443349     -0.11068755       34.560931       35.017503      -1.3038410
       19.530000     -0.67996092    -0.097054693       34.958832       35.429119      -1.3274023
       19.740000     -0.70680478    -0.082510958       35.357648       35.841806      -1.3508206
       19.950000     -0.73505527    -0.067021717       35.757406       36.255581      -1.3740644
       20.160000     -0.76481038    -0.050551215       36.158134       36.670457      -1.3970999
       20.370000     -0.79617678    -0.033062526       36.559865       37.086452      -1.4198908
       20.580000     -0.82927077    -0.014517501       36.962630       37.503581      -1.4423982
       20.790000     -0.86421933  5.1232865E-003       37.366463       37.921859      -1.4645803
       21.000000     -0.90116143     0.025900594       37.771401       38.341303      -1.4863921

Table series: Data for wavelength : 0.587562 µm.
   Y Angle (deg)       Tan Shift       Sag Shift     Real Height     Ref. Height      Distortion
  --------------  --------------  --------------  --------------  --------------  --------------
      0.00000000     0.075591853     0.075591853      0.00000000      0.00000000      0.00000000
      0.21000000     0.075546796     0.075513600      0.36640021      0.36640084 -1.7186150E-004
      0.42000000     0.075420542     0.075278917      0.73280649      0.73281153 -6.8747849E-004
      0.63000000     0.075213036     0.074888039       1.0992249       1.0992419 -1.5468375E-003
      0.84000000     0.074924192     0.074341359       1.4656615       1.4657018 -2.7499345E-003
       1.0500000     0.074553891     0.073639423       1.8321224       1.8322011 -4.2967638E-003
       1.2600000     0.074101982     0.072782938       2.1986136       2.1987497 -6.1873285E-003
       1.4700000     0.073568277     0.071772766       2.5651413       2.5653573 -8.4215965E-003
       1.6800000     0.072952558     0.070609927       2.9317114       2.9320339    -0.010999567
       1.8900000     0.072254568     0.069295601       3.2983302       3.2987894    -0.013921223
       2.1000000     0.071474018     0.067831125       3.6650036       3.6656336    -0.017186549
       2.3100000     0.070610579     0.066217996       4.0317378       4.0325764    -0.020795521
       2.5200000     0.069663887     0.064457872       4.3985389       4.3996277    -0.024748114
       2.7300000     0.068633536     0.062552572       4.7654130       4.7667975    -0.029044298
       2.9400000     0.067519082     0.060504075       5.1323663       5.1340956    -0.033684036
       3.1500000     0.066320039     0.058314526       5.4994048       5.5015321    -0.038667287
       3.3600000     0.065035875     0.055986231       5.8665347       5.8691167    -0.043994003
       3.5700000     0.063666018     0.053521664       6.2337622       6.2368597    -0.049664129
       3.7800000     0.062209843     0.050923462       6.6010934       6.6047708    -0.055677602
       3.9900000     0.060666681     0.048194432       6.9685346       6.9728602    -0.062034348
       4.2000000     0.059035809     0.045337549       7.3360919       7.3411378    -0.068734286
       4.4100000     0.057316451     0.042355960       7.7037716       7.7096138    -0.075777322
       4.6200000     0.055507777     0.039252981       8.0715799       8.0782981    -0.083163351
       4.8300000     0.053608896     0.036032104       8.4395230       8.4472008    -0.090892253
       5.0400000     0.051618856     0.032696996       8.8076072       8.8163322    -0.098963895
       5.2500000     0.049536642     0.029251500       9.1758388       9.1857022     -0.10737813
       5.4600000     0.047361170     0.025699641       9.5442241       9.5553211     -0.11613479
       5.6700000     0.045091286     0.022045623       9.9127695       9.9251992     -0.12523368
       5.8800000     0.042725759     0.018293833       10.281481       10.295346     -0.13467461
       6.0900000     0.040263283     0.014448846       10.650366       10.665773     -0.14445734
       6.3000000     0.037702466     0.010515423       11.019430       11.036490     -0.15458163
       6.5100000     0.035041832  6.4985158E-003       11.388679       11.407507     -0.16504719
       6.7200000     0.032279810  2.4032709E-003       11.758121       11.778834     -0.17585371
       6.9300000     0.029414735 -1.7649709E-003       12.127761       12.150482     -0.18700087
       7.1400000     0.026444840 -6.0006696E-003       12.497606       12.522462     -0.19848830
       7.3500000     0.023368250    -0.010298084       12.867663       12.894783     -0.21031558
       7.5600000     0.020182979    -0.014651267       13.237938       13.267456     -0.22248229
       7.7700000     0.016886918    -0.019054064       13.608439       13.640492     -0.23498793
       7.9800000     0.013477837    -0.023500111       13.979171       14.013902     -0.24783200
       8.1900000  9.9533704E-003    -0.027982826       14.350141       14.387695     -0.26101391
       8.4000000  6.3110133E-003    -0.032495410       14.721357       14.761883     -0.27453305
       8.6100000  2.5481135E-003    -0.037030843       15.092824       15.136476     -0.28838875
       8.8200000 -1.3381371E-003    -0.041581876       15.464551       15.511485     -0.30258028
       9.0300000 -5.3507112E-003    -0.046141033       15.836543       15.886921     -0.31710686
       9.2400000 -9.4927558E-003    -0.050700600       16.208808       16.262795     -0.33196764
       9.4500000    -0.013767601    -0.055252625       16.581352       16.639117     -0.34716171
       9.6600000    -0.018178771    -0.059788915       16.954184       17.015898     -0.36268806
       9.8700000    -0.022729996    -0.064301023       17.327309       17.393150     -0.37854564
       10.080000    -0.027425223    -0.068780254       17.700736       17.770884     -0.39473330
       10.290000    -0.032268627    -0.073217651       18.074472       18.149110     -0.41124980
       10.500000    -0.037264627    -0.077603993       18.448523       18.527839     -0.42809382
       10.710000    -0.042417900    -0.081929791       18.822897       18.907084     -0.44526393
       10.920000    -0.047733392    -0.086185278       19.197603       19.286855     -0.46275860
       11.130000    -0.053216339    -0.090360407       19.572647       19.667163     -0.48057619
       11.340000    -0.058872281    -0.094444841       19.948037       20.048020     -0.49871493
       11.550000    -0.064707082    -0.098427951       20.323782       20.429437     -0.51717295
       11.760000    -0.070726948     -0.10229880       20.699888       20.811426     -0.53594823
       11.970000    -0.076938448     -0.10604616       21.076364       21.193999     -0.55503860
       12.180000    -0.083348537     -0.10965846       21.453218       21.577166     -0.57444175
       12.390000    -0.089964577     -0.11312383       21.830459       21.960941     -0.59415522
       12.600000    -0.096794367     -0.11643005       22.208094       22.345334     -0.61417637
       12.810000     -0.10384616     -0.11956457       22.586132       22.730357     -0.63450237
       13.020000     -0.11112872     -0.12251449       22.964582       23.116022     -0.65513022
       13.230000     -0.11865130     -0.12526656       23.343453       23.502342     -0.67605671
       13.440000     -0.12642373     -0.12780715       23.722753       23.889328     -0.69727839
       13.650000     -0.13445642     -0.13012225       24.102492       24.276992     -0.71879162
       13.860000     -0.14276042     -0.13219747       24.482678       24.665348     -0.74059249
       14.070000     -0.15134743     -0.13401804       24.863322       25.054406     -0.76267685
       14.280000     -0.16022989     -0.13556876       25.244433       25.444180     -0.78504025
       14.490000     -0.16942098     -0.13683402       25.626021       25.834682     -0.80767798
       14.700000     -0.17893470     -0.13779776       26.008095       26.225924     -0.83058499
       14.910000     -0.18878593     -0.13844350       26.390667       26.617919     -0.85375591
       15.120000     -0.19899045     -0.13875430       26.773747       27.010680     -0.87718503
       15.330000     -0.20956507     -0.13871274       27.157345       27.404220     -0.90086625
       15.540000     -0.22052764     -0.13830092       27.541472       27.798551     -0.92479307
       15.750000     -0.23189716     -0.13750044       27.926141       28.193688     -0.94895860
       15.960000     -0.24369385     -0.13629239       28.311363       28.589641     -0.97335545
       16.170000     -0.25593925     -0.13465733       28.697149       28.986426     -0.99797578
       16.380000     -0.26865630     -0.13257528       29.083512       29.384055      -1.0228112
       16.590000     -0.28186947     -0.13002568       29.470465       29.782542      -1.0478529
       16.800000     -0.29560486     -0.12698739       29.858021       30.181900      -1.0730913
       17.010000     -0.30989032     -0.12343870       30.246193       30.582143      -1.0985162
       17.220000     -0.32475562     -0.11935725       30.634996       30.983284      -1.1241170
       17.430000     -0.34023257     -0.11472005       31.024443       31.385338      -1.1498821
       17.640000     -0.35635520     -0.10950345       31.414551       31.788318      -1.1757993
       17.850000     -0.37315993     -0.10368312       31.805334       32.192238      -1.2018555
       18.060000     -0.39068581    -0.097234008       32.196809       32.597114      -1.2280366
       18.270000     -0.40897468    -0.090130353       32.588992       33.002958      -1.2543280
       18.480000     -0.42807148    -0.082345625       32.981902       33.409785      -1.2807136
       18.690000     -0.44802446    -0.073852514       33.375555       33.817611      -1.3071764
       18.900000     -0.46888553    -0.064622901       33.769971       34.226448      -1.3336984
       19.110000     -0.49071056    -0.054627824       34.165170       34.636314      -1.3602602
       19.320000     -0.51355978    -0.043837455       34.561172       35.047221      -1.3868410
       19.530000     -0.53749811    -0.032221061       34.958000       35.459186      -1.4134187
       19.740000     -0.56259576    -0.019746975       35.355675       35.872224      -1.4399695
       19.950000     -0.58892862 -6.3825590E-003       35.754222       36.286349      -1.4664679
       20.160000     -0.61657889  7.9058330E-003       36.153665       36.701578      -1.4928868
       20.370000     -0.64563571     0.023152892       36.554032       37.117926      -1.5191969
       20.580000     -0.67619590     0.039394398       36.955349       37.535409      -1.5453667
       20.790000     -0.70836478     0.056667256       37.357646       37.954042      -1.5713627
       21.000000     -0.74225712     0.075009551       37.760955       38.373842      -1.5971485

Table series: Data for wavelength : 0.656273 µm.
   Y Angle (deg)       Tan Shift       Sag Shift     Real Height     Ref. Height      Distortion
  --------------  --------------  --------------  --------------  --------------  --------------
      0.00000000      0.20978363      0.20978363      0.00000000      0.00000000      0.00000000
      0.21000000      0.20973662      0.20970266      0.36656508      0.36656531 -6.4412101E-005
      0.42000000      0.20960518      0.20945983      0.73313618      0.73314048 -5.8661934E-004
      0.63000000      0.20938926      0.20905538       1.0997193       1.0997353 -1.4569672E-003
      0.84000000      0.20908879      0.20848968       1.4663205       1.4663597 -2.6754591E-003
       1.0500000      0.20870364      0.20776329       1.8329458       1.8330236 -4.2420999E-003
       1.2600000      0.20823367      0.20687691       2.1996012       2.1997367 -6.1568956E-003
       1.4700000      0.20767870      0.20583138       2.5662928       2.5665089 -8.4198839E-003
       1.6800000      0.20703852      0.20462773       2.9330265       2.9333501    -0.011031010
       1.8900000      0.20631289      0.20326712       3.2998085       3.3002702    -0.013990313
       2.1000000      0.20550153      0.20175088       3.6666447       3.6672790    -0.017297801
       2.3100000      0.20460412      0.20008049       4.0335412       4.0343866    -0.020953481
       2.5200000      0.20362032      0.19825760       4.4005041       4.4016026    -0.024957359
       2.7300000      0.20254974      0.19628401       4.7675395       4.7689372    -0.029309442
       2.9400000      0.20139195      0.19416168       5.1346534       5.1364002    -0.034009732
       3.1500000      0.20014649      0.19189274       5.5018518       5.5040016    -0.039058229
       3.3600000      0.19881285      0.18947948       5.8691410       5.8717513    -0.044454933
       3.5700000      0.19739048      0.18692434       6.2365270       6.2396593    -0.050199837
       3.7800000      0.19587878      0.18422996       6.6040159       6.6077356    -0.056292930
       3.9900000      0.19427712      0.18139910       6.9716139       6.9759902    -0.062734196
       4.2000000      0.19258480      0.17843472       7.3393270       7.3444331    -0.069523613
       4.4100000      0.19080109      0.17533993       7.7071615       7.7130745    -0.076661151
       4.6200000      0.18892518      0.17211803       8.0751236       8.0819243    -0.084146772
       4.8300000      0.18695622      0.16877248       8.4432194       8.4509926    -0.091980428
       5.0400000      0.18489330      0.16530692       8.8114551       8.8202897     -0.10016206
       5.2500000      0.18273546      0.16172514       9.1798370       9.1898255     -0.10869160
       5.4600000      0.18048165      0.15803115       9.5483712       9.5596104     -0.11756897
       5.6700000      0.17813077      0.15422910       9.9170642       9.9296544     -0.12679406
       5.8800000      0.17568164      0.15032336       10.285922       10.299968     -0.13636677
       6.0900000      0.17313302      0.14631844       10.654951       10.670561     -0.14628696
       6.3000000      0.17048356      0.14221908       11.024158       11.041444     -0.15655448
       6.5100000      0.16773187      0.13803017       11.393549       11.412627     -0.16716917
       6.7200000      0.16487643      0.13375682       11.763130       11.784121     -0.17813081
       6.9300000      0.16191565      0.12940432       12.132908       12.155936     -0.18943921
       7.1400000      0.15884785      0.12497815       12.502890       12.528083     -0.20109411
       7.3500000      0.15567122      0.12048402       12.873081       12.900571     -0.21309523
       7.5600000      0.15238387      0.11592780       13.243488       13.273412     -0.22544227
       7.7700000      0.14898378      0.11131559       13.614118       13.646615     -0.23813488
       7.9800000      0.14546882      0.10665371       13.984977       14.020192     -0.25117269
       8.1900000      0.14183673      0.10194866       14.356073       14.394153     -0.26455529
       8.4000000      0.13808510     0.097207182       14.727411       14.768509     -0.27828220
       8.6100000      0.13421141     0.092436230       15.098999       15.143271     -0.29235293
       8.8200000      0.13021297     0.087642978       15.470843       15.518448     -0.30676692
       9.0300000      0.12608694     0.082834831       15.842950       15.894053     -0.32152356
       9.2400000      0.12183030     0.078019424       16.215326       16.270095     -0.33662219
       9.4500000      0.11743989     0.073204629       16.587980       16.646586     -0.35206209
       9.6600000      0.11291232     0.068398558       16.960917       17.023537     -0.36784246
       9.8700000      0.10824403     0.063609568       17.334145       17.400958     -0.38396247
       10.080000      0.10343126     0.058846267       17.707671       17.778861     -0.40042117
       10.290000     0.098470021     0.054117516       18.081501       18.157257     -0.41721757
       10.500000     0.093356085     0.049432440       18.455644       18.536156     -0.43435057
       10.710000     0.088084993     0.044800427       18.830107       18.915571     -0.45181899
       10.920000     0.082652020     0.040231136       19.204896       19.295512     -0.46962157
       11.130000     0.077052173     0.035734506       19.580020       19.675991     -0.48775694
       11.340000     0.071280165     0.031320759       19.955486       20.057019     -0.50622362
       11.550000     0.065330404     0.027000406       20.331301       20.438608     -0.52502001
       11.760000     0.059196972     0.022784255       20.707473       20.820768     -0.54414441
       11.970000     0.052873607     0.018683418       21.084011       21.203513     -0.56359498
       12.180000     0.046353683     0.014709317       21.460921       21.586852     -0.58336974
       12.390000     0.039630184     0.010873693       21.838212       21.970799     -0.60346657
       12.600000     0.032695686  7.1886136E-003       22.215893       22.355364     -0.62388319
       12.810000     0.025542325  3.6664779E-003       22.593970       22.740560     -0.64461717
       13.020000     0.018161777  3.2002916E-004       22.972454       23.126399     -0.66566589
       13.230000     0.010545224 -2.8376387E-003       23.351352       23.512892     -0.68702656
       13.440000  2.6833230E-003 -5.7930720E-003       23.730673       23.900051     -0.70869618
       13.650000 -5.4338237E-003 -8.5324476E-003       24.110425       24.287890     -0.73067154
       13.860000    -0.013816708    -0.011041563       24.490619       24.676420     -0.75294922
       14.070000    -0.022476452    -0.013305827       24.871262       25.065653     -0.77552556
       14.280000    -0.031424851    -0.015310248       25.252365       25.455601     -0.79839664
       14.490000    -0.040674418    -0.017039423       25.633936       25.846278     -0.82155828
       14.700000    -0.050238430    -0.018477529       26.015986       26.237696     -0.84500601
       14.910000    -0.060130981    -0.019608307       26.398524       26.629867     -0.86873507
       15.120000    -0.070367038    -0.020415051       26.781561       27.022805     -0.89274036
       15.330000    -0.080962500    -0.020880599       27.165107       27.416521     -0.91701645
       15.540000    -0.091934265    -0.020987312       27.549173       27.811030     -0.94155754
       15.750000     -0.10330030    -0.020717068       27.933769       28.206343     -0.96635744
       15.960000     -0.11507971    -0.020051243       28.318907       28.602475     -0.99140955
       16.170000     -0.12729285    -0.018970695       28.704598       28.999438      -1.0167068
       16.380000     -0.13996136    -0.017455751       29.090855       29.397245      -1.0422418
       16.590000     -0.15310833    -0.015486193       29.477689       29.795911      -1.0680063
       16.800000     -0.16675835    -0.013041232       29.865112       30.195448      -1.0939920
       17.010000     -0.18093765    -0.010099500       30.253139       30.595871      -1.1201896
       17.220000     -0.19567425 -6.6390266E-003       30.641781       30.997192      -1.1465894
       17.430000     -0.21099805 -2.6372187E-003       31.031054       31.399426      -1.1731811
       17.640000     -0.22694103  1.9291563E-003       31.420971       31.802587      -1.1999535
       17.850000     -0.24353738  7.0839938E-003       31.811547       32.206689      -1.2268948
       18.060000     -0.26082370     0.012851873       32.202797       32.611746      -1.2539924
       18.270000     -0.27883921     0.019258082       32.594738       33.017772      -1.2812327
       18.480000     -0.29762596     0.026328636       32.987385       33.424782      -1.3086014
       18.690000     -0.31722908     0.034090309       33.380757       33.832791      -1.3360830
       18.900000     -0.33769703     0.042570658       33.774870       34.241812      -1.3636611
       19.110000     -0.35908196     0.051798045       34.169744       34.651861      -1.3913181
       19.320000     -0.38143997     0.061801674       34.565398       35.062954      -1.4190351
       19.530000     -0.40483151     0.072611613       34.961852       35.475103      -1.4467920
       19.740000     -0.42932183     0.084258831       35.359129       35.888326      -1.4745671
       19.950000     -0.45498139     0.096775225       35.757250       36.302638      -1.5023374
       20.160000     -0.48188637      0.11019366       36.156238       36.718053      -1.5300780
       20.370000     -0.51011931      0.12454800       36.556119       37.134588      -1.5577624
       20.580000     -0.53976969      0.13987314       36.956918       37.552258      -1.5853621
       20.790000     -0.57093471      0.15620507       37.358664       37.971079      -1.6128462
       21.000000     -0.60372009      0.17358087       37.761384       38.391067      -1.6401820
