Results for:	
File:	C:\Users\User\OneDrive - Massachusetts Institute of Technology\Documents\MIT\Grad School\Classes\2.156\Lens Project\Prime Lenses\JP2021-189351_Example04P.zmx
Title:	JP 2021-189351 Example 4 (Nikon Nikkor Z 40mm f/2)
Date:	11/7/2025 5:33:10 PM

0 message(s) in output.
3 series table(s) in output.

Table series: Data for wavelength : 0.486133 µm.
   Y Angle (deg)       Tan Shift       Sag Shift     Real Height     Ref. Height      Distortion
  --------------  --------------  --------------  --------------  --------------  --------------
      0.00000000    -0.034578633    -0.034578633      0.00000000      0.00000000      0.00000000
      0.27722240    -0.034482619    -0.034588418      0.19925556      0.19925546  5.3186874E-005
      0.55444479    -0.034201690    -0.034617851      0.39852154      0.39852025  3.2365430E-004
      0.83166719    -0.033737568    -0.034667166      0.59780832      0.59780370  7.7337136E-004
       1.1088896    -0.033093092    -0.034736751      0.79712631      0.79711514  1.4007481E-003
       1.3861120    -0.032272208    -0.034827148      0.99648588      0.99646392  2.2035647E-003
       1.6633344    -0.031279954    -0.034939049       1.1958974       1.1958594  3.1789772E-003
       1.9405568    -0.030122438    -0.035073292       1.3953712       1.3953109  4.3235257E-003
       2.2177792    -0.028806812    -0.035230860       1.5949176       1.5948278  5.6331433E-003
       2.4950016    -0.027341246    -0.035412872       1.7945470       1.7944195  7.1031675E-003
       2.7722240    -0.025734886    -0.035620583       1.9942694       1.9940954  8.7283532E-003
       3.0494464    -0.023997824    -0.035855372       2.1940953       2.1938648     0.010502887
       3.3266687    -0.022141049    -0.036118742       2.3940346       2.3937373     0.012420402
       3.6038911    -0.020176400    -0.036412304       2.5940976       2.5937222     0.014474002
       3.8811135    -0.018116515    -0.036737778       2.7942944       2.7938291     0.016656266
       4.1583359    -0.015974775    -0.037096979       2.9946350       2.9940674     0.018959288
       4.4355583    -0.013765241    -0.037491806       3.1951294       3.1944466     0.021374688
       4.7127807    -0.011502591    -0.037924238       3.3957874       3.3949762     0.023893640
       4.9900031 -9.2020502E-003    -0.038396318       3.5966190       3.5956659     0.026506895
       5.2672255 -6.8793196E-003    -0.038910145       3.7976340       3.7965253     0.029204812
       5.5444479 -4.5504967E-003    -0.039467861       3.9988422       3.9975639     0.031977384
       5.8216703 -2.2319967E-003    -0.040071637       4.2002532       4.1987914     0.034814270
       6.0988927  5.9532024E-005    -0.040723663       4.4018767       4.4002176     0.037704825
       6.3761151  2.3072954E-003    -0.041426133       4.6037223       4.6018522     0.040638136
       6.6533375  4.4944438E-003    -0.042181233       4.8057995       4.8037049     0.043603053
       6.9305599  6.6041665E-003    -0.042991123       5.0081177       5.0057856     0.046588229
       7.2077823  8.6197867E-003    -0.043857926       5.2106865       5.2081042     0.049582152
       7.4850047     0.010524862    -0.044783710       5.4135150       5.4106705     0.052573187
       7.7622271     0.012303282    -0.045770474       5.6166128       5.6134945     0.055549615
       8.0394495     0.013939376    -0.046820131       5.8199889       5.8165862     0.058499672
       8.3166719     0.015418014    -0.047934493       6.0236527       6.0199557     0.061411593
       8.5938943     0.016724711    -0.049115253       6.2276133       6.2236131     0.064273653
       8.8711167     0.017845737    -0.050363969       6.4318798       6.4275686     0.067074209
       9.1483391     0.018768221    -0.051682046       6.6364614       6.6318323     0.069801750
       9.4255614     0.019480262    -0.053070720       6.8413672       6.8364146     0.072444936
       9.7027838     0.019971028    -0.054531039       7.0466063       7.0413258     0.074992646
       9.9800062     0.020230869    -0.056063845       7.2521877       7.2465764     0.077434026
       10.257229     0.020251418    -0.057669759       7.4581205       7.4521767     0.079758534
       10.534451     0.020025695    -0.059349158       7.6644137       7.6581374     0.081955988
       10.811673     0.019548206    -0.061102164       7.8710765       7.8644691     0.084016614
       11.088896     0.018815044    -0.062928619       8.0781181       8.0711824     0.085931093
       11.366118     0.017823979    -0.064828073       8.2855474       8.2782881     0.087690609
       11.643341     0.016574554    -0.066799760       8.4933739       8.4857972     0.089286895
       11.920563     0.015068168    -0.068842588       8.7016066       8.6937204     0.090712283
       12.197785     0.013308162    -0.070955112       8.9102551       8.9020688     0.091959751
       12.475008     0.011299891    -0.073135526       9.1193286       9.1108535     0.093022965
       12.752230  9.0507995E-003    -0.075381639       9.3288368       9.3200856     0.093896328
       13.029453  6.5704843E-003    -0.077690862       9.5387893       9.5297765     0.094575025
       13.306675  3.8707529E-003    -0.080060187       9.7491958       9.7399375     0.095055065
       13.583897  9.6567384E-004    -0.082486176       9.9600663       9.9505800     0.095333319
       13.861120 -2.1283810E-003    -0.084964941       10.171411       10.161716     0.095407569
       14.138342 -5.3927024E-003    -0.087492132       10.383239       10.373356     0.095276535
       14.415565 -8.8062200E-003    -0.090062917       10.595563       10.585513     0.094939919
       14.692787    -0.012345487    -0.092671973       10.808392       10.798198     0.094398436
       14.970009    -0.015984680    -0.095313469       11.021737       11.011424     0.093653839
       15.247232    -0.019695602    -0.097981054       11.235609       11.225202     0.092708952
       15.524454    -0.023447708     -0.10066784       11.450020       11.439545     0.091567688
       15.801677    -0.027208140     -0.10336641       11.664981       11.654465     0.090235071
       16.078899    -0.030941774     -0.10606876       11.880504       11.869974     0.088717243
       16.356121    -0.034611289     -0.10876636       12.096602       12.086085     0.087021478
       16.633344    -0.038177251     -0.11145009       12.313287       12.302810     0.085156177
       16.910566    -0.041598217     -0.11411023       12.530571       12.520163     0.083130869
       17.187789    -0.044830861     -0.11673649       12.748469       12.738157     0.080956189
       17.465011    -0.047830127     -0.11931801       12.966994       12.956804     0.078643861
       17.742233    -0.050549406     -0.12184330       13.186159       13.176118     0.076206664
       18.019456    -0.052940747     -0.12430029       13.405979       13.396111     0.073658387
       18.296678    -0.054955103     -0.12667633       13.626469       13.616799     0.071013771
       18.573900    -0.056542612     -0.12895815       13.847643       13.838193     0.068288442
       18.851123    -0.057652934     -0.13113193       14.069519       14.060309     0.065498822
       19.128345    -0.058235630     -0.13318325       14.292110       14.283160     0.062662024
       19.405568    -0.058240603     -0.13509716       14.515435       14.506760     0.059795730
       19.682790    -0.057618616     -0.13685815       14.739508       14.731124     0.056918043
       19.960012    -0.056321876     -0.13845019       14.964349       14.956265     0.054047312
       20.237235    -0.054304719     -0.13985676       15.189973       15.182200     0.051201936
       20.514457    -0.051524399     -0.14106091       15.416399       15.408941     0.048400124
       20.791680    -0.047942001     -0.14204525       15.643645       15.636505     0.045659632
       21.068902    -0.043523488     -0.14279204       15.871729       15.864907     0.042997443
       21.346124    -0.038240927     -0.14328324       16.100669       16.094162     0.040429415
       21.623347    -0.032073888     -0.14350058       16.330484       16.324286     0.037969862
       21.900569    -0.025011080     -0.14342565       16.561193       16.555294     0.035631085
       22.177792    -0.017052235     -0.14304002       16.792813       16.787202     0.033422826
       22.455014 -8.2102869E-003     -0.14232531       17.025364       17.020027     0.031351646
       22.732236  1.4861043E-003     -0.14126340       17.258862       17.253786     0.029420212
       23.009459     0.011989633     -0.13983653       17.493325       17.488493     0.027626484
       23.286681     0.023230978     -0.13802755       17.728769       17.724168     0.025962774
       23.563904     0.035114903     -0.13582013       17.965211       17.960826     0.024414683
       23.841126     0.047515766     -0.13319903       18.202663       18.198484     0.022959869
       24.118348     0.060272343     -0.13015042       18.441138       18.437162     0.021566646
       24.395571     0.073181868     -0.12666227       18.680647       18.676875     0.020192373
       24.672793     0.085993212     -0.12272475       18.921196       18.917643     0.018781603
       24.950016     0.098399059     -0.11833080       19.162792       19.159484     0.017263963
       25.227238      0.11002701     -0.11347671       19.405433       19.402416     0.015551713
       25.504460      0.12042944     -0.10816282       19.649118       19.646458     0.013536943
       25.781683      0.12907213     -0.10239439       19.893835       19.891629     0.011088340
       26.058905      0.13532141    -0.096182583       20.139570       20.137949  8.0474667E-003
       26.336128      0.13842992    -0.089545609       20.386299       20.385438  4.2244710E-003
       26.613350      0.13752091    -0.082510119       20.633989       20.634114 -6.0687356E-004
       26.890572      0.13157116    -0.075112814       20.882597       20.884000 -6.7148945E-003
       27.167795      0.11939271    -0.067402363       21.132067       21.135114    -0.014416645
       27.445017     0.099613693    -0.059441654       21.382328       21.387479    -0.024085575
       27.722240     0.070658914    -0.051310464       21.633290       21.641116    -0.036160414

Table series: Data for wavelength : 0.587562 µm.
   Y Angle (deg)       Tan Shift       Sag Shift     Real Height     Ref. Height      Distortion
  --------------  --------------  --------------  --------------  --------------  --------------
      0.00000000  1.7264447E-004  1.7264447E-004      0.00000000      0.00000000      0.00000000
      0.27722240  2.5919513E-004  1.5666713E-004      0.19934588      0.19934571  8.0764043E-005
      0.55444479  5.1150328E-004  1.0865830E-004      0.39870205      0.39870076  3.2274476E-004
      0.83166719  9.2787859E-004  2.8387866E-005      0.59807882      0.59807448  7.2500032E-004
       1.1088896  1.5055315E-003 -8.4526429E-005      0.79748646      0.79747621  1.2859653E-003
       1.3861120  2.2405847E-003 -2.3061725E-004      0.99693526      0.99691529  2.0034540E-003
       1.6633344  3.1280892E-003 -4.1056507E-004       1.1964355       1.1964011  2.8746665E-003
       1.9405568  4.1620451E-003 -6.2519519E-004       1.3959973       1.3959429  3.8961965E-003
       2.2177792  5.3354262E-003 -8.7547342E-004       1.5956310       1.5955502  5.0640402E-003
       2.4950016  6.6402104E-003 -1.1625019E-003       1.7953467       1.7952323  6.3736080E-003
       2.7722240  8.0674130E-003 -1.4875133E-003       1.9951546       1.9949986  7.8197366E-003
       3.0494464  9.6071257E-003 -1.8518654E-003       2.1950648       2.1948586  9.3967040E-003
       3.3266687     0.011248559 -2.2570335E-003       2.3950874       2.3948216     0.011098245
       3.6038911     0.012980091 -2.7046042E-003       2.5952323       2.5948971     0.012917567
       3.8811135     0.014789317 -3.1962666E-003       2.7955096       2.7950946     0.014847378
       4.1583359     0.016663107 -3.7338038E-003       2.9959292       2.9954236     0.016879893
       4.4355583     0.018587665 -4.3190838E-003       3.1965010       3.1958935     0.019006870
       4.7127807     0.020548594 -4.9540492E-003       3.3972348       3.3965140     0.021219625
       4.9900031     0.022530962 -5.6407071E-003       3.5981403       3.5972946     0.023509063
       5.2672255     0.024519377 -6.3811181E-003       3.7992274       3.7982450     0.025865702
       5.5444479     0.026498063 -7.1773840E-003       4.0005057       3.9993746     0.028279705
       5.8216703     0.028450937 -8.0316361E-003       4.2019847       4.2006933     0.030740905
       6.0988927     0.030361692 -8.9460224E-003       4.4036740       4.4022108     0.033238841
       6.3761151     0.032213889 -9.9226948E-003       4.6055832       4.6039367     0.035762789
       6.6533375     0.033991036    -0.010963793       4.8077216       4.8058808     0.038301797
       6.9305599     0.035676693    -0.012071435       5.0100986       5.0080531     0.040844717
       7.2077823     0.037254555    -0.013247698       5.2127236       5.2104633     0.043380249
       7.4850047     0.038708558    -0.014494604       5.4156058       5.4131213     0.045896970
       7.7622271     0.040022974    -0.015814108       5.6187544       5.6160372     0.048383383
       8.0394495     0.041182515    -0.017208076       5.8221787       5.8192209     0.050827947
       8.3166719     0.042172431    -0.018678277       6.0258878       6.0226826     0.053219126
       8.5938943     0.042978620    -0.020226358       6.2298907       6.2264322     0.055545428
       8.8711167     0.043587729    -0.021853833       6.4341966       6.4304800     0.057795449
       9.1483391     0.043987259    -0.023562065       6.6388144       6.6348363     0.059957915
       9.4255614     0.044165673    -0.025352246       6.8437533       6.8395113     0.062021730
       9.7027838     0.044112495    -0.027225386       7.0490221       7.0445153     0.063976019
       9.9800062     0.043818421    -0.029182286       7.2546300       7.2498588     0.065810174
       10.257229     0.043275416    -0.031223531       7.4605858       7.4555523     0.067513903
       10.534451     0.042476818    -0.033349463       7.6668987       7.6616063     0.069077273
       10.811673     0.041417432    -0.035560172       7.8735776       7.8680314     0.070490759
       11.088896     0.040093634    -0.037855469       8.0806317       8.0748384     0.071745292
       11.366118     0.038503455    -0.040234877       8.2880699       8.2820379     0.072832306
       11.643341     0.036646677    -0.042697608       8.4959015       8.4896409     0.073743782
       11.920563     0.034524914    -0.045242547       8.7041357       8.6976583     0.074472300
       12.197785     0.032141693    -0.047868235       8.9127817       8.9061011     0.075011080
       12.475008     0.029502531    -0.050572852       9.1218489       9.1149804     0.075354032
       12.752230     0.026615000    -0.053354197       9.3313468       9.3243073     0.075495800
       13.029453     0.023488798    -0.056209679       9.5412849       9.5340932     0.075431804
       13.306675     0.020135796    -0.059136289       9.7516730       9.7443494     0.075158285
       13.583897     0.016570096    -0.062130596       9.9625210       9.9550873     0.074672346
       13.861120     0.012808065    -0.065188722       10.173839       10.166319     0.073971989
       14.138342  8.8683737E-003    -0.068306332       10.385637       10.378055     0.073056159
       14.415565  4.7720146E-003    -0.071478617       10.597925       10.590308     0.071924771
       14.692787  5.4232015E-004    -0.074700280       10.810714       10.803090     0.070578753
       14.970009 -3.7950364E-003    -0.077965524       11.024015       11.016412     0.069020064
       15.247232 -8.2120485E-003    -0.081268035       11.237839       11.230287     0.067251733
       15.524454    -0.012678397    -0.084600975       11.452197       11.444727     0.065277871
       15.801677    -0.017161486    -0.087956965       11.667101       11.659744     0.063103698
       16.078899    -0.021626487    -0.091328079       11.882563       11.875350     0.060735549
       16.356121    -0.026036407    -0.094705831       12.098594       12.091559     0.058180891
       16.633344    -0.030352171    -0.098081167       12.315208       12.308383     0.055448317
       16.910566    -0.034532719     -0.10144446       12.532417       12.525835     0.052547547
       17.187789    -0.038535131     -0.10478549       12.750234       12.743927     0.049489412
       17.465011    -0.042314773     -0.10809348       12.968673       12.962673     0.046285838
       17.742233    -0.045825469     -0.11135702       13.187748       13.182086     0.042949813
       18.019456    -0.049019701     -0.11456415       13.407473       13.402179     0.039495344
       18.296678    -0.051848847     -0.11770229       13.627862       13.622967     0.035937408
       18.573900    -0.054263456     -0.12075830       13.848932       13.844462     0.032291885
       18.851123    -0.056213561     -0.12371842       14.070698       14.066678     0.028575475
       19.128345    -0.057649050     -0.12656836       14.293175       14.289630     0.024805600
       19.405568    -0.058520089     -0.12929324       14.516379       14.513331     0.021000290
       19.682790    -0.058777608     -0.13187764       14.740328       14.737796     0.017178037
       19.960012    -0.058373871     -0.13430563       14.965039       14.963040     0.013357642
       20.237235    -0.057263124     -0.13656075       15.190528       15.189077  9.5580132E-003
       20.514457    -0.055402346     -0.13862610       15.416815       15.415921  5.7979560E-003
       20.791680    -0.052752122     -0.14048434       15.643916       15.643588  2.0959102E-003
       21.068902    -0.049277640     -0.14211775       15.871851       15.872094 -1.5303428E-003
       21.346124    -0.044949853     -0.14350829       16.100637       16.101452 -5.0640194E-003
       21.623347    -0.039746817     -0.14463764       16.330294       16.331680 -8.4897249E-003
       21.900569    -0.033655237     -0.14548731       16.560839       16.562793    -0.011793901
       22.177792    -0.026672262     -0.14603873       16.792293       16.794806    -0.014965339
       22.455014    -0.018807546     -0.14627335       17.024673       17.027737    -0.017995768
       22.732236    -0.010085650     -0.14617276       17.257997       17.261601    -0.020880527
       23.009459 -5.4880232E-004     -0.14571887       17.492282       17.496415    -0.023619337
       23.286681  9.7399055E-003     -0.14489407       17.727547       17.732196    -0.026217181
       23.563904     0.020692826     -0.14368147       17.963807       17.968961    -0.028685310
       23.841126     0.032193500     -0.14206510       18.201076       18.206728    -0.031042406
       24.118348     0.044091758     -0.14003025       18.439368       18.445513    -0.033315893
       24.395571     0.056198079     -0.13756379       18.678694       18.685335    -0.035543463
       24.672793     0.068277121     -0.13465459       18.919063       18.926212    -0.037774808
       24.950016     0.080040319     -0.13129396       19.160481       19.168163    -0.040073616
       25.227238     0.091137436     -0.12747626       19.402951       19.411205    -0.042519861
       25.504460      0.10114697     -0.12319950       19.646470       19.655357    -0.045212435
       25.781683      0.10956531     -0.11846614       19.891033       19.900639    -0.048272175
       26.058905      0.11579454     -0.11328400       20.136626       20.147071    -0.051845350
       26.336128      0.11912883     -0.10766729       20.383228       20.394671    -0.056107681
       26.613350      0.11873946     -0.10163791       20.630813       20.643461    -0.061268972
       26.890572      0.11365838    -0.095226897       20.879340       20.893459    -0.067578465
       27.167795      0.10276059    -0.088476162       21.128759       21.144688    -0.075331028
       27.445017     0.084745574    -0.081440575       21.379006       21.397167    -0.084874300
       27.722240     0.058118139    -0.074190372       21.630000       21.650918    -0.096616980

Table series: Data for wavelength : 0.656273 µm.
   Y Angle (deg)       Tan Shift       Sag Shift     Real Height     Ref. Height      Distortion
  --------------  --------------  --------------  --------------  --------------  --------------
      0.00000000     0.040533914     0.040533914      0.00000000      0.00000000      0.00000000
      0.27722240     0.040617399     0.040515619      0.19941641      0.19941629  5.9023379E-005
      0.55444479     0.040860207     0.040460654      0.39884307      0.39884191  2.9006685E-004
      0.83166719     0.041260656     0.040368793      0.59829025      0.59828622  6.7410004E-004
       1.1088896     0.041815969     0.040239652      0.79776819      0.79775854  1.2095671E-003
       1.3861120     0.042522287     0.040072703      0.99728712      0.99726823  1.8942956E-003
       1.6633344     0.043374685     0.039867266       1.1968573       1.1968246  2.7255030E-003
       1.9405568     0.044367190     0.039622520       1.3964888       1.3964371  3.6998037E-003
       2.2177792     0.045492810     0.039337502       1.5961919       1.5961151  4.8132187E-003
       2.4950016     0.046743561     0.039011114       1.7959767       1.7958679  6.0611867E-003
       2.7722240     0.048110501     0.038642129       1.9958534       1.9957049  7.4385767E-003
       3.0494464     0.049583770     0.038229192       2.1958319       2.1956356  8.9397020E-003
       3.3266687     0.051152633     0.037770836       2.3959224       2.3956694     0.010558337
       3.6038911     0.052805524     0.037265479       2.5961347       2.5958158     0.012287729
       3.8811135     0.054530102     0.036711438       2.7964790       2.7960841     0.014120638
       4.1583359     0.056313304     0.036106939       2.9969649       2.9964840     0.016049327
       4.4355583     0.058141407     0.035450120       3.1976025       3.1970250     0.018065606
       4.7127807     0.060000089     0.034739048       3.3984015       3.3977165     0.020160847
       4.9900031     0.061874501     0.033971723       3.5993716       3.5985682     0.022326017
       5.2672255     0.063749336     0.033146094       3.8005225       3.7995897     0.024551696
       5.5444479     0.065608906     0.032260069       4.0018639       4.0007905     0.026828111
       5.8216703     0.067437223     0.031311526       4.2034052       4.2021805     0.029145166
       6.0988927     0.069218077     0.030298327       4.4051561       4.4037693     0.031492471
       6.3761151     0.070935128     0.029218332       4.6071260       4.6055666     0.033859376
       6.6533375     0.072571992     0.028069411       4.8093243       4.8075823     0.036235007
       6.9305599     0.074112333     0.026849458       5.0117603       5.0098261     0.038608296
       7.2077823     0.075539959     0.025556408       5.2144433       5.2123079     0.040968024
       7.4850047     0.076838917     0.024188250       5.4173826       5.4150377     0.043302855
       7.7622271     0.077993596     0.022743041       5.6205874       5.6180255     0.045601374
       8.0394495     0.078988823     0.021218927       5.8240667       5.8212811     0.047852132
       8.3166719     0.079809969     0.019614153       6.0278298       6.0248148     0.050043683
       8.5938943     0.080443051     0.017927082       6.2318857       6.2286366     0.052164625
       8.8711167     0.080874838     0.016156215       6.4362434       6.4327566     0.054203649
       9.1483391     0.081092951     0.014300201       6.6409120       6.6371852     0.056149575
       9.4255614     0.081085975     0.012357860       6.8459004       6.8419327     0.057991404
       9.7027838     0.080843555     0.010328196       7.0512176       7.0470093     0.059718357
       9.9800062     0.080356507  8.2104180E-003       7.2568727       7.2524255     0.061319924
       10.257229     0.079616913  6.0039560E-003       7.4628745       7.4581918     0.062785911
       10.534451     0.078618227  3.7084778E-003       7.6692320       7.6643187     0.064106484
       10.811673     0.077355370  1.3239075E-003       7.8759544       7.8708169     0.065272216
       11.088896     0.075824826 -1.1495567E-003       8.0830505       8.0776971     0.066274138
       11.366118     0.074024735 -3.7114255E-003       8.2905295       8.2849700     0.067103780
       11.643341     0.071954980 -6.3609005E-003       8.4984006       8.4926465     0.067753223
       11.920563     0.069617274 -9.0968570E-003       8.7066728       8.7007376     0.068215143
       12.197785     0.067015235    -0.011917827       8.9153554       8.9092541     0.068482858
       12.475008     0.064154468    -0.014821980       9.1244579       9.1182073     0.068550373
       12.752230     0.061042625    -0.017807110       9.3339896       9.3276084     0.068412424
       13.029453     0.057689476    -0.020870616       9.5439602       9.5374685     0.068064525
       13.306675     0.054106959    -0.024009485       9.7543792       9.7477991     0.067503008
       13.583897     0.050309233    -0.027220280       9.9652566       9.9586117     0.066725063
       13.861120     0.046312714    -0.030499118       10.176602       10.169918     0.065728782
       14.138342     0.042136111    -0.033841661       10.388427       10.381729     0.064513193
       14.415565     0.037800451    -0.037243099       10.600740       10.594057     0.063078294
       14.692787     0.033329086    -0.040698134       10.813552       10.806914     0.061425092
       14.970009     0.028747701    -0.044200968       11.026875       11.020312     0.059555627
       15.247232     0.024084304    -0.047745290       11.240719       11.234263     0.057473000
       15.524454     0.019369207    -0.051324264       11.455096       11.448778     0.055181398
       15.801677     0.014634988    -0.054930515       11.670017       11.663871     0.052686110
       16.078899  9.9164461E-003    -0.058556124       11.885494       11.879555     0.049993541
       16.356121  5.2505375E-003    -0.062192609       12.101538       12.095840     0.047111225
       16.633344  6.7629228E-004    -0.065830926       12.318164       12.312741     0.044047821
       16.910566 -3.7652848E-003    -0.069461456       12.535383       12.530269     0.040813114
       17.187789 -8.0313352E-003    -0.073073996       12.753209       12.748439     0.037418000
       17.465011    -0.012077292    -0.076657763       12.971655       12.967262     0.033874468
       17.742233    -0.015857050    -0.080201382       13.190735       13.186753     0.030195572
       18.019456    -0.019323166    -0.083692887       13.410463       13.406924     0.026395388
       18.296678    -0.022427092    -0.087119724       13.630854       13.627790     0.022488964
       18.573900    -0.025119447    -0.090468751       13.851924       13.849363     0.018492257
       18.851123    -0.027350327    -0.093726242       14.073688       14.071658     0.014422049
       19.128345    -0.029069675    -0.096877900       14.296161       14.294689     0.010295855
       19.405568    -0.030227690    -0.099908863       14.519360       14.518469  6.1318056E-003
       19.682790    -0.030775317     -0.10280372       14.743301       14.743014  1.9485133E-003
       19.960012    -0.030664803     -0.10554654       14.968003       14.968337 -2.2350897E-003
       20.237235    -0.029850335     -0.10812088       15.193482       15.194454 -6.3999366E-003
       20.514457    -0.028288789     -0.11050983       15.419755       15.421379    -0.010527042
       20.791680    -0.025940577     -0.11269604       15.646842       15.649127    -0.014597753
       21.068902    -0.022770641     -0.11466178       15.874760       15.877713    -0.018594038
       21.346124    -0.018749589     -0.11638897       16.103529       16.107153    -0.022498821
       21.623347    -0.013855015     -0.11785927       16.333166       16.337462    -0.026296359
       21.900569 -8.0730236E-003     -0.11905414       16.563691       16.568657    -0.029972687
       22.177792 -1.3999843E-003     -0.11995493       16.795121       16.800752    -0.033516115
       22.455014  6.1554278E-003     -0.12054299       17.027477       17.033765    -0.036917807
       22.732236     0.014569883     -0.12079983       17.260775       17.267712    -0.040172436
       23.009459     0.023802680     -0.12070721       17.495034       17.502609    -0.043278941
       23.286681     0.033792603     -0.12024733       17.730271       17.738474    -0.046241385
       23.563904     0.044454300     -0.11940309       17.966502       17.975323    -0.049069945
       23.841126     0.055674104     -0.11815825       18.203742       18.213173    -0.051782036
       24.118348     0.067305219     -0.11649778       18.442005       18.452043    -0.054403608
       24.395571     0.079162183     -0.11440816       18.681302       18.691950    -0.056970622
       24.672793     0.091014520     -0.11187778       18.921642       18.932913    -0.059530750
       24.950016      0.10257947     -0.10889738       19.163032       19.174949    -0.062145322
       25.227238      0.11351370     -0.10546064       19.405476       19.418077    -0.064891555
       25.504460      0.12340388     -0.10156473       19.648972       19.662316    -0.067865128
       25.781683      0.13175602    -0.097211159       19.893514       19.907685    -0.071183129
       26.058905      0.13798351    -0.092406552       20.139091       20.154204    -0.074987458
       26.336128      0.14139372    -0.087163741       20.385683       20.401892    -0.079448740
       26.613350      0.14117327    -0.081502958       20.633263       20.650769    -0.084770838
       26.890572      0.13637185    -0.075453260       20.881796       20.900856    -0.091196073
       27.167795      0.12588482    -0.069054219       21.131231       21.152174    -0.099011235
       27.445017      0.10843481    -0.062357907       21.381507       21.404742     -0.10855455
       27.722240     0.082552817    -0.055431235       21.632545       21.658584     -0.12022374
