Results for:	
File:	C:\Users\User\OneDrive - Massachusetts Institute of Technology\Documents\MIT\Grad School\Classes\2.156\Lens Project\Prime Lenses\US02475938-1.zmx
Title:	
Date:	11/7/2025 5:42:10 PM

0 message(s) in output.
3 series table(s) in output.

Table series: Data for wavelength : 0.486133 µm.
   Y Angle (deg)       Tan Shift       Sag Shift     Real Height     Ref. Height      Distortion
  --------------  --------------  --------------  --------------  --------------  --------------
      0.00000000    -0.049847767    -0.049847767      0.00000000      0.00000000      0.00000000
      0.30000000    -0.049902918    -0.049900755      0.13329909      0.13329916 -5.1933699E-005
      0.60000000    -0.050069119    -0.050059631      0.26660525      0.26660563 -1.4346526E-004
      0.90000000    -0.050346112    -0.050324130      0.39992554      0.39992673 -2.9587700E-004
       1.2000000    -0.050733460    -0.050693809      0.53326704      0.53326975 -5.0898396E-004
       1.5000000    -0.051230555    -0.051168049      0.66663681      0.66664203 -7.8249802E-004
       1.8000000    -0.051836610    -0.051746051      0.80004196      0.80005089 -1.1160578E-003
       2.1000000    -0.052550666    -0.052426840      0.93348957      0.93350366 -1.5092205E-003
       2.4000000    -0.053371589    -0.053209260       1.0669868       1.0670077 -1.9614612E-003
       2.7000000    -0.054298068    -0.054091974       1.2005406       1.2005703 -2.4721724E-003
       3.0000000    -0.055328620    -0.055073464       1.3341584       1.3341989 -3.0406628E-003
       3.3000000    -0.056461585    -0.056152028       1.4678471       1.4679009 -3.6661564E-003
       3.6000000    -0.057695129    -0.057325782       1.6016140       1.6016836 -4.3477913E-003
       3.9000000    -0.059027245    -0.058592653       1.7354663       1.7355545 -5.0846186E-003
       4.2000000    -0.060455749    -0.059950381       1.8694112       1.8695210 -5.8756008E-003
       4.5000000    -0.061978286    -0.061396516       2.0034559       2.0035906 -6.7196104E-003
       4.8000000    -0.063592322    -0.062928417       2.1376079       2.1377707 -7.6154282E-003
       5.1000000    -0.065295154    -0.064543247       2.2718743       2.2720688 -8.5617416E-003
       5.4000000    -0.067083902    -0.066237972       2.4062626       2.4064926 -9.5571422E-003
       5.7000000    -0.068955513    -0.068009357       2.5407801       2.5410494    -0.010600124
       6.0000000    -0.070906763    -0.069853967       2.6754342       2.6757470    -0.011689082
       6.3000000    -0.072934250    -0.071768159       2.8102325       2.8105929    -0.012822308
       6.6000000    -0.075034406    -0.073748080       2.9451825       2.9455948    -0.013997989
       6.9000000    -0.077203484    -0.075789666       3.0802917       3.0807604    -0.015214205
       7.2000000    -0.079437570    -0.077888635       3.2155677       3.2160974    -0.016468925
       7.5000000    -0.081732577    -0.080040482       3.3510183       3.3516135    -0.017760004
       7.8000000    -0.084084247    -0.082240480       3.4866510       3.4873166    -0.019085181
       8.1000000    -0.086488153    -0.084483671       3.6224738       3.6232145    -0.020442074
       8.4000000    -0.088939697    -0.086764862       3.7584945       3.7593151    -0.021828176
       8.7000000    -0.091434113    -0.089078619       3.8947210       3.8956263    -0.023240854
       9.0000000    -0.093966470    -0.091419264       4.0311611       4.0321562    -0.024677340
       9.3000000    -0.096531668    -0.093780867       4.1678231       4.1689126    -0.026134733
       9.6000000    -0.099124441    -0.096157242       4.3047150       4.3059038    -0.027609987
       9.9000000     -0.10173936    -0.098541938       4.4418449       4.4431379    -0.029099912
       10.200000     -0.10437084     -0.10092824       4.5792212       4.5806230    -0.030601166
       10.500000     -0.10701312     -0.10330913       4.7168523       4.7183673    -0.032110252
       10.800000     -0.10966030     -0.10567735       4.8547465       4.8563793    -0.033623508
       11.100000     -0.11230630     -0.10802531       4.9929123       4.9946673    -0.035137105
       11.400000     -0.11494490     -0.11034514       5.1313585       5.1332397    -0.036647038
       11.700000     -0.11756973     -0.11262864       5.2700937       5.2721050    -0.038149124
       12.000000     -0.12017426     -0.11486732       5.4091268       5.4112718    -0.039638986
       12.300000     -0.12275183     -0.11705232       5.5484666       5.5507486    -0.041112057
       12.600000     -0.12529562     -0.11917449       5.6881223       5.6905444    -0.042563560
       12.900000     -0.12779867     -0.12122428       5.8281029       5.8306677    -0.043988512
       13.200000     -0.13025390     -0.12319182       5.9684177       5.9711275    -0.045381705
       13.500000     -0.13265409     -0.12506683       6.1090762       6.1119327    -0.046737703
       13.800000     -0.13499189     -0.12683868       6.2500878       6.2530924    -0.048050829
       14.100000     -0.13725984     -0.12849631       6.3914621       6.3946157    -0.049315159
       14.400000     -0.13945036     -0.13002825       6.5332091       6.5365117    -0.050524506
       14.700000     -0.14155576     -0.13142262       6.6753386       6.6787897    -0.051672412
       15.000000     -0.14356825     -0.13266707       6.8178607       6.8214591    -0.052752135
       15.300000     -0.14547996     -0.13374881       6.9607856       6.9645295    -0.053756639
       15.600000     -0.14728291     -0.13465455       7.1041237       7.1080103    -0.054678576
       15.900000     -0.14896908     -0.13537052       7.2478856       7.2519112    -0.055510275
       16.200000     -0.15053035     -0.13588243       7.3920821       7.3962420    -0.056243728
       16.500000     -0.15195858     -0.13617543       7.5367240       7.5410127    -0.056870571
       16.800000     -0.15324558     -0.13623414       7.6818225       7.6862330    -0.057382072
       17.100000     -0.15438313     -0.13604257       7.8273889       7.8319133    -0.057769110
       17.400000     -0.15536299     -0.13558415       7.9734346       7.9780636    -0.058022158
       17.700000     -0.15617695     -0.13484165       8.1199714       8.1246944    -0.058131263
       18.000000     -0.15681681     -0.13379720       8.2670113       8.2718160    -0.058086026
       18.300000     -0.15727441     -0.13243221       8.4145663       8.4194391    -0.057875579
       18.600000     -0.15754169     -0.13072739       8.5626490       8.5675744    -0.057488564
       18.900000     -0.15761063     -0.12866270       8.7112719       8.7162326    -0.056913107
       19.200000     -0.15747337     -0.12621730       8.8604480       8.8654247    -0.056136792
       19.500000     -0.15712217     -0.12336953       9.0101904       9.0151620    -0.055146632
       19.800000     -0.15654949     -0.12009685       9.1605127       9.1654555    -0.053929045
       20.100000     -0.15574798     -0.11637582       9.3114285       9.3163168    -0.052469816
       20.400000     -0.15471056     -0.11218206       9.4629520       9.4677573    -0.050754069
       20.700000     -0.15343044     -0.10749017       9.6150975       9.6197887    -0.048766231
       21.000000     -0.15190115     -0.10227373       9.7678797       9.7724229    -0.046489993
       21.300000     -0.15011663    -0.096505182       9.9213137       9.9256719    -0.043908271
       21.600000     -0.14807125    -0.090155828       10.075415       10.079548    -0.041003165
       21.900000     -0.14575990    -0.083195745       10.230199       10.234063    -0.037755914
       22.200000     -0.14317803    -0.075593722       10.385683       10.389230    -0.034146844
       22.500000     -0.14032173    -0.067317192       10.541882       10.545062    -0.030155324
       22.800000     -0.13718782    -0.058332156       10.698815       10.701571    -0.025759703
       23.100000     -0.13377393    -0.048603106       10.856497       10.858771    -0.020937258
       23.400000     -0.13007860    -0.038092936       11.014949       11.016674    -0.015664128
       23.700000     -0.12610139    -0.026762852       11.174187       11.175295 -9.9152484E-003
       24.000000     -0.12184297    -0.014572274       11.334231       11.334646 -3.6642788E-003
       24.300000     -0.11730529 -1.4787311E-003       11.495100       11.494742  3.1164743E-003
       24.600000     -0.11249170     0.012562255       11.656816       11.655597     0.010456139
       24.900000     -0.10740710     0.027597290       11.819398       11.817225     0.018385369
       25.200000     -0.10205813     0.043675237       11.982867       11.979641     0.026936434
       25.500000    -0.096453343     0.060847361       12.147247       12.142858     0.036143330
       25.800000    -0.090603421     0.079167483       12.312560       12.306894     0.046041883
       26.100000    -0.084521411     0.098692140       12.478829       12.471761     0.056669869
       26.400000    -0.078222973      0.11948077       12.646079       12.637477     0.068067148
       26.700000    -0.071726669      0.14159590       12.814335       12.804056     0.080275797
       27.000000    -0.065054271      0.16510336       12.983623       12.971515     0.093340263
       27.300000    -0.058231113      0.19007250       13.153970       13.139870      0.10730753
       27.600000    -0.051286467      0.21657648       13.325405       13.309138      0.12222727
       27.900000    -0.044253979      0.24469245       13.497956       13.479334      0.13815210
       28.200000    -0.037172131      0.27450195       13.671654       13.650477      0.15513770
       28.500000    -0.030084778      0.30609115       13.846530       13.822584      0.17324311
       28.800000    -0.023041724      0.33955124       14.022618       13.995672      0.19253095
       29.100000    -0.016099375      0.37497878       14.199950       14.169759      0.21306769
       29.400000 -9.3214686E-003      0.41247616       14.378563       14.344864      0.23492396
       29.700000 -2.7798778E-003      0.45215202       14.558495       14.521005      0.25817486
       30.000000  3.4444819E-003      0.49412179       14.739783       14.698202      0.28290030

Table series: Data for wavelength : 0.587562 µm.
   Y Angle (deg)       Tan Shift       Sag Shift     Real Height     Ref. Height      Distortion
  --------------  --------------  --------------  --------------  --------------  --------------
      0.00000000 -2.1579823E-003 -2.1579823E-003      0.00000000      0.00000000      0.00000000
      0.30000000 -2.2129208E-003 -2.2131032E-003      0.13332505      0.13332509 -3.3124868E-005
      0.60000000 -2.3781536E-003 -2.3783782E-003      0.26665714      0.26665749 -1.3245763E-004
      0.90000000 -2.6534138E-003 -2.6535437E-003      0.40000333      0.40000452 -2.9788438E-004
       1.2000000 -3.0382554E-003 -3.0381604E-003      0.53337066      0.53337348 -5.2921447E-004
       1.5000000 -3.5320529E-003 -3.5316127E-003      0.66676620      0.66677170 -8.2617920E-004
       1.8000000 -4.1340014E-003 -4.1331081E-003      0.80019700      0.80020651 -1.1884329E-003
       2.1000000 -4.8431165E-003 -4.8416769E-003      0.93367016      0.93368524 -1.6155521E-003
       2.4000000 -5.6582346E-003 -5.6561706E-003       1.0671927       1.0672152 -2.1070347E-003
       2.7000000 -6.5780125E-003 -6.5752620E-003       1.2007719       1.2008038 -2.6622997E-003
       3.0000000 -7.6009279E-003 -7.5974430E-003       1.3344147       1.3344585 -3.2806856E-003
       3.3000000 -8.7252787E-003 -8.7210239E-003       1.4681283       1.4681864 -3.9614504E-003
       3.6000000 -9.9491838E-003 -9.9441319E-003       1.6019198       1.6019952 -4.7037696E-003
       3.9000000    -0.011270583    -0.011264709       1.7357965       1.7358921 -5.5067354E-003
       4.2000000    -0.012687235    -0.012680511       1.8697656       1.8698847 -6.3693554E-003
       4.5000000    -0.014196722    -0.014189105       2.0038342       2.0039803 -7.2905512E-003
       4.8000000    -0.015796445    -0.015787868       2.1380097       2.1381865 -8.2691562E-003
       5.1000000    -0.017483626    -0.017473981       2.2722994       2.2725108 -9.3039148E-003
       5.4000000    -0.019255309    -0.019244433       2.4067105       2.4069607    -0.010393480
       5.7000000    -0.021108358    -0.021096012       2.5412505       2.5415437    -0.011536410
       6.0000000    -0.023039459    -0.023025307       2.6759268       2.6762675    -0.012731170
       6.3000000    -0.025045118    -0.025028700       2.8107467       2.8111396    -0.013976125
       6.6000000    -0.027121665    -0.027102368       2.9457179       2.9461678    -0.015269541
       6.9000000    -0.029265248    -0.029242275       3.0808479       3.0813597    -0.016609581
       7.2000000    -0.031471840    -0.031444170       3.2161441       3.2167230    -0.017994300
       7.5000000    -0.033737237    -0.033703583       3.3516144       3.3522655    -0.019421647
       7.8000000    -0.036057055    -0.036015822       3.4872663       3.4879950    -0.020889458
       8.1000000    -0.038426736    -0.038375965       3.6231077       3.6239193    -0.022395453
       8.4000000    -0.040841544    -0.040778859       3.7591463       3.7600464    -0.023937234
       8.7000000    -0.043296568    -0.043219113       3.8953900       3.8963841    -0.025512280
       9.0000000    -0.045786722    -0.045691092       4.0318468       4.0329405    -0.027117943
       9.3000000    -0.048306746    -0.048188913       4.1685247       4.1697236    -0.028751444
       9.6000000    -0.050851207    -0.050706439       4.3054317       4.3067414    -0.030409869
       9.9000000    -0.053414500    -0.053237272       4.4425760       4.4440021    -0.032090166
       10.200000    -0.055990848    -0.055774744       4.5799659       4.5815140    -0.033789135
       10.500000    -0.058574305    -0.058311916       4.7176096       4.7192852    -0.035503427
       10.800000    -0.061158756    -0.060841565       4.8555156       4.8573240    -0.037229538
       11.100000    -0.063737921    -0.063356178       4.9936924       4.9956389    -0.038963802
       11.400000    -0.066305353    -0.065847944       5.1321484       5.1342382    -0.040702387
       11.700000    -0.068854445    -0.068308747       5.2708925       5.2731305    -0.042441285
       12.000000    -0.071378427    -0.070730154       5.4099334       5.4123244    -0.044176309
       12.300000    -0.073870371    -0.073103407       5.5492799       5.5518284    -0.045903084
       12.600000    -0.076323197    -0.075419412       5.6889411       5.6916513    -0.047617040
       12.900000    -0.078729670    -0.077668729       5.8289260       5.8318019    -0.049313402
       13.200000    -0.081082407    -0.079841561       5.9692439       5.9722890    -0.050987186
       13.500000    -0.083373882    -0.081927742       6.1099041       6.1131216    -0.052633188
       13.800000    -0.085596428    -0.083916724       6.2509161       6.2543088    -0.054245972
       14.100000    -0.087742241    -0.085797565       6.3922894       6.3958595    -0.055819865
       14.400000    -0.089803389    -0.087558911       6.5340338       6.5377831    -0.057348945
       14.700000    -0.091771814    -0.089188990       6.6761591       6.6800888    -0.058827028
       15.000000    -0.093639341    -0.090675585       6.8186755       6.8227860    -0.060247660
       15.300000    -0.095397682    -0.092006029       6.9615929       6.9658842    -0.061604104
       15.600000    -0.097038447    -0.093167180       7.1049219       7.1093929    -0.062889325
       15.900000    -0.098553150    -0.094145406       7.2486727       7.2533218    -0.064095979
       16.200000    -0.099933222    -0.094926565       7.3928562       7.3976807    -0.065216399
       16.500000     -0.10117002    -0.095495986       7.5374832       7.5424795    -0.066242579
       16.800000     -0.10225482    -0.095838445       7.6825646       7.6877282    -0.067166159
       17.100000     -0.10317888    -0.095938144       7.8281117       7.8334368    -0.067978409
       17.400000     -0.10393339    -0.095778689       7.9741359       7.9796155    -0.068670208
       17.700000     -0.10450954    -0.095343059       8.1206488       8.1262748    -0.069232030
       18.000000     -0.10489848    -0.094613585       8.2676623       8.2734251    -0.069653922
       18.300000     -0.10509142    -0.093571918       8.4151884       8.4210769    -0.069925483
       18.600000     -0.10507956    -0.092199000       8.5632394       8.5692409    -0.070035844
       18.900000     -0.10485417    -0.090475033       8.7118278       8.7179280    -0.069973642
       19.200000     -0.10440661    -0.088379442       8.8609664       8.8671492    -0.069726996
       19.500000     -0.10372832    -0.085890843       9.0106684       9.0169156    -0.069283483
       19.800000     -0.10281090    -0.082987000       9.1609469       9.1672384    -0.068630108
       20.100000     -0.10164608    -0.079644788       9.3118156       9.3181290    -0.067753273
       20.400000     -0.10022583    -0.075840150       9.4632885       9.4695989    -0.066638753
       20.700000    -0.098542329    -0.071548048       9.6153797       9.6216599    -0.065271651
       21.000000    -0.096588045    -0.066742416       9.7681038       9.7743238    -0.063636375
       21.300000    -0.094355774    -0.061396107       9.9214757       9.9276027    -0.061716590
       21.600000    -0.091838687    -0.055480839       10.075511       10.081509    -0.059495186
       21.900000    -0.089030385    -0.048967134       10.230224       10.236054    -0.056954231
       22.200000    -0.085924968    -0.041824253       10.385632       10.391251    -0.054074924
       22.500000    -0.082517091    -0.034020133       10.541751       10.547113    -0.050837552
       22.800000    -0.078802047    -0.025521313       10.698599       10.703653    -0.047221435
       23.100000    -0.074775843    -0.016292851       10.856191       10.860883    -0.043204868
       23.400000    -0.070435293 -6.2982520E-003       11.014546       11.018817    -0.038765068
       23.700000    -0.065778110  4.5006320E-003       11.173682       11.177469    -0.033878107
       24.000000    -0.060803024     0.016143689       11.333618       11.336851    -0.028518843
       24.300000    -0.055509890     0.028672654       11.494373       11.496978    -0.022660852
       24.600000    -0.049899828     0.042131217       11.655967       11.657864    -0.016276347
       24.900000    -0.043975362     0.056565141       11.818420       11.819524 -9.3360940E-003
       25.200000    -0.037740585     0.072022387       11.981754       11.981971 -1.8093250E-003
       25.500000    -0.031201327     0.088553257       12.145990       12.145220  6.3363604E-003
       25.800000    -0.024365356      0.10621054       12.311150       12.309287     0.015135098
       26.100000    -0.017242591      0.12504965       12.477259       12.474187     0.024622870
       26.400000 -9.8453371E-003      0.14512885       12.644339       12.639935     0.034837629
       26.700000 -2.1885498E-003      0.16650937       12.812415       12.806547     0.045819423
       27.000000  5.7098767E-003      0.18925568       12.981513       12.974038     0.057610540
       27.300000     0.013828787      0.21343565       13.151659       13.142426     0.070255660
       27.600000     0.022143406      0.23912081       13.322882       13.311726     0.083802017
       27.900000     0.030624949      0.26638661       13.495209       13.481956     0.098299580
       28.200000     0.039240180      0.29531272       13.668670       13.653132      0.11380125
       28.500000     0.047950924      0.32598329       13.843295       13.825272      0.13036307
       28.800000     0.056713525      0.35848732       14.019118       13.998394      0.14804444
       29.100000     0.065478245      0.39291902       14.196170       14.172515      0.16690839
       29.400000     0.074188591      0.42937820       14.374487       14.347654      0.18702186
       29.700000     0.082780566      0.46797070       14.554106       14.523830      0.20845597
       30.000000     0.091181830      0.50880892       14.735062       14.701061      0.23128636

Table series: Data for wavelength : 0.656273 µm.
   Y Angle (deg)       Tan Shift       Sag Shift     Real Height     Ref. Height      Distortion
  --------------  --------------  --------------  --------------  --------------  --------------
      0.00000000     0.035004381     0.035004381      0.00000000      0.00000000      0.00000000
      0.30000000     0.034949846     0.034948483      0.13333983      0.13333988 -4.2549296E-005
      0.60000000     0.034785955     0.034780877      0.26668669      0.26668708 -1.4482927E-004
      0.90000000     0.034512980     0.034501827      0.40004764      0.40004890 -3.1517593E-004
       1.2000000     0.034131371     0.034111769      0.53342971      0.53343266 -5.5339093E-004
       1.5000000     0.033641762     0.033611321      0.66683995      0.66684568 -8.5921603E-004
       1.8000000     0.033044967     0.033001272      0.80028543      0.80029530 -1.2323118E-003
       2.1000000     0.032341984     0.032282591      0.93377322      0.93378883 -1.6722625E-003
       2.4000000     0.031533989     0.031456425       1.0673104       1.0673336 -2.1785751E-003
       2.7000000     0.030622343     0.030524099       1.2009040       1.2009371 -2.7506791E-003
       3.0000000     0.029608588     0.029487118       1.3345613       1.3346065 -3.3879251E-003
       3.3000000     0.028494447     0.028347171       1.4682893       1.4683493 -4.0895843E-003
       3.6000000     0.027281823     0.027106127       1.6020951       1.6021729 -4.8548473E-003
       3.9000000     0.025972805     0.025766040       1.7359860       1.7360847 -5.6828227E-003
       4.2000000     0.024569661     0.024329152       1.8699692       1.8700921 -6.5725362E-003
       4.5000000     0.023074839     0.022797891       2.0040519       2.0042027 -7.5229285E-003
       4.8000000     0.021490974     0.021174878       2.1382413       2.1384237 -8.5328544E-003
       5.1000000     0.019820876     0.019462925       2.2725447       2.2727629 -9.6010808E-003
       5.4000000     0.018067543     0.017665039       2.4069695       2.4072277    -0.010726285
       5.7000000     0.016234151     0.015784426       2.5415230       2.5418257    -0.011907052
       6.0000000     0.014324058     0.013824494       2.6762127       2.6765644    -0.013141873
       6.3000000     0.012340803     0.011788851       2.8110458       2.8114515    -0.014429144
       6.6000000     0.010288108  9.6813168E-003       2.9460301       2.9464947    -0.015767161
       6.9000000  8.1698754E-003  7.5059194E-003       3.0811729       3.0817015    -0.017154121
       7.2000000  5.9901868E-003  5.2669022E-003       3.2164819       3.2170799    -0.018588114
       7.5000000  3.7533066E-003  2.9687269E-003       3.3519646       3.3526374    -0.020067125
       7.8000000  1.4636783E-003  6.1607820E-004       3.4876288       3.4883819    -0.021589029
       8.1000000 -8.7407403E-004 -1.7861319E-003       3.6234823       3.6243214    -0.023151588
       8.4000000 -3.2551471E-003 -4.2327595E-003       3.7595327       3.7604635    -0.024752445
       8.7000000 -5.6745588E-003 -6.7184234E-003       3.8957881       3.8968164    -0.026389126
       9.0000000 -8.1271478E-003 -9.2375001E-003       4.0322562       4.0333879    -0.028059030
       9.3000000    -0.010607576    -0.011784118       4.1689452       4.1701862    -0.029759427
       9.6000000    -0.013110328    -0.014352152       4.3058630       4.3072192    -0.031487457
       9.9000000    -0.015629711    -0.016935217       4.4430178       4.4444952    -0.033240119
       10.200000    -0.018159860    -0.019526659       4.5804179       4.5820223    -0.035014273
       10.500000    -0.020694733    -0.022119553       4.7180716       4.7198088    -0.036806630
       10.800000    -0.023228118    -0.024706691       4.8559871       4.8578629    -0.038613747
       11.100000    -0.025753629    -0.027280577       4.9941731       4.9961931    -0.040432025
       11.400000    -0.028264714    -0.029833418       5.1326380       5.1348078    -0.042257698
       11.700000    -0.030754649    -0.032357115       5.2713905       5.2737156    -0.044086832
       12.000000    -0.033216549    -0.034843255       5.4104395       5.4129248    -0.045915312
       12.300000    -0.035643363    -0.037283101       5.5497937       5.5524443    -0.047738843
       12.600000    -0.038027879    -0.039667579       5.6894621       5.6922828    -0.049552935
       12.900000    -0.040362730    -0.041987274       5.8294538       5.8324489    -0.051352899
       13.200000    -0.042640391    -0.044232414       5.9697780       5.9729516    -0.053133839
       13.500000    -0.044853190    -0.046392857       6.1104440       6.1137999    -0.054890644
       13.800000    -0.046993304    -0.048458083       6.2514612       6.2550027    -0.056617975
       14.100000    -0.049052771    -0.050417178       6.3928393       6.3965692    -0.058310260
       14.400000    -0.051023488    -0.052258821       6.5345879       6.5385085    -0.059961681
       14.700000    -0.052897224    -0.053971270       6.6767169       6.6808300    -0.061566166
       15.000000    -0.054665619    -0.055542346       6.8192362       6.8235430    -0.063117376
       15.300000    -0.056320192    -0.056959416       6.9621560       6.9666571    -0.064608692
       15.600000    -0.057852355    -0.058209377       7.1054866       7.1101817    -0.066033206
       15.900000    -0.059253410    -0.059278639       7.2492385       7.2541266    -0.067383706
       16.200000    -0.060514567    -0.060153103       7.3934222       7.3985015    -0.068652660
       16.500000    -0.061626949    -0.060818144       7.5380487       7.5433164    -0.069832206
       16.800000    -0.062581607    -0.061258588       7.6831288       7.6885811    -0.070914133
       17.100000    -0.063369526    -0.061458689       7.8286738       7.8343059    -0.071889868
       17.400000    -0.063981641    -0.061402106       7.9746950       7.9805009    -0.072750454
       17.700000    -0.064408854    -0.061071880       8.1212040       8.1271764    -0.073486535
       18.000000    -0.064642046    -0.060450402       8.2682127       8.2743430    -0.074088338
       18.300000    -0.064672095    -0.059519391       8.4157329       8.4220112    -0.074545650
       18.600000    -0.064489897    -0.058259857       8.5637771       8.5701917    -0.074847796
       18.900000    -0.064086384    -0.056652078       8.7123575       8.7188953    -0.074983619
       19.200000    -0.063452552    -0.054675559       8.8614871       8.8681330    -0.074941455
       19.500000    -0.062579478    -0.052308998       9.0111788       9.0179160    -0.074709105
       19.800000    -0.061458358    -0.049530250       9.1614459       9.1682555    -0.074273811
       20.100000    -0.060080528    -0.046316287       9.3123018       9.3191628    -0.073622225
       20.400000    -0.058437504    -0.042643152       9.4637606       9.4706496    -0.072740379
       20.700000    -0.056521017    -0.038485915       9.6158362       9.6227274    -0.071613653
       21.000000    -0.054323051    -0.033818627       9.7685433       9.7754083    -0.070226739
       21.300000    -0.051835891    -0.028614263       9.9218966       9.9287041    -0.068563606
       21.600000    -0.049052172    -0.022844671       10.075911       10.082627    -0.066607461
       21.900000    -0.045964926    -0.016480515       10.230603       10.237190    -0.064340704
       22.200000    -0.042567652 -9.4912062E-003       10.385987       10.392404    -0.061744888
       22.500000    -0.038854370 -1.8448397E-003       10.542081       10.548284    -0.058800668
       22.800000    -0.034819700  6.4918760E-003       10.698901       10.704840    -0.055487752
       23.100000    -0.030458937     0.015553697       10.856463       10.862088    -0.051784850
       23.400000    -0.025768138     0.025376927       11.014786       11.020040    -0.047669610
       23.700000    -0.020744216     0.035999503       11.173889       11.178709    -0.043118560
       24.000000    -0.015385046     0.047461090       11.333788       11.338109    -0.038107044
       24.300000 -9.6895819E-003     0.059803181       11.494504       11.498254    -0.032609147
       24.600000 -3.6579786E-003     0.073069210       11.656057       11.659158    -0.026597622
       24.900000  2.7082633E-003     0.087304663       11.818466       11.820835    -0.020043806
       25.200000  9.4061460E-003      0.10255721       11.981752       11.983300    -0.012917538
       25.500000     0.016431002      0.11887682       12.145938       12.146568 -5.1870584E-003
       25.800000     0.023776307      0.13631595       12.311045       12.310653  3.1810878E-003
       26.100000     0.031433473      0.15492964       12.477096       12.475571     0.012222161
       26.400000     0.039391616      0.17477576       12.644115       12.641337     0.021973344
       26.700000     0.047637303      0.19591510       12.812127       12.807968     0.032473869
       27.000000     0.056154273      0.21841167       12.981157       12.975478     0.043765156
       27.300000     0.064923122      0.24233284       13.151231       13.143884     0.055890955
       27.600000     0.073920958      0.26774960       13.322376       13.313203     0.068897515
       27.900000     0.083121020      0.29473681       13.494621       13.483452     0.082833751
       28.200000     0.092492251      0.32337350       13.667995       13.654647     0.097751435
       28.500000      0.10199883      0.35374313       13.842528       13.826806      0.11370540
       28.800000      0.11159963      0.38593395       14.018253       13.999947      0.13075376
       29.100000      0.12124767      0.42003935       14.195201       14.174088      0.14895817
       29.400000      0.13088942      0.45615825       14.373408       14.349246      0.16838407
       29.700000      0.14046410      0.49439553       14.552909       14.525441      0.18910098
       30.000000      0.14990287      0.53486251       14.733741       14.702692      0.21118281
