Results for:	
File:	C:\Users\User\OneDrive - Massachusetts Institute of Technology\Documents\MIT\Grad School\Classes\2.156\Lens Project\Prime Lenses\US004477153_Example01P.zmx
Title:	US 4,477,153 Example 1 (Canon FD20-35mm f3.5L Aspherical)
Date:	11/7/2025 5:38:00 PM

0 message(s) in output.
3 series table(s) in output.

Table series: Data for wavelength : 0.486133 µm.
   Y Angle (deg)       Tan Shift       Sag Shift     Real Height     Ref. Height      Distortion
  --------------  --------------  --------------  --------------  --------------  --------------
      0.00000000    -0.081178481    -0.081178481      0.00000000      0.00000000      0.00000000
      0.47622819    -0.081274095    -0.081253034      0.17028527      0.17028653 -7.3581260E-004
      0.95245638    -0.081558398    -0.081476646      0.34058657      0.34059659 -2.9425355E-003
       1.4286846    -0.082031153    -0.081849168      0.51091990      0.51095372 -6.6199005E-003
       1.9049128    -0.082691961    -0.082370356      0.68130132      0.68138150    -0.011767148
       2.3811410    -0.083540259    -0.083039863      0.85174693      0.85190354    -0.018383213
       2.8573692    -0.084575314    -0.083857244       1.0222729       1.0225435    -0.026466727
       3.3335973    -0.085796224    -0.084821950       1.1928953       1.1933251    -0.036016016
       3.8098255    -0.087201908    -0.085933330       1.3636305       1.3642721    -0.047029098
       4.2860537    -0.088791099    -0.087190626       1.5344949       1.5354085    -0.059503687
       4.7622819    -0.090562342    -0.088592973       1.7055049       1.7067583    -0.073437186
       5.2385101    -0.092513982    -0.090139393       1.8766770       1.8783455    -0.088826691
       5.7147383    -0.094644156    -0.091828796       2.0480280       2.0501944     -0.10566898
       6.1909665    -0.096950784    -0.093659973       2.2195747       2.2223295     -0.12396054
       6.6671947    -0.099431557    -0.095631594       2.3913340       2.3947752     -0.14369751
       7.1434229     -0.10208393    -0.097742205       2.5633231       2.5675564     -0.16487573
       7.6196511     -0.10490509    -0.099990220       2.7355594       2.7406979     -0.18749071
       8.0958793     -0.10789199     -0.10237392       2.9080603       2.9142249     -0.21153766
       8.5721075     -0.11104127     -0.10489145       3.0808435       3.0881628     -0.23701143
       9.0483356     -0.11434930     -0.10754080       3.2539270       3.2625370     -0.26390654
       9.5245638     -0.11781214     -0.11031982       3.4273289       3.4373735     -0.29221719
       10.000792     -0.12142550     -0.11322619       3.6010677       3.6126983     -0.32193722
       10.477020     -0.12518480     -0.11625744       3.7751620       3.7885378     -0.35306012
       10.953248     -0.12908505     -0.11941091       3.9496309       3.9649188     -0.38557901
       11.429477     -0.13312092     -0.12268380       4.1244935       4.1418681     -0.41948664
       11.905705     -0.13728670     -0.12607306       4.2997695       4.3194131     -0.45477538
       12.381933     -0.14157624     -0.12957551       4.4754787       4.4975815     -0.49143721
       12.858161     -0.14598300     -0.13318773       4.6516414       4.6764013     -0.52946370
       13.334389     -0.15049998     -0.13690610       4.8282783       4.8559009     -0.56884598
       13.810618     -0.15511974     -0.14072676       5.0054104       5.0361092     -0.60957474
       14.286846     -0.15983437     -0.14464563       5.1830590       5.2170554     -0.65164022
       14.763074     -0.16463548     -0.14865840       5.3612461       5.3987693     -0.69503216
       15.239302     -0.16951417     -0.15276048       5.5399940       5.5812810     -0.73973979
       15.715530     -0.17446106     -0.15694704       5.7193254       5.7646210     -0.78575180
       16.191759     -0.17946624     -0.16121294       5.8992637       5.9488208     -0.83305630
       16.667987     -0.18451927     -0.16555278       6.0798327       6.1339118     -0.88164081
       17.144215     -0.18960922     -0.16996083       6.2610567       6.3199263     -0.93149218
       17.620443     -0.19472459     -0.17443107       6.4429607       6.5068972     -0.98259660
       18.096671     -0.19985340     -0.17895712       6.6255702       6.6948580      -1.0349395
       18.572899     -0.20498312     -0.18353225       6.8089116       6.8838426      -1.0885055
       19.049128     -0.21010073     -0.18814940       6.9930116       7.0738858      -1.1432783
       19.525356     -0.21519273     -0.19280109       7.1778978       7.2650230      -1.1992410
       20.001584     -0.22024513     -0.19747947       7.3635987       7.4572902      -1.2563752
       20.477812     -0.22524355     -0.20217624       7.5501433       7.6507245      -1.3146619
       20.954040     -0.23017315     -0.20688270       7.7375617       7.8453633      -1.3740807
       21.430269     -0.23501881     -0.21158966       7.9258847       8.0412452      -1.4346100
       21.906497     -0.23976504     -0.21628748       8.1151441       8.2384094      -1.4962267
       22.382725     -0.24439618     -0.22096599       8.3053727       8.4368960      -1.5589065
       22.858953     -0.24889636     -0.22561451       8.4966043       8.6367462      -1.6226233
       23.335181     -0.25324970     -0.23022179       8.6888739       8.8380018      -1.6873493
       23.811410     -0.25744029     -0.23477604       8.8822174       9.0407060      -1.7530548
       24.287638     -0.26145242     -0.23926480       9.0766724       9.2449026      -1.8197080
       24.763866     -0.26527063     -0.24367503       9.2722773       9.4506368      -1.8872749
       25.240094     -0.26887992     -0.24799296       9.4690724       9.6579548      -1.9557191
       25.716322     -0.27226585     -0.25220415       9.6670990       9.8669039      -2.0250014
       26.192551     -0.27541480     -0.25629338       9.8664003       10.077533      -2.0950798
       26.668779     -0.27831410     -0.26024465       10.067021       10.289891      -2.1659091
       27.145007     -0.28095234     -0.26404112       10.269008       10.504030      -2.2374407
       27.621235     -0.28331953     -0.26766503       10.472410       10.720001      -2.3096222
       28.097463     -0.28540746     -0.27109771       10.677277       10.937860      -2.3823972
       28.573692     -0.28720995     -0.27431944       10.883661       11.157661      -2.4557048
       29.049920     -0.28872316     -0.27730944       11.091619       11.379460      -2.5294793
       29.526148     -0.28994598     -0.28004576       11.301208       11.603318      -2.6036498
       30.002376     -0.29088038     -0.28250521       11.512488       11.829293      -2.6781397
       30.478604     -0.29153180     -0.28466327       11.725522       12.057447      -2.7528661
       30.954832     -0.29190957     -0.28649394       11.940377       12.287845      -2.8277397
       31.431061     -0.29202735     -0.28796969       12.157122       12.520552      -2.9026635
       31.907289     -0.29190358     -0.28906127       12.375831       12.755635      -2.9775329
       32.383517     -0.29156194     -0.28973759       12.596581       12.993163      -3.0522347
       32.859745     -0.29103180     -0.28996550       12.819454       13.233210      -3.1266463
       33.335973     -0.29034869     -0.28970966       13.044535       13.475847      -3.2006351
       33.812202     -0.28955473     -0.28893227       13.271914       13.721153      -3.2740577
       34.288430     -0.28869899     -0.28759284       13.501689       13.969205      -3.3467588
       34.764658     -0.28783788     -0.28564788       13.733961       14.220085      -3.4185704
       35.240886     -0.28703534     -0.28305060       13.968837       14.473876      -3.4893108
       35.717114     -0.28636297     -0.27975050       14.206433       14.730666      -3.5587835
       36.193343     -0.28589996     -0.27569298       14.446870       14.990543      -3.6267758
       36.669571     -0.28573280     -0.27081878       14.690277       15.253601      -3.6930579
       37.145799     -0.28595467     -0.26506349       14.936792       15.519935      -3.7573813
       37.622027     -0.28666441     -0.25835683       15.186563       15.789645      -3.8194776
       38.098255     -0.28796494     -0.25062193       15.439746       16.062832      -3.8790568
       38.574484     -0.28996106     -0.24177444       15.696509       16.339604      -3.9358056
       39.050712     -0.29275628     -0.23172152       15.957031       16.620069      -3.9893864
       39.526940     -0.29644857     -0.22036069       16.221503       16.904343      -4.0394347
       40.003168     -0.30112461     -0.20757845       16.490132       17.192543      -4.0855579
       40.479396     -0.30685221     -0.19324872       16.763136       17.484792      -4.1273331
       40.955625     -0.31367040     -0.17723101       17.040752       17.781216      -4.1643053
       41.431853     -0.32157649     -0.15936826       17.323233       18.081949      -4.1959856
       41.908081     -0.33050932     -0.13948439       17.610850       18.387127      -4.2218492
       42.384309     -0.34032781     -0.11738132       17.903895       18.696892      -4.2413334
       42.860537     -0.35078327    -0.092835639       18.202679       19.011393      -4.2538360
       43.336765     -0.36148416    -0.065594524       18.507540       19.330783      -4.2587141
       43.812994     -0.37185102    -0.035371079       18.818837       19.655223      -4.2552820
       44.289222     -0.38105918 -1.8387866E-003       19.136957       19.984878      -4.2428112
       44.765450     -0.38796567     0.035375018       19.462315       20.319923      -4.2205297
       45.241678     -0.39101655     0.076696849       19.795354       20.660539      -4.1876219
       45.717906     -0.38812872      0.12261618       20.136548       21.006913      -4.1432307
       46.194135     -0.37653959      0.17369625       20.486405       21.359242      -4.0864587
       46.670363     -0.35261486      0.23058685       20.845466       21.717731      -4.0163727
       47.146591     -0.31160202      0.29403963       21.214304       22.082593      -3.9320081
       47.622819     -0.24731197      0.36492622       21.593529       22.454053      -3.8323760

Table series: Data for wavelength : 0.587562 µm.
   Y Angle (deg)       Tan Shift       Sag Shift     Real Height     Ref. Height      Distortion
  --------------  --------------  --------------  --------------  --------------  --------------
      0.00000000 -1.2254489E-003 -1.2254489E-003      0.00000000      0.00000000      0.00000000
      0.47622819 -1.3261717E-003 -1.3024929E-003      0.17032439      0.17032563 -7.2915473E-004
      0.95245638 -1.6228341E-003 -1.5335749E-003      0.34066487      0.34067480 -2.9164660E-003
       1.4286846 -2.1151751E-003 -1.9185455E-003      0.51103753      0.51107106 -6.5614911E-003
       1.9049128 -2.8027546E-003 -2.4571550E-003      0.68145849      0.68153798    -0.011663489
       2.3811410 -3.6849513E-003 -3.1490524E-003      0.85194391      0.85209918    -0.018221422
       2.8573692 -4.7609585E-003 -3.9937850E-003       1.0225100       1.0227783    -0.026233955
       3.3335973 -6.0297799E-003 -4.9907961E-003       1.1931730       1.1935991    -0.035699458
       3.8098255 -7.4902244E-003 -6.1394237E-003       1.3639493       1.3645854    -0.046615999
       4.2860537 -9.1408986E-003 -7.4388985E-003       1.5348553       1.5357611    -0.058981350
       4.7622819    -0.010980200 -8.8883411E-003       1.7059075       1.7071502    -0.072792984
       5.2385101    -0.013006309    -0.010486759       1.8771226       1.8787768    -0.088048071
       5.7147383    -0.015217178    -0.012233045       2.0485173       2.0506652     -0.10474348
       6.1909665    -0.017610521    -0.014125972       2.2201085       2.2228398     -0.12287578
       6.6671947    -0.020183805    -0.016164189       2.3919133       2.3953252     -0.14244123
       7.1434229    -0.022934235    -0.018346220       2.5639488       2.5681460     -0.16343578
       7.6196511    -0.025858741    -0.020670454       2.7362324       2.7413273     -0.18585508
       8.0958793    -0.028953968    -0.023135147       2.9087818       2.9148942     -0.20969445
       8.5721075    -0.032216257    -0.025738411       3.0816147       3.0888720     -0.23494891
       9.0483356    -0.035641631    -0.028478211       3.2547491       3.2632863     -0.26161314
       9.5245638    -0.039225780    -0.031352360       3.4282032       3.4381629     -0.28968151
       10.000792    -0.042964046    -0.034358510       3.6019955       3.6135280     -0.31914804
       10.477020    -0.046851404    -0.037494148       3.7761447       3.7894079     -0.35000643
       10.953248    -0.050882444    -0.040756586       3.9506699       3.9658293     -0.38225001
       11.429477    -0.055051358    -0.044142955       4.1255904       4.1428192     -0.41587176
       11.905705    -0.059351919    -0.047650199       4.3009259       4.3204050     -0.45086431
       12.381933    -0.063777461    -0.051275064       4.4766962       4.4986143     -0.48721988
       12.858161    -0.068320871    -0.055014089       4.6529217       4.6774752     -0.52493033
       13.334389    -0.072974562    -0.058863599       4.8296231       4.8570160     -0.56398706
       13.810618    -0.077730462    -0.062819694       5.0068215       5.0372657     -0.60438110
       14.286846    -0.082579997    -0.066878237       5.1845382       5.2182535     -0.64610300
       14.763074    -0.087514081    -0.071034850       5.3627953       5.4000091     -0.68914285
       15.239302    -0.092523094    -0.075284893       5.5416151       5.5825627     -0.73349023
       15.715530    -0.097596880    -0.079623462       5.7210204       5.7659449     -0.77913422
       16.191759     -0.10272473    -0.084045371       5.9010346       5.9501869     -0.82606334
       16.667987     -0.10789539    -0.088545140       6.0816814       6.1353204     -0.87426550
       17.144215     -0.11309702    -0.093116985       6.2629853       6.3213777     -0.92372801
       17.620443     -0.11831726    -0.097754800       6.4449713       6.5083915     -0.97443748
       18.096671     -0.12354314     -0.10245215       6.6276650       6.6963954      -1.0263798
       18.572899     -0.12876120     -0.10720224       6.8110925       6.8854234      -1.0795402
       19.049128     -0.13395739     -0.11199791       6.9952809       7.0755103      -1.1339028
       19.525356     -0.13911716     -0.11683164       7.1802576       7.2666914      -1.1894510
       20.001584     -0.14422548     -0.12169549       7.3660511       7.4590028      -1.2461674
       20.477812     -0.14926683     -0.12658110       7.5526906       7.6524815      -1.3040331
       20.954040     -0.15422527     -0.13147970       7.7402059       7.8471650      -1.3630285
       21.430269     -0.15908450     -0.13638202       7.9286280       8.0430919      -1.4231325
       21.906497     -0.16382787     -0.14127836       8.1179887       8.2403013      -1.4843227
       22.382725     -0.16843850     -0.14615849       8.3083206       8.4388335      -1.5465752
       22.858953     -0.17289933     -0.15101166       8.4996577       8.6387296      -1.6098646
       23.335181     -0.17719320     -0.15582659       8.6920349       8.8400315      -1.6741636
       23.811410     -0.18130300     -0.16059141       8.8854881       9.0427821      -1.7394432
       24.287638     -0.18521174     -0.16529364       9.0800547       9.2470257      -1.8056722
       24.763866     -0.18890272     -0.16992018       9.2757734       9.4528072      -1.8728172
       25.240094     -0.19235965     -0.17445726       9.4726841       9.6601728      -1.9408422
       25.716322     -0.19556686     -0.17889039       9.6708283       9.8691698      -2.0097088
       26.192551     -0.19850946     -0.18320437       9.8702491       10.079847      -2.0793753
       26.668779     -0.20117354     -0.18738318       10.070991       10.292254      -2.1497973
       27.145007     -0.20354644     -0.19141000       10.273101       10.506442      -2.2209265
       27.621235     -0.20561696     -0.19526713       10.476628       10.722463      -2.2927111
       28.097463     -0.20737566     -0.19893590       10.681622       10.940372      -2.3650950
       28.573692     -0.20881515     -0.20239669       10.888135       11.160223      -2.4380179
       29.049920     -0.20993038     -0.20562879       11.096223       11.382074      -2.5114143
       29.526148     -0.21071904     -0.20861035       11.305943       11.605983      -2.5852137
       30.002376     -0.21118186     -0.21131831       11.517356       11.832009      -2.6593399
       30.478604     -0.21132301     -0.21372829       11.730525       12.060216      -2.7337102
       30.954832     -0.21115052     -0.21581447       11.945516       12.290667      -2.8082352
       31.431061     -0.21067666     -0.21754951       12.162399       12.523427      -2.8828185
       31.907289     -0.20991836     -0.21890438       12.381248       12.758564      -2.9573554
       32.383517     -0.20889763     -0.21984825       12.602139       12.996147      -3.0317328
       32.859745     -0.20764196     -0.22034824       12.825153       13.236249      -3.1058280
       33.335973     -0.20618470     -0.22036933       13.050378       13.478942      -3.1795087
       33.812202     -0.20456541     -0.21987406       13.277903       13.724304      -3.2526313
       34.288430     -0.20283014     -0.21882229       13.507824       13.972413      -3.3250406
       34.764658     -0.20103159     -0.21717094       13.740244       14.223350      -3.3965686
       35.240886     -0.19922925     -0.21487363       13.975270       14.477200      -3.4670339
       35.717114     -0.19748925     -0.21188033       14.213017       14.734049      -3.5362401
       36.193343     -0.19588407     -0.20813690       14.453606       14.993986      -3.6039749
       36.669571     -0.19449193     -0.20358460       14.697167       15.257104      -3.6700090
       37.145799     -0.19339583     -0.19815951       14.943837       15.523500      -3.7340950
       37.622027     -0.19268205     -0.19179190       15.193764       15.793271      -3.7959655
       38.098255     -0.19243807     -0.18440545       15.447103       16.066521      -3.8553323
       38.574484     -0.19274970     -0.17591635       15.704023       16.343356      -3.9118846
       39.050712     -0.19369712     -0.16623233       15.964701       16.623886      -3.9652876
       39.526940     -0.19534967     -0.15525144       16.229329       16.908225      -4.0151809
       40.003168     -0.19775902     -0.14286073       16.498111       17.196491      -4.0611772
       40.479396     -0.20095015     -0.12893464       16.771266       17.488807      -4.1028601
       40.955625     -0.20490986     -0.11333318       17.049027       17.785300      -4.1397831
       41.431853     -0.20957181    -0.095899762       17.331646       18.086102      -4.1714678
       41.908081     -0.21479747    -0.076458754       17.619391       18.391349      -4.1974025
       42.384309     -0.22035180    -0.054812529       17.912549       18.701186      -4.2170409
       42.860537     -0.22587230    -0.030738088       18.211430       19.015759      -4.2298008
       43.336765     -0.23082974 -3.9830695E-003       18.516363       19.335222      -4.2350638
       43.812994     -0.23447850     0.025738903       18.827702       19.659736      -4.2321744
       44.289222     -0.23579368     0.058753695       19.145824       19.989468      -4.2204404
       44.765450     -0.23339171     0.095433082       19.471133       20.324590      -4.1991338
       45.241678     -0.22543002      0.13620230       19.804059       20.665283      -4.1674923
       45.717906     -0.20948022      0.18154897       20.145061       21.011737      -4.1247222
       46.194135     -0.18236750      0.23203354       20.494626       21.364147      -4.0700020
       46.670363     -0.13996662      0.28830172       20.853269       21.722718      -4.0024886
       47.146591    -0.076941366      0.35109920       21.221536       22.087664      -3.9213235
       47.622819     0.013590532      0.42128898       21.600000       22.459209      -3.8256425

Table series: Data for wavelength : 0.656273 µm.
   Y Angle (deg)       Tan Shift       Sag Shift     Real Height     Ref. Height      Distortion
  --------------  --------------  --------------  --------------  --------------  --------------
      0.00000000     0.070806429     0.070806429      0.00000000      0.00000000      0.00000000
      0.47622819     0.070704311     0.070728535      0.17042810      0.17042933 -7.2589284E-004
      0.95245638     0.070404561     0.070494901      0.34087232      0.34088222 -2.9032089E-003
       1.4286846     0.069907455     0.070105679      0.51134882      0.51138222 -6.5315800E-003
       1.9049128     0.069213456     0.069561123      0.68187375      0.68195292    -0.011610273
       2.3811410     0.068323217     0.068861588      0.85246331      0.85261796    -0.018138259
       2.8573692     0.067237587     0.068007533       1.0231338       1.0234010    -0.026114219
       3.3335973     0.065957614     0.066999521       1.1939014       1.1943258    -0.035536536
       3.8098255     0.064484549     0.065838224       1.3647826       1.3654162    -0.046403301
       4.2860537     0.062819858     0.064524420       1.5357939       1.5366962    -0.058712307
       4.7622819     0.060965223     0.063059002       1.7069518       1.7081896    -0.072461053
       5.2385101     0.058922557     0.061442973       1.8782730       1.8799207    -0.087646741
       5.7147383     0.056694010     0.059677457       2.0497743       2.0519138     -0.10426627
       6.1909665     0.054281980     0.057763695       2.2214726       2.2241932     -0.12231625
       6.6671947     0.051689125     0.055703057       2.3933851       2.3967835     -0.14179298
       7.1434229     0.048918379     0.053497039       2.5655289       2.5697096     -0.16269245
       7.6196511     0.045972957     0.051147270       2.7379215       2.7429963     -0.18501037
       8.0958793     0.042856378     0.048655519       2.9105806       2.9166689     -0.20874210
       8.5721075     0.039572476     0.046023696       3.0835238       3.0907526     -0.23388272
       9.0483356     0.036125413     0.043253863       3.2567694       3.2652731     -0.26042699
       9.5245638     0.032519700     0.040348236       3.4303355       3.4402562     -0.28836934
       10.000792     0.028760214     0.037309191       3.6042407       3.6157280     -0.31770385
       10.477020     0.024852208     0.034139273       3.7785037       3.7917150     -0.34842431
       10.953248     0.020801338     0.030841204       3.9531437       3.9682438     -0.38052414
       11.429477     0.016613675     0.027417887       4.1281800       4.1453415     -0.41399641
       11.905705     0.012295725     0.023872418       4.3036322       4.3230354     -0.44883383
       12.381933  7.8544464E-003     0.020208089       4.4795204       4.5013532     -0.48502874
       12.858161  3.2972671E-003     0.016428403       4.6558649       4.6803230     -0.52257309
       13.334389 -1.3678962E-003     0.012537079       4.8326864       4.8599732     -0.56145842
       13.810618 -6.1326232E-003  8.5380652E-003       5.0100061       5.0403326     -0.60167586
       14.286846    -0.010987973  4.4355442E-003       5.1878455       5.2214306     -0.64321609
       14.763074    -0.015924470  2.3394789E-004       5.3662265       5.4032968     -0.68606935
       15.239302    -0.020932090 -4.0620329E-003       5.5451714       5.5859615     -0.73022535
       15.715530    -0.026000249 -8.4474368E-003       5.7247033       5.7694554     -0.77567332
       16.191759    -0.031117794    -0.012917020       5.9048453       5.9538096     -0.82240193
       16.667987    -0.036272993    -0.017465243       6.0856215       6.1390558     -0.87039927
       17.144215    -0.041453536    -0.022086258       6.2670562       6.3252263     -0.91965280
       17.620443    -0.046646530    -0.026773895       6.4491745       6.5123541     -0.97014932
       18.096671    -0.051838501    -0.031521647       6.6320020       6.7004724      -1.0218749
       18.572899    -0.057015409    -0.036322654       6.8155649       6.8896155      -1.0748149
       19.049128    -0.062162649    -0.041169692       6.9998902       7.0798181      -1.1289537
       19.525356    -0.067265079    -0.046055149       7.1850056       7.2711156      -1.1842750
       20.001584    -0.072307040    -0.050971015       7.3709393       7.4635441      -1.2407614
       20.477812    -0.077272388    -0.055908858       7.5577207       7.6571406      -1.2983943
       20.954040    -0.082144533    -0.060859811       7.7453797       7.8519426      -1.3571543
       21.430269    -0.086906489    -0.065814546       7.9339471       8.0479888      -1.4170206
       21.906497    -0.091540930    -0.070763259       8.1234549       8.2453183      -1.4779708
       22.382725    -0.096030261    -0.075695641       8.3139358       8.4439714      -1.5399814
       22.858953     -0.10035669    -0.080600862       8.5054236       8.6439891      -1.6030272
       23.335181     -0.10450234    -0.085467540       8.6979533       8.8454136      -1.6670811
       23.811410     -0.10844933    -0.090283719       8.8915610       9.0482877      -1.7321142
       24.287638     -0.11217990    -0.095036835       9.0862840       9.2526556      -1.7980957
       24.763866     -0.11567657    -0.099713691       9.2821609       9.4585623      -1.8649922
       25.240094     -0.11892227     -0.10430042       9.4792318       9.6660542      -1.9327680
       25.716322     -0.12190053     -0.10878247       9.6775382       9.8751785      -2.0013849
       26.192551     -0.12459564     -0.11314451       9.8771232       10.085984      -2.0708013
       26.668779     -0.12699289     -0.11737045       10.078032       10.298520      -2.1409730
       27.145007     -0.12907878     -0.12144339       10.280310       10.512838      -2.2118519
       27.621235     -0.13084128     -0.12534551       10.484007       10.728991      -2.2833861
       28.097463     -0.13227011     -0.12905808       10.689173       10.947033      -2.3555199
       28.573692     -0.13335701     -0.13256138       10.895861       11.167018      -2.4281928
       29.049920     -0.13409608     -0.13583461       11.104126       11.389004      -2.5013397
       29.526148     -0.13448410     -0.13885585       11.314025       11.613049      -2.5748898
       30.002376     -0.13452089     -0.14160194       11.525620       11.839213      -2.6487670
       30.478604     -0.13420969     -0.14404842       11.738973       12.067559      -2.7228887
       30.954832     -0.13355752     -0.14616941       11.954151       12.298150      -2.7971654
       31.431061     -0.13257559     -0.14793747       12.171223       12.531052      -2.8715005
       31.907289     -0.13127971     -0.14932350       12.390263       12.766332      -2.9457893
       32.383517     -0.12969067     -0.15029657       12.611348       13.004060      -3.0199185
       32.859745     -0.12783459     -0.15082376       12.834559       13.244307      -3.0937654
       33.335973     -0.12574331     -0.15086993       13.059984       13.487148      -3.1671972
       33.812202     -0.12345464     -0.15039754       13.287712       13.732660      -3.2400705
       34.288430     -0.12101264     -0.14936637       13.517840       13.980920      -3.3122296
       34.764658     -0.11846770     -0.14773324       13.750469       14.232010      -3.3835065
       35.240886     -0.11587655     -0.14545167       13.985708       14.486014      -3.4537195
       35.717114     -0.11330208     -0.14247148       14.223671       14.743019      -3.5226720
       36.193343     -0.11081287     -0.13873841       14.464480       15.003115      -3.5901516
       36.669571     -0.10848249     -0.13419355       14.708265       15.266393      -3.6559292
       37.145799     -0.10638829     -0.12877282       14.955163       15.532951      -3.7197572
       37.622027     -0.10460975     -0.12240626       15.205321       15.802886      -3.7813685
       38.098255     -0.10322613     -0.11501729       15.458897       16.076303      -3.8404753
       38.574484     -0.10231319     -0.10652180       15.716056       16.353307      -3.8967674
       39.050712     -0.10193899    -0.096827174       15.976979       16.634007      -3.9499110
       39.526940     -0.10215813    -0.085831045       16.241855       16.918519      -3.9995472
       40.003168     -0.10300436    -0.073419967       16.510890       17.206961      -4.0452903
       40.479396     -0.10448094    -0.059467801       16.784300       17.499455      -4.0867264
       40.955625     -0.10654829    -0.043833872       17.062320       17.796128      -4.1234123
       41.431853     -0.10910812    -0.026360816       17.345201       18.097113      -4.1548736
       41.908081     -0.11198315 -6.8720712E-003       17.633209       18.402547      -4.1806038
       42.384309     -0.11489148     0.014831046       17.926632       18.712572      -4.2000631
       42.860537     -0.11741390     0.038972750       18.225776       19.027336      -4.2126776
       43.336765     -0.11895273     0.065806780       18.530969       19.346994      -4.2178388
       43.812994     -0.11867974     0.095621067       18.842562       19.671706      -4.2149037
       44.289222     -0.11547053      0.12874320       19.160930       20.001638      -4.2031953
       44.765450     -0.10782180      0.16554685       19.486471       20.336964      -4.1820039
       45.241678    -0.093747170      0.20645929       19.819612       20.677865      -4.1505895
       45.717906    -0.070645709      0.25197027       20.160803       21.024530      -4.1081848
       46.194135    -0.035135885      0.30264240       20.510524       21.377154      -4.0540004
       46.670363     0.017155052      0.35912349       20.869281       21.735944      -3.9872308
       47.146591     0.091859564      0.42216106       21.237608       22.101112      -3.9070621
       47.622819      0.19621488      0.49261952       21.616063       22.472883      -3.8126819
