Results for:	
File:	C:\Users\User\OneDrive - Massachusetts Institute of Technology\Documents\MIT\Grad School\Classes\2.156\Lens Project\Prime Lenses\JP2019-117419_Example01P.zmx
Title:	JP 2019-117419 Example 1 (Sigma 20mm F1.4 DG HSM Art)
Date:	11/7/2025 5:32:42 PM

0 message(s) in output.
3 series table(s) in output.

Table series: Data for wavelength : 0.486133 µm.
   Y Angle (deg)       Tan Shift       Sag Shift     Real Height     Ref. Height      Distortion
  --------------  --------------  --------------  --------------  --------------  --------------
      0.00000000    -0.040907493    -0.040907493      0.00000000      0.00000000      0.00000000
      0.46845845    -0.040790635    -0.040903781      0.16932694      0.16932729 -2.0385025E-004
      0.93691690    -0.040435916    -0.040892797      0.33867446      0.33867722 -8.1390589E-004
       1.4053754    -0.039846122    -0.040874990      0.50806315      0.50807245 -1.8288938E-003
       1.8738338    -0.039025893    -0.040851108      0.67751365      0.67753564 -3.2458898E-003
       2.3422923    -0.037981680    -0.040822191      0.84704666      0.84708953 -5.0609517E-003
       2.8107507    -0.036721705    -0.040789559       1.0166830       1.0167569 -7.2690740E-003
       3.2792092    -0.035255893    -0.040754812       1.1864434       1.1865605 -9.8642357E-003
       3.7476676    -0.033595803    -0.040719809       1.3563491       1.3565232    -0.012839457
       4.2161261    -0.031754536    -0.040686660       1.5264211       1.5266682    -0.016186865
       4.6845845    -0.029746644    -0.040657709       1.6966807       1.6970183    -0.019897773
       5.1530430    -0.027588014    -0.040635520       1.8671494       1.8675969    -0.023962760
       5.6215014    -0.025295749    -0.040622852       2.0378489       2.0384272    -0.028371769
       6.0899599    -0.022888042    -0.040622645       2.2088011       2.2095327    -0.033114205
       6.5584183    -0.020384031    -0.040637994       2.3800280       2.3809370    -0.038179046
       7.0268768    -0.017803657    -0.040672130       2.5515521       2.5526639    -0.043554954
       7.4953352    -0.015167509    -0.040728394       2.7233958       2.7247372    -0.049230401
       7.9637937    -0.012496662    -0.040810208       2.8955821       2.8971812    -0.055193793
       8.4322521 -9.8125117E-003    -0.040921057       3.0681340       3.0700201    -0.061433603
       8.9007106 -7.1366078E-003    -0.041064453       3.2410750       3.2432785    -0.067938504
       9.3691690 -4.4904798E-003    -0.041243916       3.4144287       3.4169811    -0.074697511
       9.8376275 -1.8954635E-003    -0.041462938       3.5882191       3.5911531    -0.081700119
       10.306086  6.2747309E-004    -0.041724963       3.7624705       3.7658197    -0.088936448
       10.774544  3.0579037E-003    -0.042033351       3.9372074       3.9410064    -0.096397383
       11.243003  5.3761148E-003    -0.042391355       4.1124547       4.1167391     -0.10407472
       11.711461  7.5632744E-003    -0.042802088       4.2882375       4.2930441     -0.11196131
       12.179920  9.6015948E-003    -0.043268500       4.4645814       4.4699477     -0.12005119
       12.648378     0.011474490    -0.043793349       4.6415122       4.6474767     -0.12833973
       13.116837     0.013166727    -0.044379172       4.8190559       4.8256585     -0.13682375
       13.585295     0.014664563    -0.045028263       4.9972389       5.0045205     -0.14550167
       14.053754     0.015955879    -0.045742645       5.1760879       5.1840908     -0.15437361
       14.522212     0.017030297    -0.046524048       5.3556299       5.3643976     -0.16344150
       14.990670     0.017879284    -0.047373889       5.5358922       5.5454697     -0.17270922
       15.459129     0.018496243    -0.048293245       5.7169023       5.7273365     -0.18218264
       15.927587     0.018876583    -0.049282841       5.8986881       5.9100276     -0.19186977
       16.396046     0.019017781    -0.050343028       6.0812777       6.0935733     -0.20178074
       16.864504     0.018919411    -0.051473771       6.2646995       6.2780043     -0.21192797
       17.332963     0.018583162    -0.052674632       6.4489821       6.4633518     -0.22232611
       17.801421     0.018012833    -0.053944762       6.6341546       6.6496477     -0.23299215
       18.269880     0.017214300    -0.055282890       6.8202460       6.8369244     -0.24394536
       18.738338     0.016195462    -0.056687321       7.0072859       7.0252148     -0.25520735
       19.206796     0.014966166    -0.058155925       7.1953040       7.2145526     -0.26680199
       19.675255     0.013538095    -0.059686140       7.3843303       7.4049721     -0.27875538
       20.143713     0.011924644    -0.061274974       7.5743951       7.5965082     -0.29109582
       20.612172     0.010140758    -0.062919005       7.7655290       7.7891968     -0.30385365
       21.080630  8.2027520E-003    -0.064614389       7.9577629       7.9830741     -0.31706119
       21.549089  6.1281015E-003    -0.066356868       8.1511279       8.1781774     -0.33075260
       22.017547  3.9352099E-003    -0.068141782       8.3456556       8.3745447     -0.34496371
       22.486006  1.6431531E-003    -0.069964077       8.5413779       8.5722149     -0.35973181
       22.954464 -7.2859629E-004    -0.071818327       8.7383271       8.7712275     -0.37509550
       23.422923 -3.1604639E-003    -0.073698746       8.9365358       8.9716234     -0.39109442
       23.891381 -5.6330832E-003    -0.075599206       9.1360374       9.1734439     -0.40776900
       24.359839 -8.1276178E-003    -0.077513257       9.3368655       9.3767316     -0.42516018
       24.828298    -0.010626090    -0.079434148       9.5390543       9.5815301     -0.44330911
       25.296756    -0.013111712    -0.081354845       9.7426387       9.7878839     -0.46225685
       25.765215    -0.015569215    -0.083268052       9.9476544       9.9958387     -0.48204396
       26.233673    -0.017985172    -0.085166233       10.154138       10.205441     -0.50271023
       26.702132    -0.020348295    -0.087041624       10.362126       10.416740     -0.52429422
       27.170590    -0.022649722    -0.088886252       10.571657       10.629784     -0.54683291
       27.639049    -0.024883263    -0.090691951       10.782770       10.844623     -0.57036128
       28.107507    -0.027045611    -0.092450365       10.995506       11.061311     -0.59491189
       28.575965    -0.029136501    -0.094152957       11.209905       11.279899     -0.62051447
       29.044424    -0.031158814    -0.095791009       11.426012       11.500442     -0.64719548
       29.512882    -0.033118608    -0.097355611       11.643870       11.722998     -0.67497769
       29.981341    -0.035025072    -0.098837652       11.863526       11.947623     -0.70387972
       30.449799    -0.036890388     -0.10022779       12.085028       12.174378     -0.73391570
       30.918258    -0.038729498     -0.10151643       12.308425       12.403322     -0.76509476
       31.386716    -0.040559745     -0.10269367       12.533770       12.634521     -0.79742072
       31.855175    -0.042400408     -0.10374926       12.761117       12.868037     -0.83089165
       32.323633    -0.044272087     -0.10467249       12.990523       13.103938     -0.86549956
       32.792092    -0.046195957     -0.10545219       13.222048       13.342293     -0.90123001
       33.260550    -0.048192861     -0.10607655       13.455753       13.583172     -0.93806187
       33.729008    -0.050282248     -0.10653303       13.691705       13.826648     -0.97596699
       34.197467    -0.052480949     -0.10680824       13.929972       14.072798      -1.0149100
       34.665925    -0.054801788     -0.10688779       14.170626       14.321698      -1.0548480
       35.134384    -0.057252039     -0.10675608       14.413743       14.573429      -1.0957305
       35.602842    -0.059831732     -0.10639613       14.659404       14.828073      -1.1374994
       36.071301    -0.062531850     -0.10578937       14.907692       15.085716      -1.1800884
       36.539759    -0.065332429     -0.10491535       15.158695       15.346447      -1.2234234
       37.008218    -0.068200637     -0.10375154       15.412508       15.610357      -1.2674223
       37.476676    -0.071088899     -0.10227301       15.669227       15.877540      -1.3119948
       37.945134    -0.073933175     -0.10045211       15.928957       16.148093      -1.3570423
       38.413593    -0.076651545    -0.098258145       16.191806       16.422119      -1.4024579
       38.882051    -0.079143295    -0.095657048       16.457888       16.699721      -1.4481262
       39.350510    -0.081288760    -0.092610995       16.727325       16.981008      -1.4939229
       39.818968    -0.082950271    -0.089078038       17.000244       17.266092      -1.5397139
       40.287427    -0.083974629    -0.085011732       17.276780       17.555090      -1.5853551
       40.755885    -0.084197677    -0.080360756       17.557074       17.848122      -1.6306906
       41.224344    -0.083451658    -0.075068556       17.841278       18.145312      -1.6755513
       41.692802    -0.081576252    -0.069073007       18.129553       18.446792      -1.7197521
       42.161261    -0.078434371    -0.062306110       18.422068       18.752695      -1.7630884
       42.629719    -0.073934064    -0.054693732       18.719008       19.063162      -1.8053315
       43.098177    -0.068058169    -0.046155413       19.020570       19.378337      -1.8462220
       43.566636    -0.060903725    -0.036604228       19.326967       19.698372      -1.8854611
       44.035094    -0.052733564    -0.025946727       19.638434       20.023424      -1.9226992
       44.503553    -0.044043024    -0.014082933       19.955230       20.353657      -1.9575210
       44.972011    -0.035645377 -9.0639443E-004       20.277643       20.689240      -1.9894256
       45.440470    -0.028780355     0.013695780       20.605999       21.030350      -2.0178010
       45.908928    -0.025251250     0.029842950       20.940674       21.377172      -2.0418915
       46.377387    -0.027597476     0.047661186       21.282099       21.729899      -2.0607543
       46.845845    -0.039311463     0.067283916       21.630785       22.088730      -2.0732051

Table series: Data for wavelength : 0.587562 µm.
   Y Angle (deg)       Tan Shift       Sag Shift     Real Height     Ref. Height      Distortion
  --------------  --------------  --------------  --------------  --------------  --------------
      0.00000000  1.0168134E-003  1.0168134E-003      0.00000000      0.00000000      0.00000000
      0.46845845  1.1247270E-003  1.0148954E-003      0.16919426      0.16919456 -1.8055265E-004
      0.93691690  1.4516022E-003  1.0089856E-003      0.33840931      0.33841175 -7.2161372E-004
       1.4053754  1.9945840E-003  9.9861753E-004      0.50766597      0.50767420 -1.6213846E-003
       1.8738338  2.7489242E-003  9.8301749E-004      0.67698509      0.67700457 -2.8768972E-003
       2.3422923  3.7080181E-003  9.6111033E-004      0.84638760      0.84642555 -4.4840330E-003
       2.8107507  4.8634551E-003  9.3152715E-004       1.0158945       1.0159599 -6.4375657E-003
       3.2792092  6.2050846E-003  8.9261544E-004       1.1855269       1.1856304 -8.7312120E-003
       3.7476676  7.7210942E-003  8.4245099E-004       1.3553060       1.3554600    -0.011357693
       4.2161261  9.3981024E-003  7.7885233E-004       1.5252532       1.5254715    -0.014308808
       4.6845845     0.011221263  6.9939651E-004       1.6953901       1.6956882    -0.017575514
       5.1530430     0.013174380  6.0143718E-004       1.8657384       1.8661330    -0.021148019
       5.6215014     0.015240040  4.8212472E-004       2.0363199       2.0368294    -0.025015884
       6.0899599     0.017399743  3.3842665E-004       2.2071569       2.2078008    -0.029168129
       6.5584183     0.019634056  1.6715113E-004       2.3782716       2.3790708    -0.033593353
       7.0268768     0.021922764 -3.5029054E-005       2.5496866       2.5506630    -0.038279859
       7.4953352     0.024245037 -2.7155102E-004       2.7214249       2.7226015    -0.043215781
       7.9637937     0.026579594 -5.4593531E-004       2.8935094       2.8949103    -0.048389224
       8.4322521     0.028904884 -8.6175847E-004       3.0659637       3.0676137    -0.053788403
       8.9007106     0.031199257 -1.2226248E-003       3.2388112       3.2407363    -0.059401793
       9.3691690     0.033441152 -1.6321376E-003       3.4120760       3.4143028    -0.065218274
       9.8376275     0.035609274 -2.0938698E-003       3.5857824       3.5883382    -0.071227284
       10.306086     0.037682778 -2.6113348E-003       3.7599547       3.7628679    -0.077418971
       10.774544     0.039641453 -3.1879563E-003       3.9346180       3.9379173    -0.083784349
       11.243003     0.041465896 -3.8270393E-003       4.1097972       4.1135123    -0.090315449
       11.711461     0.043137691 -4.5317406E-003       4.2855178       4.2896790    -0.097005469
       12.179920     0.044639574 -5.3050402E-003       4.4618056       4.4664440     -0.10384893
       12.648378     0.045955596 -6.1497128E-003       4.6386866       4.6438339     -0.11084180
       13.116837     0.047071279 -7.0683009E-003       4.8161871       4.8218760     -0.11798168
       13.585295     0.047973755 -8.0630878E-003       4.9943337       5.0005978     -0.12526787
       14.053754     0.048651898 -9.1360731E-003       5.1731533       5.1800273     -0.13270157
       14.522212     0.049096443    -0.010288948       5.3526732       5.3601928     -0.14028594
       14.990670     0.049300090    -0.011523074       5.5329207       5.5411230     -0.14802624
       15.459129     0.049257587    -0.012839462       5.7139236       5.7228472     -0.15592992
       15.927587     0.048965798    -0.014238751       5.8957099       5.9053952     -0.16400671
       16.396046     0.048423757    -0.015721195       6.0783079       6.0887970     -0.17226867
       16.864504     0.047632686    -0.017286646       6.2617460       6.2730834     -0.18073030
       17.332963     0.046596010    -0.018934543       6.4460531       6.4582856     -0.18940851
       17.801421     0.045319329    -0.020663899       6.6312581       6.6444355     -0.19832271
       18.269880     0.043810379    -0.022473298       6.8173902       6.8315653     -0.20749478
       18.738338     0.042078960    -0.024360885       7.0044790       7.0197082     -0.21694907
       19.206796     0.040136841    -0.026324367       7.1925541       7.2088975     -0.22671234
       19.675255     0.037997635    -0.028361013       7.3816455       7.3991678     -0.23681375
       20.143713     0.035676649    -0.030467654       7.5717836       7.5905538     -0.24728475
       20.612172     0.033190705    -0.032640694       7.7629986       7.7830913     -0.25815897
       21.080630     0.030557936    -0.034876113       7.9553214       7.9768167     -0.26947211
       21.549089     0.027797555    -0.037169481       8.1487830       8.1717671     -0.28126180
       22.017547     0.024929605    -0.039515970       8.3434148       8.3679805     -0.29356740
       22.486006     0.021974674    -0.041910370       8.5392484       8.5654957     -0.30642978
       22.954464     0.018953607    -0.044347107       8.7363160       8.7643524     -0.31989116
       23.422923     0.015887191    -0.046820259       8.9346498       8.9645911     -0.33399480
       23.891381     0.012795827    -0.049323582       9.1342829       9.1662534     -0.34878473
       24.359839  9.6991996E-003    -0.051850527       9.3352486       9.3693818     -0.36430547
       24.828298  6.6159373E-003    -0.054394263       9.5375808       9.5740197     -0.38060171
       25.296756  3.5632792E-003    -0.056947702       9.7413141       9.7802118     -0.39771793
       25.765215  5.5674895E-004    -0.059503517       9.9464837       9.9880036     -0.41569808
       26.233673 -2.3901565E-003    -0.062054166       10.153126       10.197442     -0.43458517
       26.702132 -5.2662527E-003    -0.064591907       10.361276       10.408575     -0.45442090
       27.170590 -8.0629226E-003    -0.067108817       10.570974       10.621452     -0.47524523
       27.639049    -0.010774330    -0.069596805       10.782257       10.836123     -0.49709597
       28.107507    -0.013397584    -0.072047618       10.995166       11.052640     -0.52000836
       28.575965    -0.015932839    -0.074452846       11.209741       11.271057     -0.54401464
       29.044424    -0.018383327    -0.076803918       11.426025       11.491428     -0.56914363
       29.512882    -0.020755307    -0.079092090       11.644063       11.713809     -0.59542030
       29.981341    -0.023057919    -0.081308432       11.863899       11.938258     -0.62286535
       30.449799    -0.025302935    -0.083443792       12.085582       12.164835     -0.65149481
       30.918258    -0.027504390    -0.085488760       12.309160       12.393600     -0.68131969
       31.386716    -0.029678088    -0.087433618       12.534686       12.624617     -0.71234554
       31.855175    -0.031840969    -0.089268273       12.762214       12.857950     -0.74457220
       32.323633    -0.034010320    -0.090982177       12.991799       13.093667     -0.77799339
       32.792092    -0.036202838    -0.092564234       13.223501       13.331835     -0.81259652
       33.260550    -0.038433514    -0.094002684       13.457381       13.572525     -0.84836237
       33.729008    -0.040714358    -0.095284974       13.693504       13.815811     -0.88526494
       34.197467    -0.043052946    -0.096397606       13.931939       14.061767     -0.92327122
       34.665925    -0.045450798    -0.097325964       14.172757       14.310472     -0.96234112
       35.134384    -0.047901605    -0.098054120       14.416032       14.562006      -1.0024273
       35.602842    -0.050389318    -0.098564615       14.661844       14.816450      -1.0434753
       36.071301    -0.052886137    -0.098838222       14.910276       15.073892      -1.0854232
       36.539759    -0.055350442    -0.098853675       15.161415       15.334418      -1.1282020
       37.008218    -0.057724758    -0.098587385       15.415352       15.598121      -1.1717352
       37.476676    -0.059933828    -0.098013128       15.672184       15.865094      -1.2159391
       37.945134    -0.061882950    -0.097101706       15.932013       16.135436      -1.2607229
       38.413593    -0.063456758    -0.095820600       16.194944       16.409247      -1.3059881
       38.882051    -0.064518677    -0.094133592       16.461090       16.686631      -1.3516287
       39.350510    -0.064911378    -0.092000386       16.730569       16.967698      -1.3975306
       39.818968    -0.064458622    -0.089376217       17.003506       17.252559      -1.4435709
       40.287427    -0.062969012    -0.086211454       17.280031       17.541330      -1.4896170
       40.755885    -0.060242301    -0.082451221       17.560284       17.834132      -1.5355249
       41.224344    -0.056079038    -0.078035024       17.844412       18.131089      -1.5811367
       41.692802    -0.050294565    -0.072896409       18.132572       18.432333      -1.6262780
       42.161261    -0.042738572    -0.066962656       18.424930       18.737996      -1.6707531
       42.629719    -0.033321694    -0.060154519       18.721668       19.048219      -1.7143388
       43.098177    -0.022050950    -0.052386014       19.022980       19.363148      -1.7567770
       43.566636 -9.0761994E-003    -0.043564261       19.329079       19.682932      -1.7977634
       44.035094  5.2497666E-003    -0.033589373       19.640200       20.007729      -1.8369341
       44.503553     0.020294294    -0.022354353       19.956606       20.337703      -1.8738469
       44.972011     0.035047214 -9.7449673E-003       20.278590       20.673023      -1.9079577
       45.440470     0.047997629  4.3605118E-003       20.606493       21.013866      -1.9385900
       45.908928     0.056979046     0.020091818       20.940706       21.360416      -1.9648948
       46.377387     0.058975050     0.037587702       21.281692       21.712866      -1.9857999
       46.845845     0.049875337     0.056997781       21.630000       22.071416      -1.9999434

Table series: Data for wavelength : 0.656273 µm.
   Y Angle (deg)       Tan Shift       Sag Shift     Real Height     Ref. Height      Distortion
  --------------  --------------  --------------  --------------  --------------  --------------
      0.00000000     0.047189491     0.047189491      0.00000000      0.00000000      0.00000000
      0.46845845     0.047294251     0.047185410      0.16924940      0.16924981 -2.4636482E-004
      0.93691690     0.047611061     0.047173009      0.33851970      0.33852226 -7.5635837E-004
       1.4053754     0.048137032     0.047151814      0.50783183      0.50783997 -1.6041546E-003
       1.8738338     0.048867356     0.047121037      0.67720676      0.67722563 -2.7868205E-003
       2.3422923     0.049795349     0.047079587      0.84666553      0.84670194 -4.3001572E-003
       2.8107507     0.050912499     0.047026070       1.0162292       1.0162916 -6.1388372E-003
       3.2792092     0.052208534     0.046958808       1.1859192       1.1860175 -8.2964571E-003
       3.7476676     0.053671506     0.046875845       1.3557566       1.3559026    -0.010765601
       4.2161261     0.055287883     0.046774964       1.5257630       1.5259696    -0.013537917
       4.6845845     0.057042656     0.046653704       1.6959602       1.6962418    -0.016604198
       5.1530430     0.058919461     0.046509376       1.8663699       1.8667424    -0.019954481
       5.6215014     0.060900709     0.046339086       2.0370141       2.0374945    -0.023578149
       6.0899599     0.062967727     0.046139756       2.2079152       2.2085218    -0.027464044
       6.5584183     0.065100909     0.045908147       2.3790956       2.3798476    -0.031600588
       7.0268768     0.067279878     0.045640883       2.5505780       2.5514959    -0.035975912
       7.4953352     0.069483650     0.045334477       2.7223854       2.7234905    -0.040577988
       7.9637937     0.071690810     0.044985363       2.8945410       2.8958555    -0.045394776
       8.4322521     0.073879687     0.044589914       3.0670683       3.0686153    -0.050414365
       8.9007106     0.076028541     0.044144483       3.2399912       3.2417945    -0.055625123
       9.3691690     0.078115747     0.043645421       3.4133337       3.4154177    -0.061015855
       9.8376275     0.080119979     0.043089116       3.5871202       3.5895099    -0.066575956
       10.306086     0.082020397     0.042472017       3.7613753       3.7640966    -0.072295567
       10.774544     0.083796835     0.041790668       3.9361241       3.9392032    -0.078165737
       11.243003     0.085429980     0.041041735       4.1113917       4.1148555    -0.084178577
       11.711461     0.086901549     0.040222037       4.2872037       4.2910797    -0.090327417
       12.179920     0.088194463     0.039328578       4.4635861       4.4679024    -0.096606958
       12.648378     0.089293009     0.038358571       4.6405649       4.6453502     -0.10301342
       13.116837     0.090182996     0.037309467       4.8181667       4.8234505     -0.10954469
       13.585295     0.090851898     0.036178986       4.9964181       5.0022307     -0.11620046
       14.053754     0.091288987     0.034965135       5.1753461       5.1817187     -0.12298233
       14.522212     0.091485450     0.033666239       5.3549782       5.3619430     -0.12989399
       14.990670     0.091434491     0.032280958       5.5353418       5.5429323     -0.13694126
       15.459129     0.091131414     0.030808314       5.7164648       5.7247159     -0.14413224
       15.927587     0.090573692     0.029247702       5.8983752       5.9073235     -0.15147737
       16.396046     0.089761011     0.027598913       6.0811015       6.0907852     -0.15898951
       16.864504     0.088695292     0.025862145       6.2646721       6.2751318     -0.16668402
       17.332963     0.087380692     0.024038019       6.4491160       6.4603945     -0.17457875
       17.801421     0.085823581     0.022127583       6.6344622       6.6466051     -0.18269411
       18.269880     0.084032488     0.020132324       6.8207399       6.8337961     -0.19105305
       18.738338     0.082018027     0.018054170       7.0079787       7.0220003     -0.19968105
       19.206796     0.079792791     0.015895492       7.1962084       7.2112515     -0.20860608
       19.675255     0.077371220     0.013659103       7.3854589       7.4015839     -0.21785855
       20.143713     0.074769442     0.011348256       7.5757604       7.5930324     -0.22747119
       20.612172     0.072005087  8.9666339E-003       7.7671435       7.7856328     -0.23747898
       21.080630     0.069097068  6.5183419E-003       7.9596389       7.9794214     -0.24791902
       21.549089     0.066065345  4.0078966E-003       8.1532775       8.1744354     -0.25883033
       22.017547     0.062930662  1.4402103E-003       8.3480907       8.3707129     -0.27025370
       22.486006     0.059714257 -1.1794251E-003       8.5441102       8.5682926     -0.28223146
       22.954464     0.056437560 -3.8453566E-003       8.7413678       8.7672142     -0.29480727
       23.422923     0.053121872 -6.5515909E-003       8.9398960       8.9675183     -0.30802581
       23.891381     0.049788034 -9.2918154E-003       9.1397277       9.1692465     -0.32193257
       24.359839     0.046456087    -0.012059421       9.3408960       9.3724412     -0.33657347
       24.828298     0.043144930    -0.014847526       9.5434349       9.5771459     -0.35199455
       25.296756     0.039871988    -0.017648999       9.7473788       9.7834053     -0.36824162
       25.765215     0.036652885    -0.020456478       9.9527627       9.9912650     -0.38535993
       26.233673     0.033501140    -0.023262396       10.159623       10.200772     -0.40339369
       26.702132     0.030427887    -0.026059000       10.367995       10.411974     -0.42238576
       27.170590     0.027441635    -0.028838363       10.577918       10.624920     -0.44237718
       27.639049     0.024548069    -0.031592399       10.789430       10.839661     -0.46340676
       28.107507     0.021749911    -0.034312871       11.002570       11.056249     -0.48551068
       28.575965     0.019046840    -0.036991393       11.217380       11.274737     -0.50872203
       29.044424     0.016435500    -0.039619424       11.433903       11.495180     -0.53307038
       29.512882     0.013909583    -0.042188259       11.652181       11.717634     -0.55858140
       29.981341     0.011460019    -0.044689003       11.872262       11.942156     -0.58527640
       30.449799  9.0752836E-003    -0.047112545       12.094191       12.168807     -0.61317199
       30.918258  6.7418144E-003    -0.049449510       12.318020       12.397647     -0.64227966
       31.386716  4.4445756E-003    -0.051690207       12.543798       12.628740     -0.67260543
       31.855175  2.1677619E-003    -0.053824561       12.771580       12.862149     -0.70414957
       32.323633 -1.0433931E-004    -0.055842023       13.001423       13.097942     -0.73690625
       32.792092 -2.3863221E-003    -0.057731472       13.233384       13.336188     -0.77086332
       33.260550 -4.6904637E-003    -0.059481098       13.467526       13.576957     -0.80600206
       33.729008 -7.0253520E-003    -0.061078258       13.703914       13.820322     -0.84229704
       34.197467 -9.3943389E-003    -0.062509321       13.942615       14.066359     -0.87971593
       34.665925    -0.011793826    -0.063759485       14.183701       14.315145     -0.91821943
       35.134384    -0.014211398    -0.064812576       14.427246       14.566761     -0.95776122
       35.602842    -0.016623826    -0.065650817       14.673329       14.821288     -0.99828792
       36.071301    -0.018994983    -0.066254581       14.922034       15.078814      -1.0397391
       36.539759    -0.021273730    -0.066602114       15.173446       15.339425      -1.0820474
       37.008218    -0.023391847    -0.066669235       15.427657       15.603214      -1.1251383
       37.476676    -0.025262132    -0.066429015       15.684762       15.870275      -1.1689305
       37.945134    -0.026776802    -0.065851433       15.944864       16.140705      -1.2133357
       38.413593    -0.027806419    -0.064903008       16.208067       16.414605      -1.2582583
       38.882051    -0.028199579    -0.063546426       16.474483       16.692080      -1.3035957
       39.350510    -0.027783725    -0.061740143       16.744229       16.973238      -1.3492371
       39.818968    -0.026367493    -0.059437989       17.017429       17.258192      -1.3950634
       40.287427    -0.023745157    -0.056588772       17.294214       17.547058      -1.4409455
       40.755885    -0.019703856    -0.053135890       17.574721       17.839955      -1.4867429
       41.224344    -0.014034435    -0.049016960       17.859096       18.137010      -1.5323010
       41.692802 -6.5469714E-003    -0.044163477       18.147496       18.438351      -1.5774473
       42.161261  2.9077487E-003    -0.038500513       18.440087       18.744115      -1.6219872
       42.629719     0.014409248    -0.031946450       18.737050       19.054439      -1.6656967
       43.098177     0.027928990    -0.024412778       19.038579       19.369470      -1.7083139
       43.566636     0.043280353    -0.015803919       19.344888       19.689359      -1.7495273
       44.035094     0.060054202 -6.0171000E-003       19.656215       20.014262      -1.7889605
       44.503553     0.077536727  5.0578006E-003       19.972825       20.344344      -1.8261524
       44.972011     0.094605409     0.017538461       20.295020       20.679773      -1.8605310
       45.440470      0.10959800     0.031550516       20.623145       21.020727      -1.8913806
       45.908928      0.12014794     0.047228304       20.957608       21.367391      -1.9177983
       46.377387      0.12297772     0.064716259       21.298885       21.719956      -1.9386386
       46.845845      0.11363906     0.084171353       21.647551       22.078623      -1.9524412
