Results for:	
File:	C:\Users\User\OneDrive - Massachusetts Institute of Technology\Documents\MIT\Grad School\Classes\2.156\Lens Project\Prime Lenses\US02614461-1.zmx
Title:	
Date:	11/7/2025 5:42:52 PM

0 message(s) in output.
3 series table(s) in output.

Table series: Data for wavelength : 0.486133 µm.
   Y Angle (deg)       Tan Shift       Sag Shift     Real Height     Ref. Height      Distortion
  --------------  --------------  --------------  --------------  --------------  --------------
      0.00000000     -0.17049697     -0.17049697      0.00000000      0.00000000      0.00000000
      0.12000000     -0.17052238     -0.17051485     0.047509047     0.047508812  4.9454822E-004
      0.24000000     -0.17059519     -0.17056850     0.095018445     0.095018041  4.2452939E-004
      0.36000000     -0.17071544     -0.17065793      0.14252854      0.14252810  3.0779253E-004
      0.48000000     -0.17088325     -0.17078313      0.19003969      0.19003942  1.4427939E-004
      0.60000000     -0.17109875     -0.17094412      0.23755224      0.23755240 -6.6091676E-005
      0.72000000     -0.17136211     -0.17114092      0.28506654      0.28506746 -3.2331636E-004
      0.84000000     -0.17167356     -0.17137354      0.33258294      0.33258503 -6.2774190E-004
      0.96000000     -0.17203336     -0.17164199      0.38010179      0.38010551 -9.7941132E-004
       1.0800000     -0.17244180     -0.17194631      0.42762344      0.42762933 -1.3785007E-003
       1.2000000     -0.17289922     -0.17228652      0.47514823      0.47515691 -1.8252100E-003
       1.3200000     -0.17340602     -0.17266265      0.52267652      0.52268865 -2.3197635E-003
       1.4400000     -0.17396259     -0.17307473      0.57020866      0.57022498 -2.8624096E-003
       1.5600000     -0.17456942     -0.17352279      0.61774498      0.61776632 -3.4534214E-003
       1.6800000     -0.17522701     -0.17400687      0.66528585      0.66531308 -4.0930966E-003
       1.8000000     -0.17593589     -0.17452702      0.71283159      0.71286568 -4.7817583E-003
       1.9200000     -0.17669666     -0.17508328      0.76038257      0.76042454 -5.5197546E-003
       2.0400000     -0.17750996     -0.17567569      0.80793912      0.80799009 -6.3074596E-003
       2.1600000     -0.17837645     -0.17630432      0.85550159      0.85556272 -7.1452732E-003
       2.2800000     -0.17929685     -0.17696922      0.90307032      0.90314288 -8.0336217E-003
       2.4000000     -0.18027193     -0.17767043      0.95064566      0.95073097 -8.9729584E-003
       2.5200000     -0.18130250     -0.17840804      0.99822795      0.99832742 -9.9637634E-003
       2.6400000     -0.18238940     -0.17918209       1.0458175       1.0459326    -0.011006545
       2.7600000     -0.18353353     -0.17999267       1.0934147       1.0935471    -0.012101839
       2.8800000     -0.18473584     -0.18083984       1.1410199       1.1411711    -0.013250210
       3.0000000     -0.18599731     -0.18172369       1.1886334       1.1888052    -0.014452252
       3.1200000     -0.18731899     -0.18264429       1.2362555       1.2364497    -0.015708588
       3.2400000     -0.18870196     -0.18360173       1.2838865       1.2841051    -0.017019873
       3.3600000     -0.19014736     -0.18459609       1.3315269       1.3317718    -0.018386791
       3.4800000     -0.19165638     -0.18562748       1.3791770       1.3794502    -0.019810058
       3.6000000     -0.19323024     -0.18669599       1.4268370       1.4271408    -0.021290422
       3.7200000     -0.19487024     -0.18780172       1.4745073       1.4748440    -0.022828666
       3.8400000     -0.19657772     -0.18894478       1.5221882       1.5225601    -0.024425604
       3.9600000     -0.19835407     -0.19012527       1.5698801       1.5702897    -0.026082086
       4.0800000     -0.20020074     -0.19134332       1.6175833       1.6180331    -0.027798997
       4.2000000     -0.20211923     -0.19259905       1.6652981       1.6657907    -0.029577258
       4.3200000     -0.20411111     -0.19389258       1.7130247       1.7135631    -0.031417828
       4.4400000     -0.20617798     -0.19522404       1.7607637       1.7613506    -0.033321702
       4.5600000     -0.20832152     -0.19659357       1.8085152       1.8091536    -0.035289917
       4.6800000     -0.21054348     -0.19800131       1.8562795       1.8569726    -0.037323549
       4.8000000     -0.21284564     -0.19944740       1.9040571       1.9048080    -0.039423713
       4.9200000     -0.21522987     -0.20093201       1.9518481       1.9526603    -0.041591569
       5.0400000     -0.21769808     -0.20245528       1.9996529       2.0005297    -0.043828321
       5.1600000     -0.22025226     -0.20401739       2.0474719       2.0484169    -0.046135215
       5.2800000     -0.22289448     -0.20561850       2.0953052       2.0963222    -0.048513546
       5.4000000     -0.22562684     -0.20725879       2.1431532       2.1442460    -0.050964654
       5.5200000     -0.22845154     -0.20893845       2.1910163       2.1921889    -0.053489930
       5.6400000     -0.23137085     -0.21065766       2.2388946       2.2401511    -0.056090815
       5.7600000     -0.23438709     -0.21241662       2.2867885       2.2881332    -0.058768800
       5.8800000     -0.23750268     -0.21421554       2.3346982       2.3361355    -0.061525432
       6.0000000     -0.24072011     -0.21605464       2.3826241       2.3841586    -0.064362313
       6.1200000     -0.24404193     -0.21793412       2.4305664       2.4322028    -0.067281101
       6.2400000     -0.24747079     -0.21985422       2.4785254       2.4802686    -0.070283513
       6.3600000     -0.25100942     -0.22181518       2.5265013       2.5283564    -0.073371327
       6.4800000     -0.25466063     -0.22381723       2.5744945       2.5764667    -0.076546386
       6.6000000     -0.25842732     -0.22586064       2.6225052       2.6245999    -0.079810594
       6.7200000     -0.26231246     -0.22794567       2.6705335       2.6727564    -0.083165925
       6.8400000     -0.26631914     -0.23007258       2.7185799       2.7209366    -0.086614423
       6.9600000     -0.27045052     -0.23224166       2.7666445       2.7691411    -0.090158201
       7.0800000     -0.27470987     -0.23445320       2.8147276       2.8173703    -0.093799450
       7.2000000     -0.27910056     -0.23670751       2.8628294       2.8656245    -0.097540436
       7.3200000     -0.28362604     -0.23900489       2.9109501       2.9139043     -0.10138350
       7.4400000     -0.28828989     -0.24134567       2.9590899       2.9622101     -0.10533109
       7.5600000     -0.29309577     -0.24373019       3.0072492       3.0105423     -0.10938569
       7.6800000     -0.29804748     -0.24615879       3.0554280       3.0589013     -0.11354993
       7.8000000     -0.30314891     -0.24863183       3.1036265       3.1072878     -0.11782650
       7.9200000     -0.30840407     -0.25114969       3.1518451       3.1557019     -0.12221818
       8.0400000     -0.31381710     -0.25371275       3.2000838       3.2041443     -0.12672788
       8.1600000     -0.31939224     -0.25632140       3.2483428       3.2526154     -0.13135858
       8.2800000     -0.32513389     -0.25897608       3.2966223       3.3011156     -0.13611338
       8.4000000     -0.33104654     -0.26167719       3.3449225       3.3496453     -0.14099551
       8.5200000     -0.33713484     -0.26442519       3.3932435       3.3982051     -0.14600828
       8.6400000     -0.34340357     -0.26722054       3.4415854       3.4467954     -0.15115514
       8.7600000     -0.34985766     -0.27006371       3.4899484       3.4954166     -0.15643968
       8.8800000     -0.35650218     -0.27295519       3.5383326       3.5440692     -0.16186559
       9.0000000     -0.36334234     -0.27589551       3.5867381       3.5927536     -0.16743671
       9.1200000     -0.37038352     -0.27888518       3.6351649       3.6414704     -0.17315703
       9.2400000     -0.37763126     -0.28192476       3.6836133       3.6902199     -0.17903066
       9.3600000     -0.38509124     -0.28501481       3.7320832       3.7390027     -0.18506190
       9.4800000     -0.39276935     -0.28815593       3.7805748       3.7878192     -0.19125517
       9.6000000     -0.40067163     -0.29134873       3.8290879       3.8366698     -0.19761508
       9.7200000     -0.40880430     -0.29459384       3.8776228       3.8855550     -0.20414642
       9.8400000     -0.41717378     -0.29789191       3.9261793       3.9344753     -0.21085413
       9.9600000     -0.42578666     -0.30124364       3.9747575       3.9834312     -0.21774338
       10.080000     -0.43464976     -0.30464972       4.0233574       4.0324231     -0.22481949
       10.200000     -0.44377009     -0.30811090       4.0719789       4.0814515     -0.23208802
       10.320000     -0.45315486     -0.31162792       4.1206220       4.1305169     -0.23955474
       10.440000     -0.46281153     -0.31520159       4.1692866       4.1796197     -0.24722562
       10.560000     -0.47274775     -0.31883271       4.2179725       4.2287604     -0.25510690
       10.680000     -0.48297143     -0.32252215       4.2666797       4.2779395     -0.26320503
       10.800000     -0.49349071     -0.32627078       4.3154081       4.3271575     -0.27152675
       10.920000     -0.50431400     -0.33007952       4.3641573       4.3764148     -0.28007903
       11.040000     -0.51544995     -0.33394933       4.4129274       4.4257119     -0.28886916
       11.160000     -0.52690747     -0.33788118       4.4617180       4.4750493     -0.29790470
       11.280000     -0.53869578     -0.34187612       4.5105288       4.5244276     -0.30719353
       11.400000     -0.55082436     -0.34593519       4.5593597       4.5738471     -0.31674383
       11.520000     -0.56330299     -0.35005953       4.6082103       4.6233083     -0.32656414
       11.640000     -0.57614178     -0.35425027       4.6570802       4.6728118     -0.33666335
       11.760000     -0.58935114     -0.35850863       4.7059691       4.7223581     -0.34705073
       11.880000     -0.60294180     -0.36283584       4.7548766       4.7719475     -0.35773593
       12.000000     -0.61692487     -0.36723320       4.8038021       4.8215807     -0.36872900

Table series: Data for wavelength : 0.587562 µm.
   Y Angle (deg)       Tan Shift       Sag Shift     Real Height     Ref. Height      Distortion
  --------------  --------------  --------------  --------------  --------------  --------------
      0.00000000      0.11179356      0.11179356      0.00000000      0.00000000      0.00000000
      0.12000000      0.11176818      0.11177543     0.047800096     0.047800104 -1.6687592E-005
      0.24000000      0.11169554      0.11172104     0.095600563     0.095600627 -6.6968463E-005
      0.36000000      0.11157559      0.11163038      0.14340177      0.14340199 -1.5080463E-004
      0.48000000      0.11140823      0.11150345      0.19120410      0.19120461 -2.6824819E-004
      0.60000000      0.11119332      0.11134023      0.23900790      0.23900891 -4.1937216E-004
      0.72000000      0.11093068      0.11114072      0.28681357      0.28681530 -6.0433928E-004
      0.84000000      0.11062009      0.11090489      0.33462146      0.33462421 -8.2312686E-004
      0.96000000      0.11026130      0.11063273      0.38243195      0.38243606 -1.0759401E-003
       1.0800000      0.10985400      0.11032421      0.43024540      0.43025126 -1.3629364E-003
       1.2000000      0.10939786      0.10997932      0.47806219      0.47807024 -1.6842948E-003
       1.3200000      0.10889250      0.10959801      0.52588269      0.52589342 -2.0402158E-003
       1.4400000      0.10833749      0.10918026      0.57370727      0.57372121 -2.4309218E-003
       1.5600000      0.10773237      0.10872604      0.62153628      0.62155404 -2.8566570E-003
       1.6800000      0.10707665      0.10823531      0.66937012      0.66939233 -3.3176880E-003
       1.8000000      0.10636976      0.10770801      0.71720913      0.71723649 -3.8143038E-003
       1.9200000      0.10561114      0.10714413      0.76505369      0.76508695 -4.3468162E-003
       2.0400000      0.10480013      0.10654359      0.81290417      0.81294413 -4.9155598E-003
       2.1600000      0.10393608      0.10590636      0.86076093      0.86080845 -5.5208929E-003
       2.2800000      0.10301826      0.10523237      0.90862433      0.90868034 -6.1631971E-003
       2.4000000      0.10204592      0.10452158      0.95649475      0.95656021 -6.8428783E-003
       2.5200000      0.10101825      0.10377392       1.0043725       1.0044485 -7.5603667E-003
       2.6400000     0.099934387      0.10298932       1.0522581       1.0523456 -8.3161174E-003
       2.7600000     0.098793450      0.10216772       1.1001517       1.1002519 -9.1106107E-003
       2.8800000     0.097594492      0.10130904       1.1480538       1.1481680 -9.9443525E-003
       3.0000000     0.096336525      0.10041321       1.1959647       1.1960941    -0.010817875
       3.1200000     0.095018510     0.099480143       1.2438848       1.2440308    -0.011731738
       3.2400000     0.093639363     0.098509765       1.2918144       1.2919784    -0.012686526
       3.3600000     0.092197951     0.097501984       1.3397540       1.3399373    -0.013682854
       3.4800000     0.090693090     0.096456707       1.3877038       1.3879081    -0.014721365
       3.6000000     0.089123547     0.095373840       1.4356642       1.4358911    -0.015802730
       3.7200000     0.087488034     0.094253281       1.4836355       1.4838867    -0.016927650
       3.8400000     0.085785215     0.093094926       1.5316182       1.5318954    -0.018096856
       3.9600000     0.084013700     0.091898665       1.5796125       1.5799176    -0.019311113
       4.0800000     0.082172042     0.090664384       1.6276189       1.6279538    -0.020571213
       4.2000000     0.080258742     0.089391966       1.6756376       1.6760042    -0.021877985
       4.3200000     0.078272243     0.088081285       1.7236690       1.7240695    -0.023232290
       4.4400000     0.076210932     0.086732214       1.7717134       1.7721500    -0.024635022
       4.5600000     0.074073137     0.085344619       1.8197713       1.8202461    -0.026087113
       4.6800000     0.071857126     0.083918361       1.8678428       1.8683583    -0.027589530
       4.8000000     0.069561106     0.082453294       1.9159285       1.9164870    -0.029143276
       4.9200000     0.067183222     0.080949270       1.9640285       1.9646326    -0.030749396
       5.0400000     0.064721558     0.079406133       2.0121433       2.0127956    -0.032408970
       5.1600000     0.062174130     0.077823720       2.0602731       2.0609764    -0.034123121
       5.2800000     0.059538888     0.076201864       2.1084184       2.1091754    -0.035893015
       5.4000000     0.056813717     0.074540390       2.1565793       2.1573931    -0.037719859
       5.5200000     0.053996430     0.072839119       2.2047563       2.2056299    -0.039604905
       5.6400000     0.051084770     0.071097862       2.2529497       2.2538862    -0.041549450
       5.7600000     0.048076407     0.069316426       2.3011597       2.3021624    -0.043554841
       5.8800000     0.044968940     0.067494610       2.3493868       2.3504591    -0.045622469
       6.0000000     0.041759887     0.065632204       2.3976311       2.3987766    -0.047753781
       6.1200000     0.038446691     0.063728992       2.4458931       2.4471154    -0.049950270
       6.2400000     0.035026716     0.061784752       2.4941729       2.4954759    -0.052213487
       6.3600000     0.031497242     0.059799250       2.5424710       2.5438586    -0.054545037
       6.4800000     0.027855467     0.057772246       2.5907876       2.5922638    -0.056946581
       6.6000000     0.024098502     0.055703492       2.6391230       2.6406921    -0.059419841
       6.7200000     0.020223371     0.053592729       2.6874775       2.6891439    -0.061966599
       6.8400000     0.016227006     0.051439692       2.7358514       2.7376196    -0.064588701
       6.9600000     0.012106247     0.049244102       2.7842449       2.7861196    -0.067288058
       7.0800000  7.8578395E-003     0.047005675       2.8326583       2.8346445    -0.070066650
       7.2000000  3.4784302E-003     0.044724113       2.8810920       2.8831946    -0.072926525
       7.3200000 -1.0354343E-003     0.042399110       2.9295460       2.9317704    -0.075869807
       7.4400000 -5.6873107E-003     0.040030347       2.9780209       2.9803723    -0.078898693
       7.5600000    -0.010480862     0.037617496       3.0265166       3.0290009    -0.082015459
       7.6800000    -0.015419859     0.035160216       3.0750336       3.0776564    -0.085222462
       7.8000000    -0.020508186     0.032658155       3.1235720       3.1263395    -0.088522145
       7.9200000    -0.025749841     0.030110945       3.1721321       3.1750505    -0.091917036
       8.0400000    -0.031148943     0.027518211       3.2207141       3.2237899    -0.095409755
       8.1600000    -0.036709730     0.024879559       3.2693183       3.2725582    -0.099003016
       8.2800000    -0.042436566     0.022194584       3.3179447       3.3213558     -0.10269963
       8.4000000    -0.048333946     0.019462866       3.3665937       3.3701831     -0.10650251
       8.5200000    -0.054406497     0.016683970       3.4152655       3.4190406     -0.11041468
       8.6400000    -0.060658980     0.013857445       3.4639601       3.4679288     -0.11443927
       8.7600000    -0.067096301     0.010982824       3.5126778       3.5168481     -0.11857951
       8.8800000    -0.073723510  8.0596240E-003       3.5614188       3.5657990     -0.12283877
       9.0000000    -0.080545804  5.0873436E-003       3.6101832       3.6147820     -0.12722055
       9.1200000    -0.087568537  2.0654639E-003       3.6589712       3.6637974     -0.13172845
       9.2400000    -0.094797221 -1.0065530E-003       3.7077828       3.7128459     -0.13636622
       9.3600000     -0.10223753 -4.1292643E-003       3.7566182       3.7619277     -0.14113775
       9.4800000     -0.10989531 -7.3032476E-003       3.8054776       3.8110435     -0.14604709
       9.6000000     -0.11777659    -0.010529102       3.8543609       3.8601936     -0.15109840
       9.7200000     -0.12588755    -0.013807447       3.9032684       3.9093786     -0.15629605
       9.8400000     -0.13423458    -0.017138927       3.9522000       3.9585989     -0.16164454
       9.9600000     -0.14282426    -0.020524209       4.0011558       4.0078549     -0.16714855
       10.080000     -0.15166337    -0.023963983       4.0501359       4.0571472     -0.17281296
       10.200000     -0.16075887    -0.027458969       4.0991403       4.1064762     -0.17864280
       10.320000     -0.17011796    -0.031009910       4.1481689       4.1558424     -0.18464333
       10.440000     -0.17974804    -0.034617579       4.1972218       4.2052463     -0.19082000
       10.560000     -0.18965675    -0.038282776       4.2462989       4.2546883     -0.19717847
       10.680000     -0.19985195    -0.042006332       4.2954002       4.3041689     -0.20372465
       10.800000     -0.21034173    -0.045789110       4.3445257       4.3536886     -0.21046465
       10.920000     -0.22113447    -0.049632007       4.3936751       4.4032480     -0.21740485
       11.040000     -0.23223876    -0.053535953       4.4428484       4.4528474     -0.22455187
       11.160000     -0.24366349    -0.057501913       4.4920455       4.5024873     -0.23191262
       11.280000     -0.25541779    -0.061530891       4.5412661       4.5521683     -0.23949427
       11.400000     -0.26751113    -0.065623929       4.5905101       4.6018908     -0.24730430
       11.520000     -0.27995322    -0.069782111       4.6397773       4.6516553     -0.25535049
       11.640000     -0.29275410    -0.074006563       4.6890674       4.7014623     -0.26364096
       11.760000     -0.30592413    -0.078298454       4.7383800       4.7513124     -0.27218416
       11.880000     -0.31947399    -0.082659001       4.7877150       4.8012059     -0.28098889
       12.000000     -0.33341471    -0.087089472       4.8370719       4.8511434     -0.29006434

Table series: Data for wavelength : 0.656273 µm.
   Y Angle (deg)       Tan Shift       Sag Shift     Real Height     Ref. Height      Distortion
  --------------  --------------  --------------  --------------  --------------  --------------
      0.00000000      0.24039880      0.24039880      0.00000000      0.00000000      0.00000000
      0.12000000      0.24037342      0.24038056     0.047910077     0.047909878  4.1672482E-004
      0.24000000      0.24030082      0.24032585     0.095820533     0.095820175  3.7369875E-004
      0.36000000      0.24018095      0.24023467      0.14373175      0.14373131  3.0195545E-004
      0.48000000      0.24001370      0.24010700      0.19164410      0.19164371  2.0144514E-004
      0.60000000      0.23979894      0.23994283      0.23955797      0.23955779  7.2098025E-005
      0.72000000      0.23953649      0.23974215      0.28747373      0.28747398 -8.6322294E-005
      0.84000000      0.23922613      0.23950495      0.33539176      0.33539268 -2.7363236E-004
      0.96000000      0.23886760      0.23923121      0.38331245      0.38331433 -4.9010915E-004
       1.0800000      0.23846060      0.23892089      0.43123617      0.43123934 -7.3590322E-004
       1.2000000      0.23800480      0.23857399      0.47916329      0.47916814 -1.0111856E-003
       1.3200000      0.23749981      0.23819047      0.52709420      0.52710114 -1.3161479E-003
       1.4400000      0.23694521      0.23777030      0.57502928      0.57503877 -1.6510028E-003
       1.5600000      0.23634055      0.23731344      0.62296889      0.62298145 -2.0159837E-003
       1.6800000      0.23568531      0.23681985      0.67091342      0.67092959 -2.4113454E-003
       1.8000000      0.23497895      0.23628951      0.71886323      0.71888363 -2.8373643E-003
       1.9200000      0.23422088      0.23572235      0.76681872      0.76684398 -3.2943383E-003
       2.0400000      0.23341048      0.23511834      0.81478025      0.81481107 -3.7825875E-003
       2.1600000      0.23254706      0.23447742      0.86274819      0.86278531 -4.3024544E-003
       2.2800000      0.23162992      0.23379955      0.91072292      0.91076713 -4.8543038E-003
       2.4000000      0.23065829      0.23308465      0.95870482      0.95875696 -5.4385239E-003
       2.5200000      0.22963136      0.23233268       1.0066942       1.0067552 -6.0555261E-003
       2.6400000      0.22854829      0.23154356       1.0546916       1.0547623 -6.7057455E-003
       2.7600000      0.22740818      0.23071724       1.1026972       1.1027787 -7.3896416E-003
       2.8800000      0.22621008      0.22985363       1.1507115       1.1508048 -8.1076983E-003
       3.0000000      0.22495302      0.22895266       1.1987347       1.1988410 -8.8604247E-003
       3.1200000      0.22363594      0.22801425       1.2467674       1.2468877 -9.6483554E-003
       3.2400000      0.22225778      0.22703832       1.2948098       1.2949454    -0.010472051
       3.3600000      0.22081738      0.22602479       1.3428623       1.3430145    -0.011332100
       3.4800000      0.21931358      0.22497355       1.3909253       1.3910954    -0.012229116
       3.6000000      0.21774513      0.22388452       1.4389992       1.4391886    -0.013163741
       3.7200000      0.21611075      0.22275760       1.4870842       1.4872945    -0.014136648
       3.8400000      0.21440911      0.22159268       1.5351808       1.5354134    -0.015148536
       3.9600000      0.21263881      0.22038964       1.5832894       1.5835459    -0.016200134
       4.0800000      0.21079841      0.21914839       1.6314102       1.6316924    -0.017292205
       4.2000000      0.20888641      0.21786880       1.6795437       1.6798532    -0.018425540
       4.3200000      0.20690125      0.21655075       1.7276902       1.7280289    -0.019600962
       4.4400000      0.20484132      0.21519410       1.7758500       1.7762198    -0.020819331
       4.5600000      0.20270495      0.21379874       1.8240235       1.8244263    -0.022081536
       4.6800000      0.20049040      0.21236451       1.8722110       1.8726490    -0.023388503
       4.8000000      0.19819590      0.21089128       1.9204130       1.9208882    -0.024741195
       4.9200000      0.19581957      0.20937890       1.9686297       1.9691444    -0.026140611
       5.0400000      0.19335951      0.20782720       2.0168615       2.0174180    -0.027587787
       5.1600000      0.19081373      0.20623604       2.0651087       2.0657095    -0.029083798
       5.2800000      0.18818018      0.20460524       2.1133717       2.1140192    -0.030629761
       5.4000000      0.18545676      0.20293463       2.1616507       2.1623476    -0.032226833
       5.5200000      0.18264126      0.20122403       2.2099462       2.2106951    -0.033876214
       5.6400000      0.17973145      0.19947326       2.2582585       2.2590623    -0.035579147
       5.7600000      0.17672498      0.19768212       2.3065879       2.3074494    -0.037336923
       5.8800000      0.17361947      0.19585041       2.3549346       2.3558570    -0.039150876
       6.0000000      0.17041242      0.19397793       2.4032992       2.4042855    -0.041022392
       6.1200000      0.16710129      0.19206446       2.4516817       2.4527353    -0.042952904
       6.2400000      0.16368343      0.19010977       2.5000827       2.5012068    -0.044943900
       6.3600000      0.16015614      0.18811365       2.5485023       2.5497006    -0.046996916
       6.4800000      0.15651660      0.18607584       2.5969409       2.5982170    -0.049113549
       6.6000000      0.15276194      0.18399610       2.6453988       2.6467565    -0.051295449
       6.7200000      0.14888918      0.18187417       2.6938763       2.6953195    -0.053544326
       6.8400000      0.14489526      0.17970980       2.7423737       2.7439065    -0.055861951
       6.9600000      0.14077701      0.17750270       2.7908913       2.7925180    -0.058250159
       7.0800000      0.13653119      0.17525259       2.8394294       2.8411543    -0.060710848
       7.2000000      0.13215444      0.17295918       2.8879882       2.8898159    -0.063245985
       7.3200000      0.12764331      0.17062216       2.9365680       2.9385032    -0.065857609
       7.4400000      0.12299426      0.16824121       2.9851691       2.9872168    -0.068547829
       7.5600000      0.11820362      0.16581601       3.0337918       3.0359570    -0.071318831
       7.6800000      0.11326762      0.16334623       3.0824363       3.0847243    -0.074172878
       7.8000000      0.10818238      0.16083150       3.1311029       3.1335192    -0.077112314
       7.9200000      0.10294391      0.15827147       3.1797918       3.1823421    -0.080139570
       8.0400000     0.097548103      0.15566576       3.2285032       3.2311934    -0.083257160
       8.1600000     0.091990713      0.15301398       3.2772375       3.2800737    -0.086467693
       8.2800000     0.086267384      0.15031574       3.3259947       3.3289833    -0.089773870
       8.4000000     0.080373627      0.14757060       3.3747752       3.3779227    -0.093178490
       8.5200000     0.074304823      0.14477815       3.4235792       3.4268925    -0.096684454
       8.6400000     0.068056212      0.14193793       3.4724068       3.4758929     -0.10029477
       8.7600000     0.061622896      0.13904948       3.5212582       3.5249246     -0.10401256
       8.8800000     0.054999834      0.13611232       3.5701337       3.5739879     -0.10784104
       9.0000000     0.048181832      0.13312595       3.6190333       3.6230834     -0.11178359
       9.1200000     0.041163545      0.13008986       3.6679574       3.6722114     -0.11584365
       9.2400000     0.033939468      0.12700351       3.7169059       3.7213725     -0.12002486
       9.3600000     0.026503934      0.12386635       3.7658791       3.7705670     -0.12433094
       9.4800000     0.018851106      0.12067781       3.8148770       3.8197956     -0.12876577
       9.6000000     0.010974974      0.11743730       3.8638999       3.8690586     -0.13333338
       9.7200000  2.8693500E-003      0.11414419       3.9129477       3.9183565     -0.13803796
       9.8400000 -5.4721414E-003      0.11079785       3.9620206       3.9676898     -0.14288383
       9.9600000    -0.014056065      0.10739761       4.0111187       4.0170590     -0.14787551
       10.080000    -0.022889183      0.10394280       4.0602421       4.0664645     -0.15301768
       10.200000    -0.031978462      0.10043270       4.1093907       4.1159068     -0.15831519
       10.320000    -0.041331076     0.096866566       4.1585646       4.1653863     -0.16377309
       10.440000    -0.050954421     0.093243641       4.2077638       4.2149037     -0.16939663
       10.560000    -0.060856112     0.089563127       4.2569883       4.2644592     -0.17519127
       10.680000    -0.071044000     0.085824200       4.3062380       4.3140535     -0.18116267
       10.800000    -0.081526175     0.082026005       4.3555130       4.3636869     -0.18731673
       10.920000    -0.092310973     0.078167652       4.4048132       4.4133601     -0.19365959
       11.040000     -0.10340699     0.074248221       4.4541384       4.4630734     -0.20019762
       11.160000     -0.11482308     0.070266753       4.5034886       4.5128273     -0.20693746
       11.280000     -0.12656838     0.066222253       4.5528636       4.5626224     -0.21388604
       11.400000     -0.13865231     0.062113690       4.6022632       4.6124591     -0.22105053
       11.520000     -0.15108458     0.057939989       4.6516873       4.6623379     -0.22843844
       11.640000     -0.16387521     0.053700034       4.7011357       4.7122593     -0.23605758
       11.760000     -0.17703453     0.049392667       4.7506080       4.7622238     -0.24391608
       11.880000     -0.19057320     0.045016681       4.8001040       4.8122319     -0.25202243
       12.000000     -0.20450222     0.040570823       4.8496234       4.8622841     -0.26038547
