Results for:	
File:	C:\Users\User\OneDrive - Massachusetts Institute of Technology\Documents\MIT\Grad School\Classes\2.156\Lens Project\Prime Lenses\US003743384_Example01P.zmx
Title:	US 3,743,384 Example 1 (Nikon AI Zoom-Nikkor 360-1200mm f/11 ED)
Date:	11/7/2025 5:35:49 PM

0 message(s) in output.
3 series table(s) in output.

Table series: Data for wavelength : 0.486133 µm.
   Y Angle (deg)       Tan Shift       Sag Shift     Real Height     Ref. Height      Distortion
  --------------  --------------  --------------  --------------  --------------  --------------
      0.00000000      0.50863009      0.50863009      0.00000000      0.00000000      0.00000000
     0.034271235      0.50858473      0.50862745      0.21535646      0.21535647 -1.8563247E-006
     0.068542469      0.50845848      0.50861954      0.43071331      0.43071308  5.2522218E-005
      0.10281370      0.50825134      0.50860637      0.64607094      0.64607001  1.4315445E-004
      0.13708494      0.50796333      0.50858793      0.86142973      0.86142740  2.7004236E-004
      0.17135617      0.50759446      0.50856423       1.0767901       1.0767854  4.3318874E-004
      0.20562741      0.50714477      0.50853529       1.2921524       1.2921442  6.3259716E-004
      0.23989864      0.50661428      0.50850110       1.5075170       1.5075039  8.6825513E-004
      0.27416988      0.50600304      0.50846170       1.7228843       1.7228647  1.1402016E-003
      0.30844111      0.50531107      0.50841708       1.9382548       1.9382267  1.4484257E-003
      0.34271235      0.50453845      0.50836727       2.1536287       2.1535901  1.7929341E-003
      0.37698358      0.50368521      0.50831228       2.3690065       2.3689550  2.1737344E-003
      0.41125482      0.50275143      0.50825214       2.5843886       2.5843217  2.5908351E-003
      0.44552605      0.50173716      0.50818687       2.7997754       2.7996901  3.0442452E-003
      0.47979729      0.50064248      0.50811649       3.0151672       3.0150606  3.5339747E-003
      0.51406852      0.49946747      0.50804103       3.2305644       3.2304333  4.0600344E-003
      0.54833975      0.49821221      0.50796052       3.4459675       3.4458082  4.6224358E-003
      0.58261099      0.49687679      0.50787499       3.6613768       3.6611857  5.2211914E-003
      0.61688222      0.49546130      0.50778446       3.8767927       3.8765657  5.8563142E-003
      0.65115346      0.49396586      0.50768898       4.0922156       4.0919485  6.5278183E-003
      0.68542469      0.49239055      0.50758858       4.3076459       4.3073343  7.2357184E-003
      0.71969593      0.49073551      0.50748330       4.5230840       4.5227231  7.9800301E-003
      0.75396716      0.48900083      0.50737318       4.7385303       4.7381152  8.7607698E-003
      0.78823840      0.48718666      0.50725826       4.9539851       4.9535106  9.5779546E-003
      0.82250963      0.48529312      0.50713858       5.1694488       5.1689096     0.010431603
      0.85678087      0.48332035      0.50701420       5.3849219       5.3843123     0.011321733
      0.89105210      0.48126848      0.50688515       5.6004048       5.5997189     0.012248364
      0.92532334      0.47913767      0.50675150       5.8158977       5.8151294     0.013211517
      0.95959457      0.47692807      0.50661328       6.0314012       6.0305442     0.014211214
      0.99386581      0.47463984      0.50647056       6.2469156       6.2459632     0.015247476
       1.0281370      0.47227314      0.50632340       6.4624412       6.4613867     0.016320326
       1.0624083      0.46982816      0.50617184       6.6779786       6.6768149     0.017429787
       1.0966795      0.46730505      0.50601595       6.8935281       6.8922478     0.018575885
       1.1309507      0.46470401      0.50585580       7.1090900       7.1076856     0.019758644
       1.1652220      0.46202523      0.50569144       7.3246648       7.3231286     0.020978091
       1.1994932      0.45926891      0.50552294       7.5402529       7.5385768     0.022234252
       1.2337644      0.45643523      0.50535037       7.7558546       7.7540303     0.023527156
       1.2680357      0.45352442      0.50517380       7.9714704       7.9694895     0.024856830
       1.3023069      0.45053668      0.50499330       8.1871007       8.1849543     0.026223305
       1.3365782      0.44747223      0.50480895       8.4027457       8.4004250     0.027626610
       1.3708494      0.44433131      0.50462082       8.6184061       8.6159017     0.029066776
       1.4051206      0.44111413      0.50442899       8.8340820       8.8313846     0.030543835
       1.4393919      0.43782094      0.50423354       9.0497740       9.0468738     0.032057821
       1.4736631      0.43445199      0.50403456       9.2654824       9.2623695     0.033608766
       1.5079343      0.43100751      0.50383212       9.4812077       9.4778718     0.035196705
       1.5422056      0.42748778      0.50362631       9.6969501       9.6933809     0.036821672
       1.5764768      0.42389304      0.50341723       9.9127102       9.9088969     0.038483705
       1.6107480      0.42022358      0.50320496       10.128488       10.124420     0.040182840
       1.6450193      0.41647965      0.50298959       10.344285       10.339950     0.041919114
       1.6792905      0.41266155      0.50277122       10.560100       10.555488     0.043692566
       1.7135617      0.40876956      0.50254994       10.775935       10.771034     0.045503236
       1.7478330      0.40480398      0.50232586       10.991789       10.986587     0.047351163
       1.7821042      0.40076510      0.50209907       11.207663       11.202148     0.049236390
       1.8163754      0.39665323      0.50186969       11.423558       11.417716     0.051158957
       1.8506467      0.39246868      0.50163780       11.639473       11.633294     0.053118907
       1.8849179      0.38821177      0.50140352       11.855410       11.848879     0.055116284
       1.9191891      0.38388283      0.50116696       12.071368       12.064473     0.057151133
       1.9534604      0.37948219      0.50092823       12.287348       12.280076     0.059223499
       1.9877316      0.37501018      0.50068745       12.503351       12.495687     0.061333427
       2.0220028      0.37046716      0.50044472       12.719377       12.711307     0.063480966
       2.0562741      0.36585346      0.50020016       12.935425       12.926937     0.065666163
       2.0905453      0.36116945      0.49995391       13.151498       13.142576     0.067889067
       2.1248166      0.35641550      0.49970607       13.367594       13.358224     0.070149727
       2.1590878      0.35159197      0.49945677       13.583715       13.573881     0.072448194
       2.1933590      0.34669924      0.49920613       13.799861       13.789549     0.074784519
       2.2276303      0.34173769      0.49895429       14.016032       14.005226     0.077158755
       2.2619015      0.33670772      0.49870138       14.232229       14.220913     0.079570955
       2.2961727      0.33160972      0.49844753       14.448452       14.436611     0.082021173
       2.3304440      0.32644410      0.49819286       14.664701       14.652319     0.084509463
       2.3647152      0.32121127      0.49793753       14.880978       14.868037     0.087035882
       2.3989864      0.31591164      0.49768167       15.097281       15.083766     0.089600487
       2.4332577      0.31054564      0.49742541       15.313613       15.299506     0.092203334
       2.4675289      0.30511370      0.49716891       15.529972       15.515257     0.094844482
       2.5018001      0.29961626      0.49691231       15.746360       15.731019     0.097523992
       2.5360714      0.29405376      0.49665575       15.962778       15.946792      0.10024192
       2.5703426      0.28842666      0.49639939       16.179224       16.162577      0.10299833
       2.6046138      0.28273541      0.49614338       16.395700       16.378373      0.10579329
       2.6388851      0.27698049      0.49588787       16.612207       16.594181      0.10862686
       2.6731563      0.27116236      0.49563302       16.828744       16.810001      0.11149909
       2.7074275      0.26528151      0.49537899       17.045312       17.025833      0.11441006
       2.7416988      0.25933842      0.49512594       17.261912       17.241677      0.11735984
       2.7759700      0.25333359      0.49487404       17.478543       17.457534      0.12034848
       2.8102412      0.24726752      0.49462344       17.695207       17.673403      0.12337606
       2.8445125      0.24114072      0.49437432       17.911904       17.889284      0.12644264
       2.8787837      0.23495371      0.49412685       18.128634       18.105179      0.12954830
       2.9130549      0.22870700      0.49388120       18.345397       18.321086      0.13269311
       2.9473262      0.22240114      0.49363755       18.562195       18.537007      0.13587713
       2.9815974      0.21603666      0.49339607       18.779027       18.752941      0.13910043
       3.0158687      0.20961411      0.49315694       18.995893       18.968889      0.14236310
       3.0501399      0.20313404      0.49292035       19.212795       19.184850      0.14566521
       3.0844111      0.19659702      0.49268648       19.429733       19.400824      0.14900683
       3.1186824      0.19000360      0.49245551       19.646707       19.616813      0.15238803
       3.1529536      0.18335438      0.49222764       19.863717       19.832816      0.15580890
       3.1872248      0.17664993      0.49200305       20.080765       20.048833      0.15926952
       3.2214961      0.16989085      0.49178195       20.297850       20.264864      0.16276995
       3.2557673      0.16307774      0.49156452       20.514972       20.480910      0.16631029
       3.2900385      0.15621121      0.49135096       20.732133       20.696971      0.16989061
       3.3243098      0.14929187      0.49114148       20.949333       20.913047      0.17351099
       3.3585810      0.14232034      0.49093628       21.166572       21.129137      0.17717152
       3.3928522      0.13529727      0.49073557       21.383851       21.345243      0.18087229
       3.4271235      0.12822329      0.49053955       21.601169       21.561364      0.18461337

Table series: Data for wavelength : 0.587562 µm.
   Y Angle (deg)       Tan Shift       Sag Shift     Real Height     Ref. Height      Distortion
  --------------  --------------  --------------  --------------  --------------  --------------
      0.00000000  9.2598579E-004  9.2598579E-004      0.00000000      0.00000000      0.00000000
     0.034271235  8.8518999E-004  9.2577066E-004      0.21535650      0.21535646  1.7590225E-005
     0.068542469  7.7682292E-004  9.2512628E-004      0.43071338      0.43071308  7.0361282E-005
      0.10281370  6.0089407E-004  9.2405566E-004      0.64607103      0.64607001  1.5831434E-004
      0.13708494  3.5741923E-004  9.2256385E-004      0.86142982      0.86142740  2.8145134E-004
      0.17135617  4.6420294E-005  9.2065788E-004       1.0767901       1.0767854  4.3977499E-004
      0.20562741 -3.3207481E-004  9.1834680E-004       1.2921524       1.2921442  6.3328880E-004
      0.23989864 -7.7803112E-004  9.1564174E-004       1.5075169       1.5075039  8.6199706E-004
      0.27416988 -1.2914093E-003  9.1255571E-004       1.7228841       1.7228647  1.1259048E-003
      0.30844111 -1.8721624E-003  9.0910386E-004       1.9382543       1.9382267  1.4250178E-003
      0.34271235 -2.5202376E-003  9.0530328E-004       2.1536280       2.1535901  1.7593427E-003
      0.37698358 -3.2355757E-003  9.0117313E-004       2.3690054       2.3689550  2.1288870E-003
      0.41125482 -4.0181119E-003  8.9673455E-004       2.5843871       2.5843216  2.5336586E-003
      0.44552605 -4.8677751E-003  8.9201071E-004       2.7997734       2.7996901  2.9736667E-003
      0.47979729 -5.7844874E-003  8.8702680E-004       3.0151646       3.0150606  3.4489208E-003
      0.51406852 -6.7681644E-003  8.8181004E-004       3.2305612       3.2304333  3.9594316E-003
      0.54833975 -7.8187176E-003  8.7638965E-004       3.4459635       3.4458082  4.5052102E-003
      0.58261099 -8.9360499E-003  8.7079691E-004       3.6613719       3.6611856  5.0862688E-003
      0.61688222    -0.010120059  8.6506508E-004       3.8767867       3.8765657  5.7026201E-003
      0.65115346    -0.011370636  8.5922947E-004       4.0922085       4.0919485  6.3542779E-003
      0.68542469    -0.012687667  8.5332744E-004       4.3076375       4.3073342  7.0412564E-003
      0.71969593    -0.014071031  8.4739834E-004       4.5230742       4.5227231  7.7635710E-003
      0.75396716    -0.015520599  8.4148358E-004       4.7385189       4.7381151  8.5212375E-003
      0.78823840    -0.017036238  8.3562658E-004       4.9539720       4.9535106  9.3142727E-003
      0.82250963    -0.018617808  8.2987282E-004       5.1694339       5.1689096     0.010142694
      0.85678087    -0.020265164  8.2426981E-004       5.3849049       5.3843123     0.011006520
      0.89105210    -0.021978152  8.1886709E-004       5.6003855       5.5997188     0.011905770
      0.92532334    -0.023756614  8.1371627E-004       5.8158761       5.8151294     0.012840463
      0.95959457    -0.025600384  8.0887098E-004       6.0313770       6.0305441     0.013810621
      0.99386581    -0.027509291  8.0438690E-004       6.2468886       6.2459632     0.014816265
       1.0281370    -0.029483158  8.0032178E-004       6.4624113       6.4613867     0.015857416
       1.0624083    -0.031521800  7.9673539E-004       6.6779455       6.6768148     0.016934099
       1.0966795    -0.033625025  7.9368960E-004       6.8934915       6.8922477     0.018046337
       1.1309507    -0.035792639  7.9124831E-004       7.1090498       7.1076856     0.019194154
       1.1652220    -0.038024435  7.8947749E-004       7.3246208       7.3231285     0.020377577
       1.1994932    -0.040320206  7.8844517E-004       7.5402048       7.5385767     0.021596631
       1.2337644    -0.042679735  7.8822147E-004       7.7558022       7.7540303     0.022851343
       1.2680357    -0.045102799  7.8887855E-004       7.9714134       7.9694894     0.024141742
       1.3023069    -0.047589168  7.9049066E-004       8.1870388       8.1849542     0.025467855
       1.3365782    -0.050138609  7.9313417E-004       8.4026787       8.4004249     0.026829713
       1.3708494    -0.052750876  7.9688746E-004       8.6183337       8.6159016     0.028227346
       1.4051206    -0.055425723  8.0183104E-004       8.8340040       8.8313845     0.029660784
       1.4393919    -0.058162895  8.0804752E-004       9.0496900       9.0468737     0.031130060
       1.4736631    -0.060962127  8.1562158E-004       9.2653922       9.2623694     0.032635206
       1.5079343    -0.063823154  8.2464001E-004       9.4811109       9.4778717     0.034176256
       1.5422056    -0.066745699  8.3519171E-004       9.6968465       9.6933808     0.035753244
       1.5764768    -0.069729481  8.4736767E-004       9.9125994       9.9088968     0.037366205
       1.6107480    -0.072774212  8.6126102E-004       10.128370       10.124420     0.039015176
       1.6450193    -0.075879595  8.7696696E-004       10.344159       10.339950     0.040700192
       1.6792905    -0.079045333  8.9458288E-004       10.559966       10.555488     0.042421292
       1.7135617    -0.082271111  9.1420824E-004       10.775792       10.771033     0.044178513
       1.7478330    -0.085556617  9.3594465E-004       10.991637       10.986587     0.045971896
       1.7821042    -0.088901532  9.5989586E-004       11.207502       11.202147     0.047801479
       1.8163754    -0.092305522  9.8616776E-004       11.423387       11.417716     0.049667305
       1.8506467    -0.095768255  1.0148684E-003       11.639293       11.633294     0.051569415
       1.8849179    -0.099289387  1.0461079E-003       11.855219       11.848879     0.053507850
       1.9191891     -0.10286857  1.0799987E-003       12.071167       12.064473     0.055482656
       1.9534604     -0.10650545  1.1166552E-003       12.287136       12.280076     0.057493875
       1.9877316     -0.11019965  1.1561942E-003       12.503127       12.495687     0.059541552
       2.0220028     -0.11395082  1.1987344E-003       12.719141       12.711307     0.061625735
       2.0562741     -0.11775857  1.2443970E-003       12.935177       12.926937     0.063746469
       2.0905453     -0.12162252  1.2933050E-003       13.151237       13.142575     0.065903802
       2.1248166     -0.12554228  1.3455841E-003       13.367320       13.358224     0.068097783
       2.1590878     -0.12951745  1.4013616E-003       13.583428       13.573881     0.070328460
       2.1933590     -0.13354763  1.4607675E-003       13.799559       13.789549     0.072595884
       2.2276303     -0.13763239  1.5239338E-003       14.015716       14.005226     0.074900106
       2.2619015     -0.14177133  1.5909947E-003       14.231898       14.220913     0.077241177
       2.2961727     -0.14596402  1.6620867E-003       14.448105       14.436611     0.079619151
       2.3304440     -0.15021001  1.7373485E-003       14.664339       14.652319     0.082034081
       2.3647152     -0.15450888  1.8169211E-003       14.880599       14.868037     0.084486021
       2.3989864     -0.15886017  1.9009475E-003       15.096885       15.083766     0.086975026
       2.4332577     -0.16326342  1.9895732E-003       15.313199       15.299506     0.089501154
       2.4675289     -0.16771818  2.0829460E-003       15.529541       15.515257     0.092064460
       2.5018001     -0.17222396  2.1812158E-003       15.745911       15.731019     0.094665002
       2.5360714     -0.17678030  2.2845349E-003       15.962309       15.946792     0.097302841
       2.5703426     -0.18138671  2.3930577E-003       16.178736       16.162577     0.099978034
       2.6046138     -0.18604269  2.5069410E-003       16.395192       16.378373      0.10269064
       2.6388851     -0.19074774  2.6263441E-003       16.611678       16.594181      0.10544073
       2.6731563     -0.19550135  2.7514283E-003       16.828194       16.810001      0.10822836
       2.7074275     -0.20030301  2.8823572E-003       17.044741       17.025833      0.11105358
       2.7416988     -0.20515220  3.0192971E-003       17.261318       17.241677      0.11391648
       2.7759700     -0.21004838  3.1624163E-003       17.477927       17.457533      0.11681711
       2.8102412     -0.21499101  3.3118854E-003       17.694567       17.673403      0.11975553
       2.8445125     -0.21997954  3.4678777E-003       17.911240       17.889284      0.12273182
       2.8787837     -0.22501342  3.6305685E-003       18.127945       18.105179      0.12574605
       2.9130549     -0.23009209  3.8001356E-003       18.344684       18.321086      0.12879827
       2.9473262     -0.23521497  3.9767592E-003       18.561455       18.537007      0.13188857
       2.9815974     -0.24038149  4.1606218E-003       18.778261       18.752941      0.13501700
       3.0158687     -0.24559106  4.3519085E-003       18.995100       18.968888      0.13818365
       3.0501399     -0.25084308  4.5508066E-003       19.211975       19.184849      0.14138858
       3.0844111     -0.25613695  4.7575058E-003       19.428884       19.400824      0.14463188
       3.1186824     -0.26147205  4.9721984E-003       19.645829       19.616813      0.14791360
       3.1529536     -0.26684777  5.1950790E-003       19.862810       19.832816      0.15123384
       3.1872248     -0.27226349  5.4263447E-003       20.079827       20.048833      0.15459265
       3.2214961     -0.27771855  5.6661950E-003       20.296881       20.264864      0.15799013
       3.2557673     -0.28321232  5.9148319E-003       20.513972       20.480910      0.16142635
       3.2900385     -0.28874414  6.1724599E-003       20.731101       20.696971      0.16490139
       3.3243098     -0.29431335  6.4392859E-003       20.948267       20.913047      0.16841532
       3.3585810     -0.29991928  6.7155194E-003       21.165473       21.129137      0.17196824
       3.3928522     -0.30556125  7.0013724E-003       21.382717       21.345243      0.17556021
       3.4271235     -0.31123857  7.2970594E-003       21.600000       21.561364      0.17919133

Table series: Data for wavelength : 0.656273 µm.
   Y Angle (deg)       Tan Shift       Sag Shift     Real Height     Ref. Height      Distortion
  --------------  --------------  --------------  --------------  --------------  --------------
      0.00000000      0.70237696      0.70237696      0.00000000      0.00000000      0.00000000
     0.034271235      0.70233900      0.70237806      0.21533457      0.21533454  1.3497066E-005
     0.068542469      0.70224057      0.70238137      0.43066953      0.43066924  6.5575209E-005
      0.10281370      0.70208168      0.70238688      0.64600524      0.64600425  1.5237339E-004
      0.13708494      0.70186234      0.70239461      0.86134208      0.86133972  2.7389354E-004
      0.17135617      0.70158257      0.70240455       1.0766804       1.0766758  4.3013834E-004
      0.20562741      0.70124241      0.70241673       1.2920207       1.2920127  6.2111125E-004
      0.23989864      0.70084189      0.70243115       1.5073632       1.5073504  8.4679316E-004
      0.27416988      0.70038105      0.70244781       1.7227084       1.7226893  1.1072357E-003
      0.30844111      0.69985994      0.70246675       1.9380566       1.9380294  1.4024214E-003
      0.34271235      0.69927862      0.70248798       2.1534082       2.1533709  1.7323567E-003
      0.37698358      0.69863714      0.70251151       2.3687636       2.3687139  2.0970489E-003
      0.41125482      0.69793558      0.70253737       2.5841231       2.5840586  2.4965062E-003
      0.44552605      0.69717401      0.70256558       2.7994872       2.7994052  2.9307372E-003
      0.47979729      0.69635250      0.70259617       3.0148562       3.0147537  3.3997518E-003
      0.51406852      0.69547115      0.70262916       3.2302306       3.2301045  3.9035601E-003
      0.54833975      0.69453006      0.70266459       3.4456106       3.4454575  4.4421735E-003
      0.58261099      0.69352931      0.70270248       3.6609966       3.6608130  5.0156038E-003
      0.61688222      0.69246902      0.70274288       3.8763891       3.8761711  5.6238637E-003
      0.65115346      0.69134930      0.70278581       4.0917884       4.0915320  6.2669667E-003
      0.68542469      0.69017027      0.70283132       4.3071950       4.3068958  6.9449271E-003
      0.71969593      0.68893206      0.70287944       4.5226090       4.5222627  7.6577599E-003
      0.75396716      0.68763479      0.70293022       4.7380311       4.7376329  8.4054808E-003
      0.78823840      0.68627861      0.70298371       4.9534615       4.9530064  9.1881065E-003
      0.82250963      0.68486366      0.70303994       5.1689006       5.1683835     0.010005654
      0.85678087      0.68339010      0.70309896       5.3843489       5.3837643     0.010858142
      0.89105210      0.68185808      0.70316084       5.5998066       5.5991489     0.011745590
      0.92532334      0.68026777      0.70322562       5.8152741       5.8145375     0.012668016
      0.95959457      0.67861934      0.70329335       6.0307519       6.0299303     0.013625441
      0.99386581      0.67691297      0.70336409       6.2462404       6.2453275     0.014617887
       1.0281370      0.67514884      0.70343790       6.4617398       6.4607290     0.015645376
       1.0624083      0.67332715      0.70351485       6.6772507       6.6761353     0.016707930
       1.0966795      0.67144810      0.70359499       6.8927733       6.8915462     0.017805573
       1.1309507      0.66951188      0.70367839       7.1083081       7.1069622     0.018938329
       1.1652220      0.66751872      0.70376512       7.3238554       7.3223832     0.020106224
       1.1994932      0.66546882      0.70385525       7.5394157       7.5378094     0.021309284
       1.2337644      0.66336242      0.70394884       7.7549892       7.7532411     0.022547535
       1.2680357      0.66119975      0.70404598       7.9705765       7.9686783     0.023821005
       1.3023069      0.65898104      0.70414674       8.1861778       8.1841212     0.025129722
       1.3365782      0.65670654      0.70425119       8.4017936       8.3995699     0.026473716
       1.3708494      0.65437650      0.70435942       8.6174242       8.6150247     0.027853015
       1.4051206      0.65199118      0.70447151       8.8330701       8.8304856     0.029267652
       1.4393919      0.64955085      0.70458755       9.0487316       9.0459529     0.030717658
       1.4736631      0.64705578      0.70470761       9.2644091       9.2614267     0.032203064
       1.5079343      0.64450625      0.70483179       9.4801030       9.4769070     0.033723905
       1.5422056      0.64190255      0.70496018       9.6958137       9.6923942     0.035280213
       1.5764768      0.63924496      0.70509287       9.9115415       9.9078883     0.036872025
       1.6107480      0.63653379      0.70522996       10.127287       10.123389     0.038499374
       1.6450193      0.63376935      0.70537155       10.343050       10.338898     0.040162298
       1.6792905      0.63095194      0.70551773       10.558832       10.554414     0.041860834
       1.7135617      0.62808190      0.70566860       10.774632       10.769937     0.043595020
       1.7478330      0.62515954      0.70582428       10.990452       10.985468     0.045364894
       1.7821042      0.62218521      0.70598486       11.206291       11.201007     0.047170497
       1.8163754      0.61915924      0.70615045       11.422150       11.416554     0.049011868
       1.8506467      0.61608199      0.70632117       11.638029       11.632110     0.050889049
       1.8849179      0.61295381      0.70649712       11.853929       11.847673     0.052802082
       1.9191891      0.60977507      0.70667843       12.069850       12.063245     0.054751010
       1.9534604      0.60654613      0.70686520       12.285792       12.278826     0.056735876
       1.9877316      0.60326737      0.70705757       12.501756       12.494415     0.058756726
       2.0220028      0.59993918      0.70725564       12.717743       12.710014     0.060813604
       2.0562741      0.59656196      0.70745954       12.933752       12.925621     0.062906556
       2.0905453      0.59313609      0.70766940       13.149784       13.141238     0.065035631
       2.1248166      0.58966199      0.70788535       13.365840       13.356864     0.067200875
       2.1590878      0.58614008      0.70810752       13.581919       13.572500     0.069402338
       2.1933590      0.58257077      0.70833603       13.798023       13.788145     0.071640069
       2.2276303      0.57895450      0.70857103       14.014151       14.003801     0.073914118
       2.2619015      0.57529169      0.70881265       14.230305       14.219466     0.076224537
       2.2961727      0.57158280      0.70906103       14.446483       14.435142     0.078571378
       2.3304440      0.56782828      0.70931632       14.662688       14.650827     0.080954694
       2.3647152      0.56402858      0.70957865       14.878919       14.866524     0.083374538
       2.3989864      0.56018418      0.70984817       15.095176       15.082231     0.085830966
       2.4332577      0.55629555      0.71012504       15.311461       15.297949     0.088324032
       2.4675289      0.55236316      0.71040940       15.527773       15.513678     0.090853794
       2.5018001      0.54838752      0.71070140       15.744112       15.729418     0.093420308
       2.5360714      0.54436912      0.71100120       15.960480       15.945169     0.096023634
       2.5703426      0.54030846      0.71130897       16.176877       16.160932     0.098663829
       2.6046138      0.53620606      0.71162485       16.393302       16.376706      0.10134095
       2.6388851      0.53206244      0.71194901       16.609757       16.592492      0.10405507
       2.6731563      0.52787813      0.71228162       16.826242       16.808290      0.10680624
       2.7074275      0.52365366      0.71262285       17.042757       17.024100      0.10959452
       2.7416988      0.51938959      0.71297285       17.259303       17.239922      0.11241998
       2.7759700      0.51508646      0.71333181       17.475880       17.455757      0.11528268
       2.8102412      0.51074484      0.71369990       17.692488       17.671604      0.11818269
       2.8445125      0.50636530      0.71407730       17.909129       17.887463      0.12112008
       2.8787837      0.50194841      0.71446418       18.125801       18.103336      0.12409490
       2.9130549      0.49749476      0.71486074       18.342507       18.319222      0.12710724
       2.9473262      0.49300495      0.71526714       18.559245       18.535120      0.13015715
       2.9815974      0.48847959      0.71568358       18.776017       18.751032      0.13324471
       3.0158687      0.48391926      0.71611024       18.992823       18.966958      0.13636998
       3.0501399      0.47932462      0.71654732       19.209663       19.182897      0.13953305
       3.0844111      0.47469626      0.71699502       19.426538       19.398850      0.14273398
       3.1186824      0.47003485      0.71745352       19.643449       19.614816      0.14597285
       3.1529536      0.46534102      0.71792303       19.860395       19.830797      0.14924972
       3.1872248      0.46061542      0.71840375       20.077377       20.046792      0.15256468
       3.2214961      0.45585872      0.71889588       20.294395       20.262802      0.15591781
       3.2557673      0.45107159      0.71939963       20.511450       20.478826      0.15930917
       3.2900385      0.44625472      0.71991521       20.728543       20.694864      0.16273885
       3.3243098      0.44140878      0.72044282       20.945673       20.910918      0.16620692
       3.3585810      0.43653448      0.72098269       21.162842       21.126987      0.16971347
       3.3928522      0.43163253      0.72153502       21.380049       21.343070      0.17325858
       3.4271235      0.42670365      0.72210005       21.597295       21.559169      0.17684233
