Results for:	
File:	C:\Users\User\OneDrive - Massachusetts Institute of Technology\Documents\MIT\Grad School\Classes\2.156\Lens Project\Prime Lenses\US05321554-4.ZMX
Title:	US 5321554 example 4
Date:	11/7/2025 5:46:46 PM

0 message(s) in output.
3 series table(s) in output.

Table series: Data for wavelength : 0.486133 µm.
   Y Angle (deg)       Tan Shift       Sag Shift     Real Height     Ref. Height      Distortion
  --------------  --------------  --------------  --------------  --------------  --------------
      0.00000000     0.034214065     0.034214065      0.00000000      0.00000000      0.00000000
      0.50000000     0.034204596     0.034123489      0.13258837      0.13258857 -1.5551903E-004
       1.0000000     0.034184228     0.033851773      0.26519569      0.26519734 -6.2254387E-004
       1.5000000     0.034152845     0.033398955      0.39784094      0.39784652 -1.4014856E-003
       2.0000000     0.034110249     0.032765096      0.53054310      0.53055633 -2.4931947E-003
       2.5000000     0.034056161     0.031950284      0.66332119      0.66334706 -3.8988624E-003
       3.0000000     0.033990224     0.030954630      0.79619427      0.79623902 -5.6200202E-003
       3.5000000     0.033912000     0.029778273      0.92918142      0.92925259 -7.6585405E-003
       4.0000000     0.033820970     0.028421378       1.0623018       1.0624082    -0.010016637
       4.5000000     0.033716535     0.026884135       1.1955747       1.1957265    -0.012696865
       5.0000000     0.033598011     0.025166763       1.3290193       1.3292280    -0.015702120
       5.5000000     0.033464635     0.023269509       1.4626550       1.4629335    -0.019035643
       6.0000000     0.033315561     0.021192649       1.5965014       1.5968639    -0.022701014
       6.5000000     0.033149857     0.018936490       1.7305780       1.7310403    -0.026702157
       7.0000000     0.032966508     0.016501368       1.8649046       1.8654837    -0.031043340
       7.5000000     0.032764415     0.013887653       1.9995009       2.0002156    -0.035729175
       8.0000000     0.032542390     0.011095749       2.1343869       2.1352573    -0.040764615
       8.5000000     0.032299162  8.1260941E-003       2.2695828       2.2706308    -0.046154961
       9.0000000     0.032033368  4.9791634E-003       2.4051088       2.4063578    -0.051905856
       9.5000000     0.031743561  1.6554707E-003       2.5409854       2.5424606    -0.058023288
       10.000000     0.031428200 -1.8444300E-003       2.6772332       2.6789615    -0.064513589
       10.500000     0.031085656 -5.5199422E-003       2.8138730       2.8158831    -0.071383436
       11.000000     0.030714207 -9.3704247E-003       2.9509259       2.9532483    -0.078639850
       11.500000     0.030312040    -0.013395189       3.0884131       3.0910804    -0.086290195
       12.000000     0.029877245    -0.017593498       3.2263561       3.2294028    -0.094342177
       12.500000     0.029407823    -0.021964561       3.3647766       3.3682393     -0.10280385
       13.000000     0.028901673    -0.026507531       3.5036966       3.5076140     -0.11168359
       13.500000     0.028356603    -0.031221504       3.6431383       3.6475515     -0.12099014
       14.000000     0.027770320    -0.036105514       3.7831244       3.7880766     -0.13073256
       14.500000     0.027140436    -0.041158525       3.9236775       3.9292146     -0.14092024
       15.000000     0.026464462    -0.046379435       4.0648210       4.0709911     -0.15156293
       15.500000     0.025739809    -0.051767064       4.2065781       4.2134321     -0.16267067
       16.000000     0.024963792    -0.057320154       4.3489729       4.3565644     -0.17425385
       16.500000     0.024133621    -0.063037362       4.4920294       4.5004147     -0.18632318
       17.000000     0.023246408    -0.068917253       4.6357723       4.6450107     -0.19888967
       17.500000     0.022299165    -0.074958297       4.7802265       4.7903804     -0.21196464
       18.000000     0.021288802    -0.081158860       4.9254173       4.9365522     -0.22555971
       18.500000     0.020212128    -0.087517199       5.0713708       5.0835554     -0.23968681
       19.000000     0.019065855    -0.094031452       5.2181130       5.2314195     -0.25435813
       19.500000     0.017846594     -0.10069963       5.3656708       5.3801750     -0.26958614
       20.000000     0.016550859     -0.10751961       5.5140714       5.5298527     -0.28538358
       20.500000     0.015175067     -0.11448913       5.6633427       5.6804843     -0.30176340
       21.000000     0.013715541     -0.12160577       5.8135130       5.8321021     -0.31873883
       21.500000     0.012168510     -0.12886693       5.9646111       5.9847392     -0.33632328
       22.000000     0.010530113     -0.13626986       6.1166666       6.1384292     -0.35453037
       22.500000  8.7964022E-003     -0.14381159       6.2697097       6.2932069     -0.37337389
       23.000000  6.9633458E-003     -0.15148897       6.4237712       6.4491076     -0.39286776
       23.500000  5.0268312E-003     -0.15929862       6.5788825       6.6061677     -0.41302606
       24.000000  2.9826698E-003     -0.16723690       6.7350759       6.7644242     -0.43386293
       24.500000  8.2660235E-004     -0.17529996       6.8923843       6.9239153     -0.45539259
       25.000000 -1.4456959E-003     -0.18348363       7.0508416       7.0846801     -0.47762927
       25.500000 -3.8386089E-003     -0.19178349       7.2104823       7.2467587     -0.50058719
       26.000000 -6.3565731E-003     -0.20019476       7.3713420       7.4101922     -0.52428052
       26.500000 -9.0040696E-003     -0.20871234       7.5334570       7.5750229     -0.54872329
       27.000000    -0.011785616     -0.21733074       7.6968647       7.7412943     -0.57392938
       27.500000    -0.014705756     -0.22604411       7.8616036       7.9090509     -0.59991245
       28.000000    -0.017769054     -0.23484612       8.0277129       8.0783388     -0.62668587
       28.500000    -0.020980077     -0.24373000       8.1952335       8.2492049     -0.65426261
       29.000000    -0.024343388     -0.25268846       8.3642069       8.4216981     -0.68265522
       29.500000    -0.027863535     -0.26171369       8.5346762       8.5958681     -0.71187571
       30.000000    -0.031545031     -0.27079726       8.7066858       8.7717666     -0.74193543
       30.500000    -0.035392345     -0.27993011       8.8802813       8.9494466     -0.77284501
       31.000000    -0.039409887     -0.28910248       9.0555099       9.1289628     -0.80461417
       31.500000    -0.043601989     -0.29830387       9.2324203       9.3103715     -0.83725166
       32.000000    -0.047972888     -0.30752292       9.4110629       9.4937310     -0.87076507
       32.500000    -0.052526713     -0.31674743       9.5914897       9.6791012     -0.90516064
       33.000000    -0.057267462     -0.32596419       9.7737548       9.8665440     -0.94044317
       33.500000    -0.062198987     -0.33515895       9.9579139       10.056124     -0.97661571
       34.000000    -0.067324973     -0.34431630       10.144025       10.247906      -1.0136794
       34.500000    -0.072648921     -0.35341958       10.332148       10.441960      -1.0516333
       35.000000    -0.078174127     -0.36245075       10.522347       10.638355      -1.0904739
       35.500000    -0.083903669     -0.37139028       10.714684       10.837165      -1.1301951
       36.000000    -0.089840387     -0.38021697       10.909229       11.038466      -1.1707876
       36.500000    -0.095986868     -0.38890785       11.106052       11.242336      -1.2122388
       37.000000     -0.10234544     -0.39743796       11.305227       11.448856      -1.2545321
       37.500000     -0.10891816     -0.40578016       11.506829       11.658111      -1.2976469
       38.000000     -0.11570680     -0.41390493       11.710941       11.870186      -1.3415575
       38.500000     -0.12271287     -0.42178013       11.917645       12.085174      -1.3862329
       39.000000     -0.12993763     -0.42937070       12.127030       12.303167      -1.4316363
       39.500000     -0.13738209     -0.43663838       12.339189       12.524263      -1.4777242
       40.000000     -0.14504705     -0.44354137       12.554218       12.748563      -1.5244453
       40.500000     -0.15293316     -0.45003392       12.772220       12.976172      -1.5717405
       41.000000     -0.16104099     -0.45606592       12.993304       13.207200      -1.6195409
       41.500000     -0.16937113     -0.46158241       13.217582       13.441760      -1.6677676
       42.000000     -0.17792429     -0.46652301       13.445176       13.679970      -1.7163298
       42.500000     -0.18670150     -0.47082128       13.676213       13.921953      -1.7651238
       43.000000     -0.19570430     -0.47440401       13.910828       14.167837      -1.8140311
       43.500000     -0.20493502     -0.47719038       14.149166       14.417757      -1.8629172
       44.000000     -0.21439713     -0.47909104       14.391379       14.671850      -1.9116288
       44.500000     -0.22409567     -0.48000698       14.637631       14.930262      -1.9599921
       45.000000     -0.23403782     -0.47982826       14.888096       15.193145      -2.0078099
       45.500000     -0.24423356     -0.47843262       15.142962       15.460657      -2.0548588
       46.000000     -0.25469657     -0.47568368       15.402431       15.732963      -2.1008856
       46.500000     -0.26544530     -0.47142900       15.666719       16.010235      -2.1456033
       47.000000     -0.27650433     -0.46549774       15.936059       16.292654      -2.1886868
       47.500000     -0.28790611     -0.45769789       16.210704       16.580409      -2.2297673
       48.000000     -0.29969311     -0.44781303       16.490930       16.873698      -2.2684262
       48.500000     -0.31192051     -0.43559840       16.777035       17.172727      -2.3041883
       49.000000     -0.32465964     -0.42077628       17.069346       17.477715      -2.3365127
       49.500000     -0.33800233     -0.40303039       17.368219       17.788888      -2.3647834
       50.000000     -0.35206641     -0.38199906       17.674049       18.106486      -2.3882971

Table series: Data for wavelength : 0.587562 µm.
   Y Angle (deg)       Tan Shift       Sag Shift     Real Height     Ref. Height      Distortion
  --------------  --------------  --------------  --------------  --------------  --------------
      0.00000000     0.063313972     0.063313972      0.00000000      0.00000000      0.00000000
      0.50000000     0.063285169     0.063218522      0.13239490      0.13239507 -1.2750608E-004
       1.0000000     0.063210103     0.062932184      0.26480896      0.26481031 -5.1018608E-004
       1.5000000     0.063088626     0.062454986      0.39726133      0.39726590 -1.1485485E-003
       2.0000000     0.062920486     0.061786979      0.52977121      0.52978204 -2.0434371E-003
       2.5000000     0.062705332     0.060928230      0.66235780      0.66237897 -3.1960337E-003
       3.0000000     0.062442713     0.059878830      0.79504034      0.79507698 -4.6078578E-003
       3.5000000     0.062132075     0.058638889      0.92783815      0.92789643 -6.2807676E-003
       4.0000000     0.061772763     0.057208538       1.0607706       1.0608577 -8.2169597E-003
       4.5000000     0.061364019     0.055587930       1.1938570       1.1939814    -0.010418970
       5.0000000     0.060904984     0.053777240       1.3271170       1.3272881    -0.012889675
       5.5000000     0.060394692     0.051776666       1.4605702       1.4607985    -0.015632289
       6.0000000     0.059832074     0.049586430       1.5942361       1.5945335    -0.018650370
       6.5000000     0.059215958     0.047206779       1.7281346       1.7285140    -0.021947815
       7.0000000     0.058545062     0.044637984       1.8622857       1.8627612    -0.025528864
       7.5000000     0.057818000     0.041880345       1.9967093       1.9972964    -0.029398100
       8.0000000     0.057033275     0.038934190       2.1314256       2.1321411    -0.033560449
       8.5000000     0.056189283     0.035799873       2.2664550       2.2673170    -0.038021179
       9.0000000     0.055284308     0.032477784       2.4018179       2.4028460    -0.042785904
       9.5000000     0.054316524     0.028968342       2.5375351       2.5387501    -0.047860583
       10.000000     0.053283990     0.025272000       2.6736273       2.6750518    -0.053251518
       10.500000     0.052184654     0.021389251       2.8101156       2.8117736    -0.058965358
       11.000000     0.051016346     0.017320623       2.9470213       2.9489383    -0.065009097
       11.500000     0.049776782     0.013066686       3.0843657       3.0865692    -0.071390075
       12.000000     0.048463557  8.6280533E-003       3.2221708       3.2246898    -0.078115974
       12.500000     0.047074151  4.0053826E-003       3.3604583       3.3633236    -0.085194826
       13.000000     0.045605920 -8.0061798E-004       3.4992505       3.5024950    -0.092635001
       13.500000     0.044056102 -5.7891892E-003       3.6385698       3.6422283     -0.10044522
       14.000000     0.042421810    -0.010959516       3.7784391       3.7825483     -0.10863453
       14.500000     0.040700034    -0.016310726       3.9188815       3.9234803     -0.11721233
       15.000000     0.038887640    -0.021841882       4.0599202       4.0650498     -0.12618837
       15.500000     0.036981369    -0.027551981       4.2015791       4.2072830     -0.13557270
       16.000000     0.034977834    -0.033439947       4.3438822       4.3502064     -0.14537572
       16.500000     0.032873521    -0.039504628       4.4868540       4.4938468     -0.15560817
       17.000000     0.030664792    -0.045744792       4.6305193       4.6382318     -0.16628110
       17.500000     0.028347876    -0.052159115       4.7749033       4.7833893     -0.17740586
       18.000000     0.025918878    -0.058746182       4.9200316       4.9293478     -0.18899414
       18.500000     0.023373773    -0.065504477       5.0659304       5.0761364     -0.20105792
       19.000000     0.020708409    -0.072432373       5.2126263       5.2237848     -0.21360948
       19.500000     0.017918507    -0.079528131       5.3601462       5.3723231     -0.22666138
       20.000000     0.014999663    -0.086789885       5.5085176       5.5217824     -0.24022645
       20.500000     0.011947345    -0.094215635       5.6577688       5.6721942     -0.25431779
       21.000000  8.7569000E-003     -0.10180324       5.8079283       5.8235907     -0.26894875
       21.500000  5.4235540E-003     -0.10955040       5.9590252       5.9760050     -0.28413290
       22.000000  1.9424128E-003     -0.11745465       6.1110895       6.1294708     -0.29988404
       22.500000 -1.6915333E-003     -0.12551335       6.2641515       6.2840226     -0.31621614
       23.000000 -5.4834064E-003     -0.13372367       6.4182424       6.4396958     -0.33314337
       23.500000 -9.4384373E-003     -0.14208255       6.5733939       6.5965266     -0.35068002
       24.000000    -0.013561961     -0.15058675       6.7296386       6.7545522     -0.36884051
       24.500000    -0.017859410     -0.15923275       6.8870099       6.9138105     -0.38763935
       25.000000    -0.022336312     -0.16801678       7.0455417       7.0743407     -0.40709109
       25.500000    -0.026998277     -0.17693480       7.2052690       7.2361827     -0.42721031
       26.000000    -0.031850998     -0.18598246       7.3662276       7.3993777     -0.44801154
       26.500000    -0.036900233     -0.19515509       7.5284544       7.5639679     -0.46950924
       27.000000    -0.042151806     -0.20444765       7.6919868       7.7299966     -0.49171775
       27.500000    -0.047611587     -0.21385475       7.8568638       7.8975084     -0.51465119
       28.000000    -0.053285488     -0.22337055       8.0231251       8.0665492     -0.53832345
       28.500000    -0.059179448     -0.23298879       8.1908115       8.2371660     -0.56274810
       29.000000    -0.065299420     -0.24270272       8.3599653       8.4094074     -0.58793827
       29.500000    -0.071651354     -0.25250506       8.5306297       8.5833233     -0.61390662
       30.000000    -0.078241185     -0.26238796       8.7028494       8.7589651     -0.64066522
       30.500000    -0.085074816     -0.27234296       8.8766706       8.9363858     -0.66822542
       31.000000    -0.092158097     -0.28236093       9.0521406       9.1156400     -0.69659777
       31.500000    -0.099496805     -0.29243201       9.2293086       9.2967839     -0.72579186
       32.000000     -0.10709663     -0.30254555       9.4082253       9.4798758     -0.75581617
       32.500000     -0.11496315     -0.31269003       9.5889432       9.6649754     -0.78667796
       33.000000     -0.12310179     -0.32285300       9.7715165       9.8521448     -0.81838303
       33.500000     -0.13151785     -0.33302098       9.9560014       10.041448     -0.85093553
       34.000000     -0.14021640     -0.34317939       10.142456       10.232950     -0.88433781
       34.500000     -0.14920234     -0.35331242       10.330942       10.426721     -0.91859008
       35.000000     -0.15848030     -0.36340291       10.521520       10.622829     -0.95369023
       35.500000     -0.16805467     -0.37343229       10.714258       10.821350     -0.98963347
       36.000000     -0.17792953     -0.38338033       10.909222       11.022357      -1.0264121
       36.500000     -0.18810865     -0.39322511       11.106484       11.225929      -1.0640149
       37.000000     -0.19859547     -0.40294276       11.306117       11.432148      -1.1024271
       37.500000     -0.20939303     -0.41250728       11.508198       11.641097      -1.1416297
       38.000000     -0.22050402     -0.42189038       11.712809       11.852863      -1.1815989
       38.500000     -0.23193069     -0.43106117       11.920034       12.067536      -1.2223057
       39.000000     -0.24367488     -0.43998598       12.129961       12.285211      -1.2637152
       39.500000     -0.25573800     -0.44862796       12.342683       12.505985      -1.3057861
       40.000000     -0.26812106     -0.45694683       12.558298       12.729957      -1.3484696
       40.500000     -0.28082462     -0.46489846       12.776908       12.957235      -1.3917087
       41.000000     -0.29384887     -0.47243447       12.998621       13.187925      -1.4354372
       41.500000     -0.30719365     -0.47950171       13.223552       13.422143      -1.4795789
       42.000000     -0.32085852     -0.48604176       13.451820       13.660005      -1.5240457
       42.500000     -0.33484286     -0.49199026       13.683555       13.901635      -1.5687370
       43.000000     -0.34914598     -0.49727626       13.918891       14.147161      -1.6135375
       43.500000     -0.36376731     -0.50182134       14.157972       14.396715      -1.6583159
       44.000000     -0.37870660     -0.50553874       14.400952       14.650438      -1.7029225
       44.500000     -0.39396422     -0.50833225       14.647994       14.908473      -1.7471873
       45.000000     -0.40954155     -0.51009499       14.899273       15.170973      -1.7909172
       45.500000     -0.42544142     -0.51070797       15.154976       15.438094      -1.8338929
       46.000000     -0.44166874     -0.51003841       15.415303       15.710002      -1.8758658
       46.500000     -0.45823127     -0.50793781       15.680472       15.986869      -1.9165537
       47.000000     -0.47514056     -0.50423964       15.950716       16.268876      -1.9556369
       47.500000     -0.49241319     -0.49875665       16.226287       16.556211      -1.9927522
       48.000000     -0.51007232     -0.49127766       16.507459       16.849072      -2.0274872
       48.500000     -0.52814962     -0.48156376       16.794531       17.147665      -2.0593733
       49.000000     -0.54668773     -0.46934374       17.087827       17.452208      -2.0878770
       49.500000     -0.56574336     -0.45430864       17.387704       17.762927      -2.1123905
       50.000000     -0.58539128     -0.43610504       17.694554       18.080061      -2.1322195

Table series: Data for wavelength : 0.656273 µm.
   Y Angle (deg)       Tan Shift       Sag Shift     Real Height     Ref. Height      Distortion
  --------------  --------------  --------------  --------------  --------------  --------------
      0.00000000      0.10768516      0.10768516      0.00000000      0.00000000      0.00000000
      0.50000000      0.10764852      0.10758758      0.13239304      0.13239338 -2.5768787E-004
       1.0000000      0.10755125      0.10729485      0.26480535      0.26480694 -6.0047129E-004
       1.5000000      0.10739318      0.10680699      0.39725618      0.39726083 -1.1723349E-003
       2.0000000      0.10717403      0.10612406      0.52976483      0.52977528 -1.9741162E-003
       2.5000000      0.10689344      0.10524610      0.66235061      0.66237052 -3.0069876E-003
       3.0000000      0.10655090      0.10417322      0.79503288      0.79506685 -4.2724570E-003
       3.5000000      0.10614582      0.10290549      0.92783104      0.92788461 -5.7723681E-003
       4.0000000      0.10567749      0.10144305       1.0607646       1.0608442 -7.5089011E-003
       4.5000000      0.10514508     0.099786031       1.1938530       1.1939662 -9.4845726E-003
       5.0000000      0.10454766     0.097934590       1.3271159       1.3272712    -0.011702237
       5.5000000      0.10388419     0.095888909       1.4605730       1.4607799    -0.014165085
       6.0000000      0.10315350     0.093649188       1.5942440       1.5945131    -0.016876648
       6.5000000      0.10235433     0.091215653       1.7281490       1.7284920    -0.019840795
       7.0000000      0.10148528     0.088588549       1.8623079       1.8627375    -0.023061735
       7.5000000      0.10054485     0.085768152       1.9967408       1.9972710    -0.026544018
       8.0000000     0.099531421     0.082754759       2.1314681       2.1321140    -0.030292536
       8.5000000     0.098443249     0.079548696       2.2665102       2.2672881    -0.034312520
       9.0000000     0.097278476     0.076150318       2.4018877       2.4028154    -0.038609546
       9.5000000     0.096035122     0.072560010       2.5376213       2.5387178    -0.043189533
       10.000000     0.094711084     0.068778188       2.6737321       2.6750177    -0.048058742
       10.500000     0.093304136     0.064805305       2.8102412       2.8117377    -0.053223778
       11.000000     0.091811928     0.060641848       2.9471700       2.9489008    -0.058691593
       11.500000     0.090231984     0.056288342       3.0845400       3.0865299    -0.064469480
       12.000000     0.088561700     0.051745354       3.2223732       3.2246487    -0.070565078
       12.500000     0.086798342     0.047013494       3.3606915       3.3632808    -0.076986368
       13.000000     0.084939049     0.042093418       3.4995173       3.5024504    -0.083741676
       13.500000     0.082980826     0.036985831       3.6388733       3.6421818    -0.090839672
       14.000000     0.080920547     0.031691493       3.7787823       3.7825001    -0.098289362
       14.500000     0.078754952     0.026211217       3.9192675       3.9234303     -0.10610010
       15.000000     0.076480646     0.020545878       4.0603525       4.0649980     -0.11428157
       15.500000     0.074094099     0.014696415       4.2020611       4.2072294     -0.12284379
       16.000000     0.071591643  8.6638358E-003       4.3444176       4.3501509     -0.13179711
       16.500000     0.068969474  2.4492229E-003       4.4874464       4.4937895     -0.14115223
       17.000000     0.066223649 -3.9462633E-003       4.6311727       4.6381727     -0.15092014
       17.500000     0.063350087    -0.010521377       4.7756218       4.7833283     -0.16111217
       18.000000     0.060344569    -0.017274782       4.9208194       4.9292850     -0.17173996
       18.500000     0.057202738    -0.024205042       5.0667919       5.0760717     -0.18281545
       19.000000     0.053920097    -0.031310620       5.2135659       5.2237182     -0.19435088
       19.500000     0.050492013    -0.038589863       5.3611686       5.3722547     -0.20635878
       20.000000     0.046913715    -0.046040998       5.5096277       5.5217121     -0.21885195
       20.500000     0.043180298    -0.053662122       5.6589715       5.6721219     -0.23184346
       21.000000     0.039286722    -0.061451190       5.8092287       5.8235165     -0.24534664
       21.500000     0.035227817    -0.069406009       5.9604288       5.9759288     -0.25937504
       22.000000     0.030998282    -0.077524223       6.1126017       6.1293927     -0.27394245
       22.500000     0.026592690    -0.085803299       6.2657780       6.2839425     -0.28906282
       23.000000     0.022005494    -0.094240518       6.4199890       6.4396137     -0.30475033
       23.500000     0.017231026     -0.10283296       6.5752667       6.5964425     -0.32101925
       24.000000     0.012263506     -0.11157747       6.7316438       6.7544661     -0.33788403
       24.500000  7.0970465E-003     -0.12047069       6.8891539       6.9137224     -0.35535918
       25.000000  1.7256573E-003     -0.12950898       7.0478311       7.0742505     -0.37345927
       25.500000 -3.8567445E-003     -0.13868842       7.2077106       7.2360905     -0.39219891
       26.000000 -9.6563293E-003     -0.14800482       7.3688285       7.3992834     -0.41159266
       26.500000    -0.015679344     -0.15745364       7.5312217       7.5638715     -0.43165503
       27.000000    -0.021932103     -0.16703001       7.6949280       7.7298981     -0.45240040
       27.500000    -0.028420978     -0.17672868       7.8599865       7.8974078     -0.47384297
       28.000000    -0.035152384     -0.18654398       8.0264371       8.0664464     -0.49599669
       28.500000    -0.042132768     -0.19646983       8.1943210       8.2370610     -0.51887520
       29.000000    -0.049368593     -0.20649964       8.3636805       8.4093002     -0.54249173
       29.500000    -0.056866324     -0.21662632       8.5345592       8.5832139     -0.56685904
       30.000000    -0.064632408     -0.22684220       8.7070020       8.7588535     -0.59198931
       30.500000    -0.072673260     -0.23713902       8.8810552       8.9362719     -0.61789401
       31.000000    -0.080995240     -0.24750784       9.0567666       9.1155238     -0.64458383
       31.500000    -0.089604632     -0.25793902       9.2341855       9.2966654     -0.67206849
       32.000000    -0.098507621     -0.26842211       9.4133629       9.4797550     -0.70035665
       32.500000     -0.10771027     -0.27894582       9.5943514       9.6648523     -0.72945573
       33.000000     -0.11721850     -0.28949793       9.7772058       9.8520192     -0.75937170
       33.500000     -0.12703805     -0.30006520       9.9619823       10.041320     -0.79010893
       34.000000     -0.13717445     -0.31063328       10.148740       10.232820     -0.82166995
       34.500000     -0.14763301     -0.32118662       10.337539       10.426588     -0.85405522
       35.000000     -0.15841877     -0.33170834       10.528443       10.622694     -0.88726284
       35.500000     -0.16953648     -0.34218010       10.721517       10.821212     -0.92128828
       36.000000     -0.18099055     -0.35258200       10.916830       11.022216     -0.95612404
       36.500000     -0.19278504     -0.36289237       11.114453       11.225786     -0.99175928
       37.000000     -0.20492362     -0.37308766       11.314461       11.432002      -1.0281795
       37.500000     -0.21740952     -0.38314217       11.516930       11.640948      -1.0653658
       38.000000     -0.23024552     -0.39302794       11.721941       11.852712      -1.1032948
       38.500000     -0.24343394     -0.40271442       11.929581       12.067383      -1.1419379
       39.000000     -0.25697656     -0.41216825       12.139936       12.285055      -1.1812605
       39.500000     -0.27087464     -0.42135297       12.353101       12.505825      -1.2212215
       40.000000     -0.28512892     -0.43022865       12.569174       12.729795      -1.2617724
       40.500000     -0.29973957     -0.43875155       12.788257       12.957069      -1.3028566
       41.000000     -0.31470621     -0.44687367       13.010460       13.187757      -1.3444083
       41.500000     -0.33002796     -0.45454228       13.235896       13.421972      -1.3863514
       42.000000     -0.34570345     -0.46169937       13.464687       13.659831      -1.4285982
       42.500000     -0.36173087     -0.46828103       13.696961       13.901458      -1.4710484
       43.000000     -0.37810808     -0.47421674       13.932854       14.146980      -1.5135871
       43.500000     -0.39483275     -0.47942856       14.172510       14.396532      -1.5560829
       44.000000     -0.41190246     -0.48383019       14.416084       14.650251      -1.5983867
       44.500000     -0.42931502     -0.48732593       14.663738       14.908283      -1.6403284
       45.000000     -0.44706868     -0.48980940       14.915650       15.170779      -1.6817151
       45.500000     -0.46516259     -0.49116214       15.172006       15.437897      -1.7223276
       46.000000     -0.48359721     -0.49125189       15.433008       15.709802      -1.7619173
       46.500000     -0.50237501     -0.48993072       15.698873       15.986666      -1.8002020
       47.000000     -0.52150125     -0.48703263       15.969836       16.268669      -1.8368616
       47.500000     -0.54098497     -0.48237096       16.246149       16.556000      -1.8715327
       48.000000     -0.56084032     -0.47573508       16.528088       16.848857      -1.9038026
       48.500000     -0.58108815     -0.46688666       16.815952       17.147447      -1.9332021
       49.000000     -0.60175811     -0.45555507       17.110066       17.451985      -1.9591969
       49.500000     -0.62289123     -0.44143186       17.410789       17.762700      -1.9811783
       50.000000     -0.64454323     -0.42416417       17.718514       18.079831      -1.9984507
