Results for:	
File:	C:\Users\User\OneDrive - Massachusetts Institute of Technology\Documents\MIT\Grad School\Classes\2.156\Lens Project\Prime Lenses\US004514051_ExampleML02P.zmx
Title:	US 4,514,051 Example ML 2 (Nikon AI Nikkor 50mm f/1.8)
Date:	11/7/2025 5:38:09 PM

0 message(s) in output.
3 series table(s) in output.

Table series: Data for wavelength : 0.486133 µm.
   Y Angle (deg)       Tan Shift       Sag Shift     Real Height     Ref. Height      Distortion
  --------------  --------------  --------------  --------------  --------------  --------------
      0.00000000    -0.067969663    -0.067969663      0.00000000      0.00000000      0.00000000
      0.22974727    -0.067998967    -0.068028173      0.20690888      0.20690889 -7.1460240E-006
      0.45949454    -0.068077697    -0.068203639      0.41382321      0.41382444 -2.9573648E-004
      0.68924181    -0.068205779    -0.068495867      0.62074847      0.62075329 -7.7682438E-004
      0.91898908    -0.068383087    -0.068904538      0.82769011      0.82770211 -1.4505655E-003
       1.1487363    -0.068609447    -0.069429200       1.0346536       1.0346776 -2.3171778E-003
       1.3784836    -0.068884632    -0.070069276       1.2416444       1.2416863 -3.3769421E-003
       1.6082309    -0.069208370    -0.070824056       1.4486679       1.4487350 -4.6301858E-003
       1.8379782    -0.069580339    -0.071692704       1.6557297       1.6558303 -6.0773457E-003
       2.0677254    -0.070000168    -0.072674251       1.8628351       1.8629789 -7.7188750E-003
       2.2974727    -0.070467438    -0.073767599       2.0699897       2.0701875 -9.5553053E-003
       2.5272200    -0.070981683    -0.074971518       2.2771989       2.2774628    -0.011587231
       2.7569672    -0.071542390    -0.076284646       2.4844682       2.4848114    -0.013815311
       2.9867145    -0.072149000    -0.077705490       2.6918030       2.6922402    -0.016240267
       3.2164618    -0.072800908    -0.079232421       2.8992088       2.8997558    -0.018862884
       3.4462090    -0.073497464    -0.080863678       3.1066911       3.1073649    -0.021684013
       3.6759563    -0.074237976    -0.082597363       3.3142553       3.3150743    -0.024704567
       3.9057036    -0.075021707    -0.084431444       3.5219069       3.5228907    -0.027925526
       4.1354509    -0.075847879    -0.086363748       3.7296515       3.7308210    -0.031347933
       4.3651981    -0.076715672    -0.088391965       3.9374943       3.9388719    -0.034972900
       4.5949454    -0.077624229    -0.090513647       4.1454410       4.1470501    -0.038801600
       4.8246927    -0.078572650    -0.092726202       4.3534970       4.3553626    -0.042835277
       5.0544399    -0.079560002    -0.095026896       4.5616678       4.5638162    -0.047075238
       5.2841872    -0.080585315    -0.097412852       4.7699588       4.7724176    -0.051522859
       5.5139345    -0.081647582    -0.099881045       4.9783755       4.9811739    -0.056179585
       5.7436817    -0.082745768     -0.10242830       5.1869234       5.1900918    -0.061046926
       5.9734290    -0.083878802     -0.10505131       5.3956081       5.3991783    -0.066126462
       6.2031763    -0.085045587     -0.10774658       5.6044349       5.6084404    -0.071419844
       6.4329236    -0.086244998     -0.11051050       5.8134093       5.8178849    -0.076928789
       6.6626708    -0.087475883     -0.11333929       6.0225369       6.0275189    -0.082655088
       6.8924181    -0.088737068     -0.11622900       6.2318231       6.2373494    -0.088600600
       7.1221654    -0.090027358     -0.11917553       6.4412734       6.4473834    -0.094767258
       7.3519126    -0.091345538     -0.12217463       6.6508933       6.6576280     -0.10115707
       7.5816599    -0.092690377     -0.12522187       6.8606883       6.8680902     -0.10777210
       7.8114072    -0.094060629     -0.12831265       7.0706639       7.0787772     -0.11461451
       8.0411544    -0.095455042     -0.13144220       7.2808256       7.2896962     -0.12168652
       8.2709017    -0.096872349     -0.13460559       7.4911788       7.5008542     -0.12899043
       8.5006490    -0.098311282     -0.13779771       7.7017291       7.7122585     -0.13652861
       8.7303963    -0.099770568     -0.14101325       7.9124819       7.9239164     -0.14430352
       8.9601435     -0.10124894     -0.14424675       8.1234428       8.1358352     -0.15231769
       9.1898908     -0.10274513     -0.14749253       8.3346173       8.3480220     -0.16057371
       9.4196381     -0.10425788     -0.15074474       8.5460108       8.5604844     -0.16907427
       9.6493853     -0.10578594     -0.15399733       8.7576288       8.7732296     -0.17782214
       9.8791326     -0.10732810     -0.15724405       8.9694769       8.9862651     -0.18682016
       10.108880     -0.10888313     -0.16047846       9.1815605       9.1995983     -0.19607126
       10.338627     -0.11044985     -0.16369391       9.3938852       9.4132368     -0.20557843
       10.568374     -0.11202712     -0.16688352       9.6064564       9.6271881     -0.21534477
       10.798122     -0.11361381     -0.17004021       9.8192797       9.8414597     -0.22537346
       11.027869     -0.11520885     -0.17315669       10.032360       10.056059     -0.23566774
       11.257616     -0.11681119     -0.17622543       10.245704       10.270995     -0.24623096
       11.487363     -0.11841985     -0.17923866       10.459317       10.486273     -0.25706655
       11.717111     -0.12003391     -0.18218840       10.673203       10.701903     -0.26817802
       11.946858     -0.12165250     -0.18506640       10.887369       10.917892     -0.27956896
       12.176605     -0.12327483     -0.18786419       11.101820       11.134248     -0.29124307
       12.406353     -0.12490018     -0.19057303       11.316561       11.350978     -0.30320413
       12.636100     -0.12652790     -0.19318391       11.531599       11.568091     -0.31545601
       12.865847     -0.12815747     -0.19568758       11.746938       11.785595     -0.32800266
       13.095594     -0.12978843     -0.19807448       11.962583       12.003497     -0.34084813
       13.325342     -0.13142043     -0.20033480       12.178542       12.221807     -0.35399656
       13.555089     -0.13305327     -0.20245843       12.394818       12.440531     -0.36745220
       13.784836     -0.13468684     -0.20443494       12.611418       12.659679     -0.38121936
       14.014583     -0.13632117     -0.20625363       12.828346       12.879258     -0.39530247
       14.244331     -0.13795646     -0.20790346       13.045609       13.099278     -0.40970605
       14.474078     -0.13959302     -0.20937307       13.263212       13.319745     -0.42443471
       14.703825     -0.14123137     -0.21065077       13.481160       13.540670     -0.43949315
       14.933573     -0.14287219     -0.21172453       13.699458       13.762060     -0.45488618
       15.163320     -0.14451634     -0.21258195       13.918113       13.983924     -0.47061870
       15.393067     -0.14616490     -0.21321028       14.137130       14.206271     -0.48669571
       15.622814     -0.14781914     -0.21359639       14.356513       14.429109     -0.50312229
       15.852562     -0.14948060     -0.21372675       14.576269       14.652448     -0.51990365
       16.082309     -0.15115103     -0.21358743       14.796403       14.876296     -0.53704506
       16.312056     -0.15283245     -0.21316410       15.016921       15.100662     -0.55455192
       16.541803     -0.15452716     -0.21244198       15.237827       15.325555     -0.57242970
       16.771551     -0.15623776     -0.21140587       15.459127       15.550985     -0.59068398
       17.001298     -0.15796714     -0.21004009       15.680827       15.776960     -0.60932044
       17.231045     -0.15971853     -0.20832849       15.902932       16.003489     -0.62834485
       17.460793     -0.16149552     -0.20625443       16.125448       16.230583     -0.64776307
       17.690540     -0.16330206     -0.20380077       16.348379       16.458251     -0.66758106
       17.920287     -0.16514248     -0.20094982       16.571731       16.686501     -0.68780487
       18.150034     -0.16702156     -0.19768336       16.795510       16.915345     -0.70844064
       18.379782     -0.16894447     -0.19398260       17.019720       17.144791     -0.72949460
       18.609529     -0.17091688     -0.18982815       17.244368       17.374849     -0.75097307
       18.839276     -0.17294494     -0.18520001       17.469459       17.605529     -0.77288246
       19.069023     -0.17503530     -0.18007755       17.694997       17.836841     -0.79522924
       19.298771     -0.17719519     -0.17443946       17.920989       18.068795     -0.81802000
       19.528518     -0.17943238     -0.16826376       18.147439       18.301402     -0.84126136
       19.758265     -0.18175526     -0.16152775       18.374353       18.534671     -0.86496004
       19.988012     -0.18417288     -0.15420796       18.601737       18.768613     -0.88912284
       20.217760     -0.18669495     -0.14628016       18.829595       19.003239     -0.91375660
       20.447507     -0.18933188     -0.13771929       19.057933       19.238558     -0.93886822
       20.677254     -0.19209486     -0.12849946       19.286757       19.474582     -0.96446467
       20.907002     -0.19499586     -0.11859388       19.516071       19.711322     -0.99055297
       21.136749     -0.19804768     -0.10797481       19.745881       19.948788      -1.0171402
       21.366496     -0.20126401    -0.096613587       19.976192       20.186992      -1.0442333
       21.596243     -0.20465946    -0.084480481       20.207010       20.425944      -1.0718396
       21.825991     -0.20824961    -0.071544721       20.438340       20.665655      -1.0999660
       22.055738     -0.21205107    -0.057774410       20.670188       20.906138      -1.1286198
       22.285485     -0.21608155    -0.043136476       20.902558       21.147404      -1.1578080
       22.515232     -0.22035986    -0.027596612       21.135456       21.389464      -1.1875378
       22.744980     -0.22490605    -0.011119213       21.368888       21.632330      -1.2178163
       22.974727     -0.22974137  6.3326962E-003       21.602859       21.876014      -1.2486504

Table series: Data for wavelength : 0.587562 µm.
   Y Angle (deg)       Tan Shift       Sag Shift     Real Height     Ref. Height      Distortion
  --------------  --------------  --------------  --------------  --------------  --------------
      0.00000000 -9.5259790E-004 -9.5259790E-004      0.00000000      0.00000000      0.00000000
      0.22974727 -9.7808707E-004 -1.0127935E-003      0.20690771      0.20690791 -9.7036723E-005
      0.45949454 -1.0463736E-003 -1.1933170E-003      0.41382087      0.41382247 -3.8817632E-004
      0.68924181 -1.1573756E-003 -1.4939783E-003      0.62074492      0.62075034 -8.7351362E-004
      0.91898908 -1.3109571E-003 -1.9144603E-003      0.82768532      0.82769818 -1.5532056E-003
       1.1487363 -1.5069286E-003 -2.4543190E-003       1.0346475       1.0346726 -2.4274721E-003
       1.3784836 -1.7450467E-003 -3.1129830E-003       1.2416370       1.2416804 -3.4965960E-003
       1.6082309 -2.0250147E-003 -3.8897536E-003       1.4486591       1.4487281 -4.7609227E-003
       1.8379782 -2.3464834E-003 -4.7838037E-003       1.6557194       1.6558224 -6.2208621E-003
       2.0677254 -2.7090504E-003 -5.7941782E-003       1.8628233       1.8629700 -7.8768861E-003
       2.2974727 -3.1122610E-003 -6.9197927E-003       2.0699762       2.0701777 -9.7295309E-003
       2.5272200 -3.5556088E-003 -8.1594338E-003       2.2771837       2.2774520    -0.011779396
       2.7569672 -4.0385364E-003 -9.5117579E-003       2.4844511       2.4847996    -0.014027145
       2.9867145 -4.5604353E-003    -0.010975290       2.6917839       2.6922274    -0.016473505
       3.2164618 -5.1206474E-003    -0.012548424       2.8991876       2.8997420    -0.019119269
       3.4462090 -5.7184649E-003    -0.014229422       3.1066676       3.1073501    -0.021965293
       3.6759563 -6.3531320E-003    -0.016016412       3.3142293       3.3150585    -0.025012501
       3.9057036 -7.0238447E-003    -0.017907385       3.5218784       3.5228740    -0.028261878
       4.1354509 -7.7297527E-003    -0.019900202       3.7296201       3.7308033    -0.031714477
       4.3651981 -8.4699599E-003    -0.021992582       3.9374599       3.9388531    -0.035371419
       4.5949454 -9.2435252E-003    -0.024182109       4.1454034       4.1470304    -0.039233888
       4.8246927    -0.010049464    -0.026466227       4.3534559       4.3553419    -0.043303138
       5.0544399    -0.010886751    -0.028842240       4.5616230       4.5637945    -0.047580488
       5.2841872    -0.011754316    -0.031307308       4.7699101       4.7723950    -0.052067326
       5.5139345    -0.012651053    -0.033858449       4.9783227       4.9811502    -0.056765108
       5.7436817    -0.013575817    -0.036492534       5.1868662       5.1900672    -0.061675359
       5.9734290    -0.014527425    -0.039206290       5.3955461       5.3991527    -0.066799673
       6.2031763    -0.015504659    -0.041996290       5.6043679       5.6084137    -0.072139716
       6.4329236    -0.016506270    -0.044858961       5.8133370       5.8178573    -0.077697222
       6.6626708    -0.017530975    -0.047790573       6.0224589       6.0274903    -0.083473996
       6.8924181    -0.018577462    -0.050787243       6.2317391       6.2373198    -0.089471917
       7.1221654    -0.019644394    -0.053844930       6.4411831       6.4473528    -0.095692935
       7.3519126    -0.020730405    -0.056959434       6.6507963       6.6575964     -0.10213907
       7.5816599    -0.021834109    -0.060126391       6.8605843       6.8680576     -0.10881243
       7.8114072    -0.022954098    -0.063341272       7.0705524       7.0787436     -0.11571517
       8.0411544    -0.024088945    -0.066599384       7.2807062       7.2896615     -0.12284955
       8.2709017    -0.025237210    -0.069895859       7.4910511       7.5008185     -0.13021789
       8.5006490    -0.026397438    -0.073225658       7.7015927       7.7122219     -0.13782258
       8.7303963    -0.027568166    -0.076583566       7.9123364       7.9238788     -0.14566610
       8.9601435    -0.028747924    -0.079964187       8.1232876       8.1357965     -0.15375102
       9.1898908    -0.029935236    -0.083361942       8.3344519       8.3479823     -0.16207995
       9.4196381    -0.031128631    -0.086771068       8.5458348       8.5604437     -0.17065562
       9.6493853    -0.032326637    -0.090185607       8.7574417       8.7731879     -0.17948082
       9.8791326    -0.033527793    -0.093599412       8.9692781       8.9862224     -0.18855843
       10.108880    -0.034730646    -0.097006135       9.1813495       9.1995546     -0.19789139
       10.338627    -0.035933760     -0.10039923       9.3936613       9.4131920     -0.20748277
       10.568374    -0.037135719     -0.10377193       9.6062191       9.6271423     -0.21733567
       10.798122    -0.038335131     -0.10711728       9.8190283       9.8414129     -0.22745332
       11.027869    -0.039530632     -0.11042810       10.032094       10.056012     -0.23783901
       11.257616    -0.040720895     -0.11369698       10.245423       10.270946     -0.24849611
       11.487363    -0.041904631     -0.11691629       10.459019       10.486223     -0.25942811
       11.717111    -0.043080592     -0.12007818       10.672889       10.701852     -0.27063857
       11.946858    -0.044247586     -0.12317455       10.887037       10.917840     -0.28213113
       12.176605    -0.045404476     -0.12619705       11.101470       11.134195     -0.29390953
       12.406353    -0.046550187     -0.12913712       11.316193       11.350924     -0.30597761
       12.636100    -0.047683716     -0.13198589       11.531210       11.568036     -0.31833929
       12.865847    -0.048804135     -0.13473429       11.746529       11.785539     -0.33099859
       13.095594    -0.049910602     -0.13737292       11.962153       12.003440     -0.34395962
       13.325342    -0.051002362     -0.13989216       12.178089       12.221748     -0.35722658
       13.555089    -0.052078768     -0.14228207       12.394342       12.440472     -0.37080378
       13.784836    -0.053139276     -0.14453244       12.610918       12.659619     -0.38469563
       14.014583    -0.054183460     -0.14663275       12.827821       12.879197     -0.39890660
       14.244331    -0.055211020     -0.14857219       13.045058       13.099215     -0.41344132
       14.474078    -0.056221796     -0.15033961       13.262633       13.319682     -0.42830445
       14.703825    -0.057215770     -0.15192355       13.480553       13.540606     -0.44350081
       14.933573    -0.058193084     -0.15331223       13.698822       13.761995     -0.45903529
       15.163320    -0.059154050     -0.15449349       13.917447       13.983858     -0.47491287
       15.393067    -0.060099158     -0.15545486       14.136431       14.206204     -0.49113867
       15.622814    -0.061029092     -0.15618346       14.355782       14.429041     -0.50771788
       15.852562    -0.061944743     -0.15666606       14.575504       14.652378     -0.52465580
       16.082309    -0.062847220     -0.15688903       14.795602       14.876225     -0.54195785
       16.312056    -0.063737868     -0.15683836       15.016083       15.100590     -0.55962952
       16.541803    -0.064618279     -0.15649959       15.236951       15.325482     -0.57767643
       16.771551    -0.065490312     -0.15585786       15.458211       15.550911     -0.59610431
       17.001298    -0.066356105     -0.15489785       15.679870       15.776885     -0.61491896
       17.231045    -0.067218098     -0.15360379       15.901931       16.003413     -0.63412632
       17.460793    -0.068079044     -0.15195944       16.124402       16.230506     -0.65373240
       17.690540    -0.068942036     -0.14994806       16.347287       16.458173     -0.67374335
       17.920287    -0.069810521     -0.14755240       16.570591       16.686422     -0.69416538
       18.150034    -0.070688327     -0.14475470       16.794319       16.915264     -0.71500484
       18.379782    -0.071579672     -0.14153663       17.018478       17.144709     -0.73626816
       18.609529    -0.072489206     -0.13787932       17.243072       17.374766     -0.75796186
       18.839276    -0.073422023     -0.13376329       17.468106       17.605445     -0.78009259
       19.069023    -0.074383689     -0.12916846       17.693586       17.836756     -0.80266706
       19.298771    -0.075380269     -0.12407411       17.919517       18.068709     -0.82569209
       19.528518    -0.076418355     -0.11845887       18.145905       18.301315     -0.84917460
       19.758265    -0.077505098     -0.11230068       18.372753       18.534583     -0.87312159
       19.988012    -0.078648234     -0.10557676       18.600069       18.768524     -0.89754015
       20.217760    -0.079856120    -0.098263594       18.827856       19.003148     -0.92243745
       20.447507    -0.081137770    -0.090336892       19.056121       19.238467     -0.94782073
       20.677254    -0.082502884    -0.081771552       19.284867       19.474490     -0.97369732
       20.907002    -0.083961893    -0.072541627       19.514101       19.711228      -1.0000746
       21.136749    -0.085525991    -0.062620298       19.743828       19.948693      -1.0269601
       21.366496    -0.087207184    -0.051979822       19.974053       20.186896      -1.0543612
       21.596243    -0.089018327    -0.040591493       20.204781       20.425847      -1.0822856
       21.825991    -0.090973172    -0.028425600       20.436016       20.665557      -1.1107409
       22.055738    -0.093086416    -0.015451380       20.667766       20.906039      -1.1397347
       22.285485    -0.095373748 -1.6369627E-003       20.900033       21.147303      -1.1692748
       22.515232    -0.097851904     0.013050679       21.132825       21.389362      -1.1993687
       22.744980     -0.10053872     0.028645789       21.366145       21.632227      -1.2300243
       22.974727     -0.10345318     0.045183889       21.600000       21.875910      -1.2612492

Table series: Data for wavelength : 0.656273 µm.
   Y Angle (deg)       Tan Shift       Sag Shift     Real Height     Ref. Height      Distortion
  --------------  --------------  --------------  --------------  --------------  --------------
      0.00000000     0.061336972     0.061336972      0.00000000      0.00000000      0.00000000
      0.22974727     0.061312764     0.061275984      0.20690474      0.20690479 -2.6632224E-005
      0.45949454     0.061247877     0.061093081      0.41381492      0.41381624 -3.1870489E-004
      0.68924181     0.061142394     0.060788454      0.62073599      0.62074100 -8.0559754E-004
      0.91898908     0.060996457     0.060362417      0.82767340      0.82768572 -1.4874675E-003
       1.1487363     0.060810258     0.059815412       1.0346326       1.0346571 -2.3645352E-003
       1.3784836     0.060584049     0.059148007       1.2416190       1.2416617 -3.4370841E-003
       1.6082309     0.060318132     0.058360899       1.4486381       1.4487063 -4.7054743E-003
       1.8379782     0.060012868     0.057454909       1.6556953       1.6557975 -6.1700889E-003
       2.0677254     0.059668669     0.056430988       1.8627961       1.8629420 -7.8314149E-003
       2.2974727     0.059286001     0.055290214       2.0699459       2.0701465 -9.6899896E-003
       2.5272200     0.058865385     0.054033794       2.2771501       2.2774177    -0.011746414
       2.7569672     0.058407394     0.052663066       2.4844143       2.4847622    -0.014001353
       2.9867145     0.057912653     0.051179496       2.6917438       2.6921869    -0.016455537
       3.2164618     0.057381838     0.049584682       2.8991442       2.8996983    -0.019109759
       3.4462090     0.056815676     0.047880354       3.1066208       3.1073033    -0.021964878
       3.6759563     0.056214945     0.046068372       3.3141791       3.3150086    -0.025021819
       3.9057036     0.055580472     0.044150735       3.5218246       3.5228209    -0.028281571
       4.1354509     0.054913131     0.042129572       3.7295627       3.7307471    -0.031745190
       4.3651981     0.054213846     0.040007149       3.9373989       3.9387938    -0.035413798
       4.5949454     0.053483584     0.037785872       4.1453387       4.1469680    -0.039288584
       4.8246927     0.052723360     0.035468281       4.3533874       4.3552763    -0.043370803
       5.0544399     0.051934233     0.033057059       4.5615506       4.5637258    -0.047661779
       5.2841872     0.051117301     0.030555029       4.7698337       4.7723231    -0.052162903
       5.5139345     0.050273710     0.027965158       4.9782422       4.9810752    -0.056875635
       5.7436817     0.049404640     0.025290557       5.1867815       5.1899890    -0.061801504
       5.9734290     0.048511312     0.022534482       5.3954571       5.3990714    -0.066942110
       6.2031763     0.047594985     0.019700339       5.6042745       5.6083293    -0.072299120
       6.4329236     0.046656952     0.016791683       5.8132391       5.8177697    -0.077874275
       6.6626708     0.045698540     0.013812222       6.0223564       6.0273995    -0.083669386
       6.8924181     0.044721106     0.010765816       6.2316319       6.2372258    -0.089686335
       7.1221654     0.043726038  7.6564848E-003       6.4410710       6.4472557    -0.095927079
       7.3519126     0.042714753  4.4884037E-003       6.6506792       6.6574961     -0.10239365
       7.5816599     0.041688690  1.2659110E-003       6.8604620       6.8679541     -0.10908814
       7.8114072     0.040649313 -2.0064919E-003       7.0704249       7.0786370     -0.11601274
       8.0411544     0.039598106 -5.3241370E-003       7.2805732       7.2895517     -0.12316970
       8.2709017     0.038536572 -8.6821872E-003       7.4909126       7.5007056     -0.13056134
       8.5006490     0.037466227    -0.012075633       7.7014484       7.7121057     -0.13819008
       8.7303963     0.036388601    -0.015499291       7.9121861       7.9237594     -0.14605840
       8.9601435     0.035305233    -0.018947797       8.1231313       8.1356740     -0.15416886
       9.1898908     0.034217668    -0.022415609       8.3342893       8.3478566     -0.16252411
       9.4196381     0.033127455    -0.025896995       8.5456658       8.5603148     -0.17112687
       9.6493853     0.032036139    -0.029386040       8.7572660       8.7730557     -0.17997993
       9.8791326     0.030945266    -0.032876631       8.9690956       8.9860870     -0.18908619
       10.108880     0.029856370    -0.036362463       9.1811599       9.1994160     -0.19844863
       10.338627     0.028770975    -0.039837028       9.3934645       9.4130503     -0.20807028
       10.568374     0.027690586    -0.043293614       9.6060149       9.6269973     -0.21795428
       10.798122     0.026616689    -0.046725302       9.8188164       9.8412647     -0.22810387
       11.027869     0.025550745    -0.050124956       10.031875       10.055860     -0.23852235
       11.257616     0.024494185    -0.053485223       10.245195       10.270791     -0.24921311
       11.487363     0.023448404    -0.056798527       10.458783       10.486066     -0.26017965
       11.717111     0.022414755    -0.060057062       10.672644       10.701691     -0.27142554
       11.946858     0.021394546    -0.063252790       10.886784       10.917676     -0.28295444
       12.176605     0.020389034    -0.066377431       11.101207       11.134027     -0.29477011
       12.406353     0.019399411    -0.069422460       11.315920       11.350753     -0.30687641
       12.636100     0.018426814    -0.072379100       11.530928       11.567862     -0.31927727
       12.865847     0.017472302    -0.075238317       11.746236       11.785361     -0.33197672
       13.095594     0.016536856    -0.077990810       11.961851       12.003259     -0.34497891
       13.325342     0.015621370    -0.080627007       12.177776       12.221564     -0.35828807
       13.555089     0.014726645    -0.083137057       12.394018       12.440285     -0.37190850
       13.784836     0.013853377    -0.085510822       12.610582       12.659428     -0.38584465
       14.014583     0.013002156    -0.087737869       12.827474       12.879003     -0.40010103
       14.244331     0.012173443    -0.089807462       13.044699       13.099018     -0.41468227
       14.474078     0.011367578    -0.091708553       13.262262       13.319481     -0.42959308
       14.703825     0.010584756    -0.093429775       13.480169       13.540402     -0.44483829
       14.933573  9.8250240E-003    -0.094959430       13.698425       13.761787     -0.46042283
       15.163320  9.0882670E-003    -0.096285480       13.917036       13.983647     -0.47635172
       15.393067  8.3741974E-003    -0.097395536       14.136007       14.205990     -0.49263010
       15.622814  7.6823427E-003    -0.098276850       14.355343       14.428824     -0.50926321
       15.852562  7.0120331E-003    -0.098916300       14.575050       14.652158     -0.52625638
       16.082309  6.3623881E-003    -0.099300383       14.795133       14.876001     -0.54361506
       16.312056  5.7323024E-003    -0.099415197       15.015598       15.100363     -0.56134481
       16.541803  5.1204316E-003    -0.099246433       15.236449       15.325251     -0.57945128
       16.771551  4.5251764E-003    -0.098779358       15.457693       15.550676     -0.59794023
       17.001298  3.9446672E-003    -0.097998805       15.679334       15.776647     -0.61681755
       17.231045  3.3767466E-003    -0.096889152       15.901378       16.003172     -0.63608919
       17.460793  2.8189523E-003    -0.095434315       16.123830       16.230262     -0.65576126
       17.690540  2.2684979E-003    -0.093617722       16.346696       16.457925     -0.67583993
       17.920287  1.7222538E-003    -0.091422304       16.569980       16.686171     -0.69633150
       18.150034  1.1767267E-003    -0.088830475       16.793688       16.915010     -0.71724237
       18.379782  6.2803684E-004    -0.085824106       17.017826       17.144451     -0.73857904
       18.609529  7.1901344E-005    -0.082384520       17.242398       17.374504     -0.76034813
       18.839276 -4.9639894E-004    -0.078492457       17.467409       17.605180     -0.78255634
       19.069023 -1.0820369E-003    -0.074128059       17.692866       17.836487     -0.80521048
       19.298771 -1.6906682E-003    -0.069270843       17.918773       18.068437     -0.82831746
       19.528518 -2.3284568E-003    -0.063899683       18.145135       18.301039     -0.85188429
       19.758265 -3.0021054E-003    -0.057992777       18.371958       18.534304     -0.87591807
       19.988012 -3.7188839E-003    -0.051527625       18.599247       18.768241     -0.90042600
       20.217760 -4.4866615E-003    -0.044480999       18.827007       19.002862     -0.92541537
       20.447507 -5.3139404E-003    -0.036828911       19.055242       19.238177     -0.95089353
       20.677254 -6.2098890E-003    -0.028546583       19.283959       19.474197     -0.97686795
       20.907002 -7.1843800E-003    -0.019608410       19.513163       19.710932      -1.0033462
       21.136749 -8.2480251E-003 -9.9879321E-003       19.742857       19.948393      -1.0303358
       21.366496 -9.4122198E-003  3.4221401E-004       19.973049       20.186592      -1.0578444
       21.596243    -0.010689182     0.011410330       20.203742       20.425539      -1.0858799
       21.825991    -0.012091995     0.023245698       20.434942       20.665246      -1.1144500
       22.055738    -0.013634657     0.035878630       20.666654       20.905724      -1.1435625
       22.285485    -0.015332127     0.049340514       20.898883       21.146985      -1.1732254
       22.515232    -0.017200375     0.063663866       21.131634       21.389040      -1.2034465
       22.744980    -0.019256433     0.078882386       21.364913       21.631901      -1.2342338
       22.974727    -0.021518454     0.095031017       21.598724       21.875580      -1.2655953
