Results for:	
File:	C:\Users\User\OneDrive - Massachusetts Institute of Technology\Documents\MIT\Grad School\Classes\2.156\Lens Project\Prime Lenses\JP2019-023693_Example01P.zmx
Title:	JP 2019-023693 Example 1 (Olympus M.Zuiko ED 45mm F1.2 Pro)
Date:	11/7/2025 5:32:38 PM

0 message(s) in output.
3 series table(s) in output.

Table series: Data for wavelength : 0.486133 µm.
   Y Angle (deg)       Tan Shift       Sag Shift     Real Height     Ref. Height      Distortion
  --------------  --------------  --------------  --------------  --------------  --------------
      0.00000000 -7.9598504E-003 -7.9598504E-003      0.00000000      0.00000000      0.00000000
      0.13782820 -7.9470733E-003 -7.9625677E-003      0.10607296      0.10607295  4.2775313E-006
      0.27565639 -7.9101765E-003 -7.9707152E-003      0.21214702      0.21214713 -5.1309204E-005
      0.41348459 -7.8491865E-003 -7.9842802E-003      0.31822331      0.31822377 -1.4386260E-004
      0.55131279 -7.7641467E-003 -8.0032416E-003      0.42430293      0.42430409 -2.7324591E-004
      0.68914098 -7.6551170E-003 -8.0275696E-003      0.53038699      0.53038932 -4.3926771E-004
      0.82696918 -7.5221743E-003 -8.0572262E-003      0.63647660      0.63648069 -6.4168187E-004
      0.96479738 -7.3654121E-003 -8.0921646E-003      0.74257289      0.74257943 -8.8018760E-004
       1.1026256 -7.1849415E-003 -8.1323297E-003      0.84867696      0.84868676 -1.1544294E-003
       1.2404538 -6.9808905E-003 -8.1776579E-003      0.95478994      0.95480392 -1.4639972E-003
       1.3782820 -6.7534047E-003 -8.2280769E-003       1.0609129       1.0609321 -1.8084262E-003
       1.5161102 -6.5026475E-003 -8.2835062E-003       1.1670471       1.1670726 -2.1871971E-003
       1.6539384 -6.2288004E-003 -8.3438565E-003       1.2731936       1.2732267 -2.5997338E-003
       1.7917666 -5.9320629E-003 -8.4090300E-003       1.3793534       1.3793954 -3.0454120E-003
       1.9295948 -5.6126535E-003 -8.4789205E-003       1.4855278       1.4855802 -3.5235464E-003
       2.0674230 -5.2708096E-003 -8.5534130E-003       1.5917179       1.5917821 -4.0333996E-003
       2.2052512 -4.9067882E-003 -8.6323842E-003       1.6979249       1.6980025 -4.5741796E-003
       2.3430793 -4.5208662E-003 -8.7157019E-003       1.8041498       1.8042426 -5.1450401E-003
       2.4809075 -4.1133409E-003 -8.8032256E-003       1.9103939       1.9105036 -5.7450805E-003
       2.6187357 -3.6845308E-003 -8.8948059E-003       2.0166582       2.0167868 -6.3733459E-003
       2.7565639 -3.2347757E-003 -8.9902849E-003       2.1229441       2.1230933 -7.0288275E-003
       2.8943921 -2.7644380E-003 -9.0894962E-003       2.2292526       2.2294245 -7.7104625E-003
       3.0322203 -2.2739027E-003 -9.1922646E-003       2.3355849       2.3357815 -8.4171341E-003
       3.1700485 -1.7635787E-003 -9.2984062E-003       2.4419423       2.4421657 -9.1476719E-003
       3.3078767 -1.2338995E-003 -9.4077285E-003       2.5483258       2.5485782 -9.9008520E-003
       3.4457049 -6.8532379E-004 -9.5200302E-003       2.6547368       2.6550203    -0.010675397
       3.5835331 -1.1833678E-004 -9.6351016E-003       2.7611765       2.7614932    -0.011469978
       3.7213613  4.6654908E-004 -9.7527239E-003       2.8676459       2.8679982    -0.012283210
       3.8591895  1.0687928E-003 -9.8726701E-003       2.9741465       2.9745366    -0.013113659
       3.9970177  1.6878238E-003 -9.9947040E-003       3.0806794       3.0811095    -0.013959837
       4.1348459  2.3230405E-003    -0.010118581       3.1872459       3.1877183    -0.014820204
       4.2726741  2.9738091E-003    -0.010244048       3.2938471       3.2943641    -0.015693170
       4.4105023  3.6394622E-003    -0.010370842       3.4004845       3.4010483    -0.016577093
       4.5483305  4.3192969E-003    -0.010498694       3.5071593       3.5077721    -0.017470282
       4.6861587  5.0125735E-003    -0.010627324       3.6138727       3.6145368    -0.018370994
       4.8239869  5.7185133E-003    -0.010756443       3.7206261       3.7213435    -0.019277439
       4.9618151  6.4362969E-003    -0.010885756       3.8274208       3.8281937    -0.020187778
       5.0996433  7.1650622E-003    -0.011014958       3.9342581       3.9350884    -0.021100125
       5.2374715  7.9039019E-003    -0.011143735       4.0411394       4.0420291    -0.022012546
       5.3752997  8.6518610E-003    -0.011271764       4.1480659       4.1490170    -0.022923062
       5.5131279  9.4079348E-003    -0.011398717       4.2550390       4.2560533    -0.023829651
       5.6509561     0.010171065    -0.011524255       4.3620602       4.3631393    -0.024730245
       5.7887843     0.010940138    -0.011648030       4.4691309       4.4702763    -0.025622736
       5.9266125     0.011713982    -0.011769689       4.5762523       4.5774655    -0.026504974
       6.0644407     0.012491359    -0.011888869       4.6834259       4.6847083    -0.027374773
       6.2022689     0.013270968    -0.012005199       4.7906532       4.7920060    -0.028229905
       6.3400971     0.014051437    -0.012118302       4.8979356       4.8993598    -0.029068111
       6.4779253     0.014831318    -0.012227792       5.0052745       5.0067709    -0.029887098
       6.6157535     0.015609084    -0.012333277       5.1126715       5.1142408    -0.030684539
       6.7535816     0.016383124    -0.012434357       5.2201280       5.2217706    -0.031458084
       6.8914098     0.017151736    -0.012530626       5.3276454       5.3293618    -0.032205354
       7.0292380     0.017913123    -0.012621671       5.4352254       5.4370155    -0.032923947
       7.1670662     0.018665384    -0.012707074       5.5428694       5.5447330    -0.033611444
       7.3048944     0.019406510    -0.012786410       5.6505790       5.6525158    -0.034265409
       7.4427226     0.020134376    -0.012859250       5.7583557       5.7603651    -0.034883395
       7.5805508     0.020846731    -0.012925158       5.8662011       5.8682822    -0.035462948
       7.7183790     0.021541190    -0.012983696       5.9741168       5.9762683    -0.036001610
       7.8562072     0.022215229    -0.013034420       6.0821044       6.0843250    -0.036496927
       7.9940354     0.022866165    -0.013076886       6.1901655       6.1924534    -0.036946452
       8.1318636     0.023491156    -0.013110645       6.2983017       6.3006548    -0.037347751
       8.2696918     0.024087182    -0.013135246       6.4065146       6.4089307    -0.037698414
       8.4075200     0.024651033    -0.013150238       6.5148060       6.5172823    -0.037996055
       8.5453482     0.025179299    -0.013155171       6.6231774       6.6257110    -0.038238327
       8.6831764     0.025668348    -0.013149593       6.7316306       6.7342181    -0.038422924
       8.8210046     0.026114316    -0.013133058       6.8401672       6.8428050    -0.038547597
       8.9588328     0.026513084    -0.013105120       6.9487890       6.9514729    -0.038610158
       9.0966610     0.026860263    -0.013065340       7.0574975       7.0602233    -0.038608495
       9.2344892     0.027151167    -0.013013284       7.1662946       7.1690576    -0.038540582
       9.3723174     0.027380796    -0.012948525       7.2751819       7.2779769    -0.038404493
       9.5101456     0.027543805    -0.012870649       7.3841611       7.3869829    -0.038198417
       9.6479738     0.027634483    -0.012779250       7.4932341       7.4960767    -0.037920671
       9.7858020     0.027646717    -0.012673937       7.6024025       7.6052597    -0.037569719
       9.9236302     0.027573960    -0.012554336       7.7116679       7.7145334    -0.037144192
       10.061458     0.027409201    -0.012420091       7.8210322       7.8238991    -0.036642903
       10.199287     0.027144918    -0.012270868       7.9304971       7.9333583    -0.036064874
       10.337115     0.026773044    -0.012106359       8.0400642       8.0429122    -0.035409358
       10.474943     0.026284913    -0.011926283       8.1497353       8.1525623    -0.034675864
       10.612771     0.025671211    -0.011730391       8.2595120       8.2623099    -0.033864189
       10.750599     0.024921925    -0.011518473       8.3693959       8.3721566    -0.032974445
       10.888428     0.024026276    -0.011290357       8.4793887       8.4821036    -0.032007096
       11.026256     0.022972656    -0.011045922       8.5894921       8.5921524    -0.030962994
       11.164084     0.021748551    -0.010785094       8.6997074       8.7023045    -0.029843419
       11.301912     0.020340465    -0.010507861       8.8100364       8.8125612    -0.028650126
       11.439740     0.018733829    -0.010214276       8.9204804       8.9229239    -0.027385392
       11.577569     0.016912903 -9.9044637E-003       9.0310408       9.0333942    -0.026052068
       11.715397     0.014860672 -9.5786309E-003       9.1417191       9.1439734    -0.024653641
       11.853225     0.012558727 -9.2370751E-003       9.2525164       9.2546629    -0.023194296
       11.991053  9.9871340E-003 -8.8801948E-003       9.3634340       9.3654643    -0.021678987
       12.128881  7.1242953E-003 -8.5085006E-003       9.4744730       9.4763790    -0.020113513
       12.266710  3.9467893E-003 -8.1226279E-003       9.5856343       9.5874084    -0.018504604
       12.404538  4.2919879E-004 -7.7233507E-003       9.6969189       9.6985540    -0.016860016
       12.542366 -3.4560812E-003 -7.3115970E-003       9.8083274       9.8098173    -0.015188631
       12.680194 -7.7390544E-003 -6.8884655E-003       9.9198604       9.9211998    -0.013500570
       12.818022    -0.012452357 -6.4552446E-003       10.031518       10.032703    -0.011807321
       12.955851    -0.017631515 -6.0134331E-003       10.143301       10.144328    -0.010121873
       13.093679    -0.023315233 -5.5647637E-003       10.255209       10.256077 -8.4588694E-003
       13.231507    -0.029545708 -5.1112279E-003       10.367242       10.367951 -6.8347755E-003
       13.369335    -0.036368982 -4.6551054E-003       10.479399       10.479951 -5.2680641E-003
       13.507163    -0.043835329 -4.1989953E-003       10.591680       10.592080 -3.7794204E-003
       13.644991    -0.051999691 -3.7458514E-003       10.704082       10.704338 -2.3919699E-003
       13.782820    -0.060922154 -3.2990222E-003       10.816606       10.816728 -1.1315309E-003

Table series: Data for wavelength : 0.587562 µm.
   Y Angle (deg)       Tan Shift       Sag Shift     Real Height     Ref. Height      Distortion
  --------------  --------------  --------------  --------------  --------------  --------------
      0.00000000  5.0607284E-004  5.0607284E-004      0.00000000      0.00000000      0.00000000
      0.13782820  5.1988595E-004  5.0206361E-004      0.10609808      0.10609810 -2.0449998E-005
      0.27565639  5.5898541E-004  4.9004043E-004      0.21219726      0.21219744 -8.1771452E-005
      0.41348459  6.2335168E-004  4.7001690E-004      0.31829864      0.31829923 -1.8387885E-004
      0.55131279  7.1295329E-004  4.4201563E-004      0.42440331      0.42440470 -3.2662963E-004
      0.68914098  8.2774680E-004  4.0606832E-004      0.53051238      0.53051508 -5.0982421E-004
      0.82696918  9.6767669E-004  3.6221571E-004      0.63662694      0.63663161 -7.3320595E-004
      0.96479738  1.1326753E-003  3.1050761E-004      0.74274810      0.74275550 -9.9646114E-004
       1.1026256  1.3226628E-003  2.5100298E-004      0.84887697      0.84888800 -1.2992190E-003
       1.2404538  1.5375469E-003  1.8376977E-004      0.95501465      0.95503032 -1.6410515E-003
       1.3782820  1.7772228E-003  1.0888516E-004       1.0611622       1.0611837 -2.0214738E-003
       1.5161102  2.0415730E-003  2.6435438E-005       1.1673209       1.1673494 -2.4399434E-003
       1.6539384  2.3304670E-003 -6.3483859E-005       1.2734917       1.2735286 -2.8958618E-003
       1.7917666  2.6437615E-003 -1.6076839E-004       1.3796757       1.3797225 -3.3885707E-003
       1.9295948  2.9812996E-003 -2.6530422E-004       1.4858742       1.4859324 -3.9173569E-003
       2.0674230  3.3429107E-003 -3.7696829E-004       1.5920882       1.5921596 -4.4814491E-003
       2.2052512  3.7284104E-003 -4.9562830E-004       1.6983189       1.6984052 -5.0800186E-003
       2.3430793  4.1375999E-003 -6.2114268E-004       1.8045673       1.8046704 -5.7121794E-003
       2.4809075  4.5702659E-003 -7.5336051E-004       1.9108348       1.9109566 -6.3769880E-003
       2.6187357  5.0261801E-003 -8.9212153E-004       2.0171223       2.0172650 -7.0734436E-003
       2.7565639  5.5050986E-003 -1.0372561E-003       2.1234311       2.1235967 -7.8004879E-003
       2.8943921  6.0067617E-003 -1.1885852E-003       2.2297623       2.2299531 -8.5570051E-003
       3.0322203  6.5308933E-003 -1.3459202E-003       2.3361171       2.3363354 -9.3418219E-003
       3.1700485  7.0772002E-003 -1.5090633E-003       2.4424967       2.4427448    -0.010153708
       3.3078767  7.6453718E-003 -1.6778067E-003       2.5489023       2.5491825    -0.010991374
       3.4457049  8.2350791E-003 -1.8519334E-003       2.6553350       2.6556498    -0.011853476
       3.5835331  8.8459745E-003 -2.0312168E-003       2.7617961       2.7621480    -0.012738610
       3.7213613  9.4776906E-003 -2.2154203E-003       2.8682868       2.8686783    -0.013645317
       3.8591895     0.010129840 -2.4042981E-003       2.9748083       2.9752419    -0.014572078
       3.9970177     0.010802012 -2.5975942E-003       3.0813619       3.0818401    -0.015517320
       4.1348459     0.011493778 -2.7950432E-003       3.1879487       3.1884742    -0.016479412
       4.2726741     0.012204681 -2.9963697E-003       3.2945701       3.2951453    -0.017456664
       4.4105023     0.012934243 -3.2012885E-003       3.4012272       3.4018548    -0.018447333
       4.5483305     0.013681961 -3.4095047E-003       3.5079215       3.5086039    -0.019449617
       4.6861587     0.014447302 -3.6207133E-003       3.6146541       3.6153938    -0.020461660
       4.8239869     0.015229708 -3.8345994E-003       3.7214263       3.7222259    -0.021481548
       4.9618151     0.016028590 -4.0508382E-003       3.8282396       3.8291014    -0.022507315
       5.0996433     0.016843328 -4.2690950E-003       3.9350951       3.9360215    -0.023536937
       5.2374715     0.017673270 -4.4890250E-003       4.0419942       4.0429875    -0.024568336
       5.3752997     0.018517729 -4.7102735E-003       4.1489384       4.1500008    -0.025599382
       5.5131279     0.019375981 -4.9324756E-003       4.2559289       4.2570624    -0.026627892
       5.6509561     0.020247263 -5.1552567E-003       4.3629671       4.3641738    -0.027651627
       5.7887843     0.021130772 -5.3782319E-003       4.4700544       4.4713362    -0.028668300
       5.9266125     0.022025662 -5.6010067E-003       4.5771922       4.5785509    -0.029675572
       6.0644407     0.022931039 -5.8231763E-003       4.6843820       4.6858192    -0.030671054
       6.2022689     0.023845961 -6.0443261E-003       4.7916251       4.7931423    -0.031652309
       6.3400971     0.024769434 -6.2640318E-003       4.8989231       4.9005215    -0.032616853
       6.4779253     0.025700409 -6.4818592E-003       5.0062773       5.0079581    -0.033562156
       6.6157535     0.026637777 -6.6973643E-003       5.1136894       5.1154535    -0.034485642
       6.7535816     0.027580366 -6.9100938E-003       5.2211607       5.2230088    -0.035384694
       6.8914098     0.028526939 -7.1195846E-003       5.3286927       5.3306254    -0.036256655
       7.0292380     0.029476184 -7.3253643E-003       5.4362871       5.4383047    -0.037098827
       7.1670662     0.030426714 -7.5269516E-003       5.5439454       5.5460478    -0.037908479
       7.3048944     0.031377059 -7.7238559E-003       5.6516691       5.6538561    -0.038682842
       7.4427226     0.032325664 -7.9155780E-003       5.7594597       5.7617310    -0.039419120
       7.5805508     0.033270875 -8.1016100E-003       5.8673190       5.8696736    -0.040114488
       7.7183790     0.034210942 -8.2814360E-003       5.9752486       5.9776854    -0.040766094
       7.8562072     0.035144003 -8.4545320E-003       6.0832499       6.0857677    -0.041371070
       7.9940354     0.036068081 -8.6203665E-003       6.1913248       6.1939217    -0.041926526
       8.1318636     0.036981074 -8.7784009E-003       6.2994748       6.3021488    -0.042429564
       8.2696918     0.037880746 -8.9280900E-003       6.4077017       6.4104504    -0.042877276
       8.4075200     0.038764715 -9.0688823E-003       6.5160072       6.5188277    -0.043266754
       8.5453482     0.039630443 -9.2002209E-003       6.6243929       6.6272821    -0.043595092
       8.6831764     0.040475227 -9.3215438E-003       6.7328606       6.7358149    -0.043859395
       8.8210046     0.041296179 -9.4322851E-003       6.8414121       6.8444275    -0.044056786
       8.9588328     0.042090217 -9.5318753E-003       6.9500491       6.9531213    -0.044184412
       9.0966610     0.042854050 -9.6197427E-003       7.0587733       7.0618975    -0.044239454
       9.2344892     0.043584156 -9.6953139E-003       7.1675866       7.1707575    -0.044219133
       9.3723174     0.044276767 -9.7580155E-003       7.2764908       7.2797027    -0.044120727
       9.5101456     0.044927851 -9.8072748E-003       7.3854877       7.3887344    -0.043941572
       9.6479738     0.045533084 -9.8425216E-003       7.4945791       7.4978541    -0.043679084
       9.7858020     0.046087831 -9.8631894E-003       7.6037669       7.6070631    -0.043330764
       9.9236302     0.046587118 -9.8687174E-003       7.7130528       7.7163627    -0.042894216
       10.061458     0.047025603 -9.8585522E-003       7.8224388       7.8257543    -0.042367165
       10.199287     0.047397545 -9.8321501E-003       7.9319266       7.9352394    -0.041747468
       10.337115     0.047696772 -9.7889789E-003       8.0415183       8.0448193    -0.041033136
       10.474943     0.047916638 -9.7285211E-003       8.1512154       8.1544954    -0.040222355
       10.612771     0.048049987 -9.6502763E-003       8.2610201       8.2642691    -0.039313508
       10.750599     0.048089107 -9.5537644E-003       8.3709340       8.3741418    -0.038305196
       10.888428     0.048025680 -9.4385292E-003       8.4809591       8.4841149    -0.037196270
       11.026256     0.047850727 -9.3041419E-003       8.5910971       8.5941898    -0.035985856
       11.164084     0.047554549 -9.1502057E-003       8.7013499       8.7043680    -0.034673388
       11.301912     0.047126666 -8.9763602E-003       8.8117192       8.8146508    -0.033258643
       11.439740     0.046555737 -8.7822866E-003       8.9222068       8.9250397    -0.031741780
       11.577569     0.045829489 -8.5677135E-003       9.0328144       9.0355362    -0.030123381
       11.715397     0.044934626 -8.3324228E-003       9.1435437       9.1461416    -0.028404497
       11.853225     0.043856736 -8.0762575E-003       9.2543963       9.2568574    -0.026586698
       11.991053     0.042580182 -7.7991285E-003       9.3653739       9.3676851    -0.024672130
       12.128881     0.041087991 -7.5010236E-003       9.4764778       9.4786260    -0.022663575
       12.266710     0.039361722 -7.1820171E-003       9.5877097       9.5896818    -0.020564514
       12.404538     0.037381327 -6.8422797E-003       9.6990708       9.7008537    -0.018379209
       12.542366     0.035124994 -6.4820907E-003       9.8105624       9.8121434    -0.016112775
       12.680194     0.032568973 -6.1018507E-003       9.9221857       9.9235523    -0.013771274
       12.818022     0.029687388 -5.7020956E-003       10.033942       10.035082    -0.011361812
       12.955851     0.026452024 -5.2835129E-003       10.145831       10.146733 -8.8926459E-003
       13.093679     0.022832092 -4.8469589E-003       10.257855       10.258509 -6.3733041E-003
       13.231507     0.018793973 -4.3934785E-003       10.370014       10.370409 -3.8147179E-003
       13.369335     0.014300926 -3.9243269E-003       10.482308       10.482436 -1.2293669E-003
       13.507163  9.3127706E-003 -3.4409939E-003       10.594737       10.594592  1.3685597E-003
       13.644991  3.7855318E-003 -2.9452306E-003       10.707301       10.706877  3.9629845E-003
       13.782820 -2.3289533E-003 -2.4390799E-003       10.820000       10.819293  6.5357447E-003

Table series: Data for wavelength : 0.656273 µm.
   Y Angle (deg)       Tan Shift       Sag Shift     Real Height     Ref. Height      Distortion
  --------------  --------------  --------------  --------------  --------------  --------------
      0.00000000     0.022446687     0.022446687      0.00000000      0.00000000      0.00000000
      0.13782820     0.022461199     0.022442244      0.10614126      0.10614121  4.9836216E-005
      0.27565639     0.022501934     0.022428916      0.21228362      0.21228364 -1.3338748E-005
      0.41348459     0.022568875     0.022406720      0.31842816      0.31842854 -1.1853377E-004
      0.55131279     0.022661997     0.022375678      0.42457599      0.42457711 -2.6560395E-004
      0.68914098     0.022781262     0.022335823      0.53072820      0.53073061 -4.5434643E-004
      0.82696918     0.022926624     0.022287196      0.63688588      0.63689024 -6.8450032E-004
      0.96479738     0.023098027     0.022229849      0.74305015      0.74305725 -9.5574673E-004
       1.1026256     0.023295402     0.022163842      0.84922210      0.84923286 -1.2677087E-003
       1.2404538     0.023518674     0.022089246      0.95540283      0.95541831 -1.6199511E-003
       1.3782820     0.023767753     0.022006140       1.0615935       1.0616148 -2.0119807E-003
       1.5161102     0.024042542     0.021914612       1.1677951       1.1678236 -2.4432462E-003
       1.6539384     0.024342931     0.021814761       1.2740088       1.2740459 -2.9131455E-003
       1.7917666     0.024668800     0.021706694       1.3802358       1.3802830 -3.4209952E-003
       1.9295948     0.025020018     0.021590529       1.4864771       1.4865361 -3.9660767E-003
       2.0674230     0.025396442     0.021466392       1.5927339       1.5928064 -4.5476050E-003
       2.2052512     0.025797918     0.021334419       1.6990074       1.6990951 -5.1647369E-003
       2.3430793     0.026224279     0.021194756       1.8052986       1.8054036 -5.8165703E-003
       2.4809075     0.026675346     0.021047559       1.9116087       1.9117330 -6.5021449E-003
       2.6187357     0.027150929     0.020892993       2.0179388       2.0180845 -7.2204412E-003
       2.7565639     0.027650824     0.020731233       2.1242901       2.1244595 -7.9703812E-003
       2.8943921     0.028174812     0.020562462       2.2306638       2.2308591 -8.7508281E-003
       3.0322203     0.028722662     0.020386876       2.3370611       2.3372845 -9.5605861E-003
       3.1700485     0.029294130     0.020204679       2.4434830       2.4437371    -0.010398400
       3.3078767     0.029888954     0.020016084       2.5499309       2.5502181    -0.011262958
       3.4457049     0.030506860     0.019821317       2.6564058       2.6567287    -0.012152885
       3.5835331     0.031147556     0.019620610       2.7629091       2.7632701    -0.013066750
       3.7213613     0.031810733     0.019414209       2.8694418       2.8698437    -0.014003064
       3.8591895     0.032496068     0.019202366       2.9760053       2.9764506    -0.014960275
       3.9970177     0.033203216     0.018985347       3.0826008       3.0830921    -0.015936776
       4.1348459     0.033931815     0.018763427       3.1892294       3.1897695    -0.016930898
       4.2726741     0.034681485     0.018536889       3.2958925       3.2964840    -0.017940915
       4.4105023     0.035451823     0.018306029       3.4025914       3.4032368    -0.018965043
       4.5483305     0.036242406     0.018071153       3.5093272       3.5100293    -0.020001436
       4.6861587     0.037052786     0.017832576       3.6161013       3.6168626    -0.021048194
       4.8239869     0.037882494     0.017590625       3.7229150       3.7237381    -0.022103355
       4.9618151     0.038731034     0.017345636       3.8297696       3.8306570    -0.023164901
       5.0996433     0.039597885     0.017097957       3.9366664       3.9376205    -0.024230756
       5.2374715     0.040482495     0.016847946       4.0436068       4.0446300    -0.025298786
       5.3752997     0.041384286     0.016595972       4.1505920       4.1516867    -0.026366802
       5.5131279     0.042302647     0.016342414       4.2576236       4.2587919    -0.027432556
       5.6509561     0.043236934     0.016087661       4.3647028       4.3659468    -0.028493746
       5.7887843     0.044186467     0.015832115       4.4718310       4.4731527    -0.029548013
       5.9266125     0.045150528     0.015576187       4.5790097       4.5804110    -0.030592946
       6.0644407     0.046128363     0.015320298       4.6862403       4.6877228    -0.031626078
       6.2022689     0.047119171     0.015064883       4.7935241       4.7950895    -0.032644890
       6.3400971     0.048122109     0.014810384       4.9008628       4.9025123    -0.033646812
       6.4779253     0.049136284     0.014557255       5.0082577       5.0099926    -0.034629221
       6.6157535     0.050160754     0.014305962       5.1157103       5.1175316    -0.035589448
       6.7535816     0.051194519     0.014056981       5.2232222       5.2251307    -0.036524772
       6.8914098     0.052236523     0.013810796       5.3307948       5.3327910    -0.037432429
       7.0292380     0.053285646     0.013567906       5.4384298       5.4405140    -0.038309609
       7.1670662     0.054340701     0.013328816       5.5461285       5.5483009    -0.039153460
       7.3048944     0.055400431     0.013094043       5.6538928       5.6561530    -0.039961088
       7.4427226     0.056463499     0.012864116       5.7617240       5.7640717    -0.040729563
       7.5805508     0.057528486     0.012639570       5.8696239       5.8720582    -0.041455917
       7.7183790     0.058593884     0.012420954       5.9775940       5.9801139    -0.042137153
       7.8562072     0.059658092     0.012208822       6.0856361       6.0882400    -0.042770240
       7.9940354     0.060719401     0.012003741       6.1937517       6.1964380    -0.043352126
       8.1318636     0.061775997     0.011806284       6.3019426       6.3047091    -0.043879734
       8.2696918     0.062825942     0.011617034       6.4102104       6.4130546    -0.044349970
       8.4075200     0.063867171     0.011436583       6.5185570       6.5214760    -0.044759727
       8.5453482     0.064897482     0.011265528       6.6269839       6.6299744    -0.045105891
       8.6831764     0.065914521     0.011104475       6.7354930       6.7385514    -0.045385345
       8.8210046     0.066915774     0.010954036       6.8440861       6.8472081    -0.045594977
       8.9588328     0.067898552     0.010814828       6.9527649       6.9559460    -0.045731683
       9.0966610     0.068859975     0.010687474       7.0615312       7.0647664    -0.045792381
       9.2344892     0.069796963     0.010572601       7.1703869       7.1736706    -0.045774012
       9.3723174     0.070706212     0.010470839       7.2793338       7.2826601    -0.045673554
       9.5101456     0.071584178     0.010382820       7.3883738       7.3917361    -0.045488031
       9.6479738     0.072427058     0.010309179       7.4975086       7.5009001    -0.045214519
       9.7858020     0.073230767     0.010250547       7.6067403       7.6101535    -0.044850164
       9.9236302     0.073990917     0.010207555       7.7160706       7.7194975    -0.044392192
       10.061458     0.074702784     0.010180833       7.8255015       7.8289336    -0.043837922
       10.199287     0.075361285     0.010171002       7.9350349       7.9384631    -0.043184782
       10.337115     0.075960947     0.010178677       8.0446727       8.0480875    -0.042430326
       10.474943     0.076495868     0.010204465       8.1544168       8.1578082    -0.041572254
       10.612771     0.076959683     0.010248960       8.2642691       8.2676265    -0.040608428
       10.750599     0.077345522     0.010312742       8.3742316       8.3775438    -0.039536897
       10.888428     0.077645963     0.010396372       8.4843061       8.4875616    -0.038355919
       11.026256     0.077852985     0.010500391       8.5944946       8.5976812    -0.037063991
       11.164084     0.077957912     0.010625315       8.7047989       8.7079041    -0.035659873
       11.301912     0.077951350     0.010771631       8.8152210       8.8182318    -0.034142623
       11.439740     0.077823129     0.010939795       8.9257627       8.9286656    -0.032511627
       11.577569     0.077562220     0.011130220       9.0364258       9.0392069    -0.030766646
       11.715397     0.077156664     0.011343279       9.1472122       9.1498572    -0.028907846
       11.853225     0.076593479     0.011579294       9.2581236       9.2606180    -0.026935852
       11.991053     0.075858564     0.011838527       9.3691617       9.3714907    -0.024851797
       12.128881     0.074936591     0.012121179       9.4803283       9.4824768    -0.022657373
       12.266710     0.073810889     0.012427376       9.5916248       9.5935776    -0.020354895
       12.404538     0.072463313     0.012757163       9.7030530       9.7047947    -0.017947367
       12.542366     0.070874097     0.013110489       9.8146142       9.8161296    -0.015438556
       12.680194     0.069021697     0.013487203       9.9263097       9.9275838    -0.012833069
       12.818022     0.066882614     0.013887032       10.038141       10.039159    -0.010136447
       12.955851     0.064431198     0.014309576       10.150109       10.150856 -7.3552607E-003
       13.093679     0.061639431     0.014754286       10.262215       10.262676 -4.4972170E-003
       13.231507     0.058476685     0.015220446       10.374459       10.374622 -1.5712815E-003
       13.369335     0.054909462     0.015707161       10.486843       10.486695  1.4121910E-003
       13.507163     0.050901087     0.016213324       10.599367       10.598896  4.4413098E-003
       13.644991     0.046411389     0.016737602       10.712030       10.711226  7.5024869E-003
       13.782820     0.041396328     0.017278404       10.824833       10.823688     0.010580257
