Results for:	
File:	C:\Users\User\OneDrive - Massachusetts Institute of Technology\Documents\MIT\Grad School\Classes\2.156\Lens Project\Prime Lenses\US003994576_Example01P.zmx
Title:	US 3,994,576 Example 1 (Zeiss Sonnar 40mm F2.8 Rollei)
Date:	11/7/2025 5:36:34 PM

0 message(s) in output.
3 series table(s) in output.

Table series: Data for wavelength : 0.486133 µm.
   Y Angle (deg)       Tan Shift       Sag Shift     Real Height     Ref. Height      Distortion
  --------------  --------------  --------------  --------------  --------------  --------------
      0.00000000  3.8413861E-004  3.8413861E-004      0.00000000      0.00000000      0.00000000
      0.24867562  3.1154204E-004  2.7971746E-004      0.19964930      0.19964876  2.7047112E-004
      0.49735124  1.0132051E-004 -3.3452542E-005      0.39930936      0.39930504  1.0818029E-003
      0.74602686 -2.4612655E-004 -5.5509096E-004      0.59899095      0.59897637  2.4337418E-003
      0.99470247 -7.3013688E-004 -1.2847300E-003      0.79870482      0.79867027  4.3258662E-003
       1.2433781 -1.3497860E-003 -2.2217142E-003      0.99846173      0.99839427  6.7575846E-003
       1.4920537 -2.1038877E-003 -3.3652000E-003       1.1982725       1.1981559  9.7281346E-003
       1.7407293 -2.9909961E-003 -4.7141545E-003       1.3981477       1.3979627     0.013236580
       1.9894049 -4.0094058E-003 -6.2673553E-003       1.5980983       1.5978222     0.017281810
       2.2380806 -5.1571539E-003 -8.0233888E-003       1.7981350       1.7977420     0.021862538
       2.4867562 -6.4320218E-003 -9.9806494E-003       1.9982686       1.9977296     0.026977294
       2.7354318 -7.8315376E-003    -0.012137338       2.1985097       2.1977927     0.032624429
       2.9841074 -9.3529779E-003    -0.014491459       2.3988691       2.3979387     0.038802103
       3.2327830    -0.010993371    -0.017040823       2.5993577       2.5981753     0.045508289
       3.4814587    -0.012749499    -0.019783037       2.7999861       2.7985101     0.052740760
       3.7301343    -0.014617903    -0.022715511       3.0007650       2.9989507     0.060497095
       3.9788099    -0.016594885    -0.025835450       3.2017053       3.1995048     0.068774663
       4.2274855    -0.018676512    -0.029139854       3.4028176       3.4001801     0.077570623
       4.4761611    -0.020858622    -0.032625513       3.6041127       3.6009841     0.086881920
       4.7248368    -0.023136827    -0.036289006       3.8056013       3.8019246     0.096705272
       4.9735124    -0.025506519    -0.040126699       4.0072941       4.0030094      0.10703717
       5.2221880    -0.027962877    -0.044134738       4.2092018       4.2042461      0.11787386
       5.4708636    -0.030500871    -0.048309049       4.4113351       4.4056425      0.12921135
       5.7195392    -0.033115271    -0.052645332       4.6137047       4.6072064      0.14104540
       5.9682148    -0.035800652    -0.057139059       4.8163212       4.8089457      0.15337148
       6.2168905    -0.038551405    -0.061785467       5.0191954       5.0108681      0.16618481
       6.4655661    -0.041361744    -0.066579556       5.2223378       5.2129815      0.17948033
       6.7142417    -0.044225714    -0.071516084       5.4257591       5.4152939      0.19325268
       6.9629173    -0.047137205    -0.076589561       5.6294698       5.6178131      0.20749618
       7.2115929    -0.050089957    -0.081794243       5.8334806       5.8205471      0.22220485
       7.4602686    -0.053077578    -0.087124131       6.0378020       6.0235039      0.23737238
       7.7089442    -0.056093554    -0.092572958       6.2424446       6.2266916      0.25299212
       7.9576198    -0.059131262    -0.098134190       6.4474188       6.4301181      0.26905706
       8.2062954    -0.062183984     -0.10380101       6.6527351       6.6337916      0.28555981
       8.4549710    -0.065244927     -0.10956633       6.8584039       6.8377203      0.30249261
       8.7036466    -0.068307236     -0.11542276       7.0644356       7.0419122      0.31984729
       8.9523223    -0.071364014     -0.12136262       7.2708406       7.2463757      0.33761526
       9.2009979    -0.074408340     -0.12737791       7.4776291       7.4511190      0.35578751
       9.4496735    -0.077433293     -0.13346034       7.6848115       7.6561504      0.37435456
       9.6983491    -0.080431974     -0.13960127       7.8923978       7.8614781      0.39330645
       9.9470247    -0.083397529     -0.14579175       8.1003983       8.0671108      0.41263276
       10.195700    -0.086323178     -0.15202248       8.3088230       8.2730567      0.43232251
       10.444376    -0.089202235     -0.15828380       8.5176818       8.4793244      0.45236423
       10.693052    -0.092028151     -0.16456571       8.7269847       8.6859224      0.47274586
       10.941727    -0.094794539     -0.17085783       8.9367415       8.8928593      0.49345476
       11.190403    -0.097495207     -0.17714938       9.1469620       9.1001438      0.51447769
       11.439078     -0.10012420     -0.18342921       9.3576557       9.3077845      0.53580079
       11.687754     -0.10267583     -0.18968574       9.5688322       9.5157903      0.55740950
       11.936430     -0.10514474     -0.19590698       9.7805009       9.7241699      0.57928861
       12.185105     -0.10752593     -0.20208050       9.9926711       9.9329323      0.60142217
       12.433781     -0.10981480     -0.20819342       10.205352       10.142086      0.62379347
       12.682457     -0.11200723     -0.21423242       10.418552       10.351641      0.64638505
       12.931132     -0.11409960     -0.22018366       10.632281       10.561605      0.66917861
       13.179808     -0.11608890     -0.22603282       10.846548       10.771989      0.69215499
       13.428483     -0.11797272     -0.23176508       11.061360       10.982800      0.71529417
       13.677159     -0.11974941     -0.23736507       11.276726       11.194049      0.73857518
       13.925835     -0.12141805     -0.24281687       11.492654       11.405745      0.76197609
       14.174510     -0.12297862     -0.24810400       11.709152       11.617896      0.78547398
       14.423186     -0.12443203     -0.25320937       11.926228       11.830514      0.80904485
       14.671861     -0.12578021     -0.25811529       12.143889       12.043606      0.83266364
       14.920537     -0.12702621     -0.26280343       12.362142       12.257183      0.85630412
       15.169213     -0.12817433     -0.26725479       12.580995       12.471255      0.87993888
       15.417888     -0.12923017     -0.27144968       12.800453       12.685832      0.90353928
       15.666564     -0.13020077     -0.27536770       13.020524       12.900922      0.92707537
       15.915240     -0.13109474     -0.27898772       13.241212       13.116537      0.95051588
       16.163915     -0.13192238     -0.28228781       13.462524       13.332687      0.97382813
       16.412591     -0.13269578     -0.28524525       13.684465       13.549380      0.99697795
       16.661266     -0.13342901     -0.28783650       13.907039       13.766629       1.0199297
       16.909942     -0.13413824     -0.29003710       14.130251       13.984442       1.0426461
       17.158618     -0.13484192     -0.29182174       14.354104       14.202832       1.0650883
       17.407293     -0.13556091     -0.29316411       14.578603       14.421807       1.0872156
       17.655969     -0.13631868     -0.29403694       14.803750       14.641379       1.1089857
       17.904645     -0.13714151     -0.29441192       15.029547       14.861559       1.1303543
       18.153320     -0.13805866     -0.29425968       15.255996       15.082357       1.1512753
       18.401996     -0.13910257     -0.29354970       15.483098       15.303784       1.1717003
       18.650671     -0.14030908     -0.29225030       15.710854       15.525852       1.1915792
       18.899347     -0.14171768     -0.29032857       15.939264       15.748571       1.2108595
       19.148023     -0.14337170     -0.28775030       16.168326       15.971953       1.2294865
       19.396698     -0.14531857     -0.28447996       16.398039       16.196009       1.2474032
       19.645374     -0.14761007     -0.28048058       16.628400       16.420752       1.2645500
       19.894049     -0.15030261     -0.27571375       16.859407       16.646191       1.2808649
       20.142725     -0.15345746     -0.27013947       17.091054       16.872340       1.2962835
       20.391401     -0.15714105     -0.26371615       17.323336       17.099211       1.3107382
       20.640076     -0.16142527     -0.25640047       17.556249       17.326814       1.3241590
       20.888752     -0.16638773     -0.24814732       17.789783       17.555163       1.3364729
       21.137428     -0.17211205     -0.23890971       18.023931       17.784269       1.3476037
       21.386103     -0.17868819     -0.22863867       18.258683       18.014146       1.3574722
       21.634779     -0.18621274     -0.21728313       18.494029       18.244806       1.3659961
       21.883454     -0.19478919     -0.20478983       18.729956       18.476261       1.3730895
       22.132130     -0.20452825     -0.19110317       18.966452       18.708524       1.3786632
       22.380806     -0.21554815     -0.17616511       19.203501       18.941609       1.3826245
       22.629481     -0.22797489     -0.15991502       19.441086       19.175529       1.3848769
       22.878157     -0.24194253     -0.14228953       19.679191       19.410296       1.3853202
       23.126833     -0.25759343     -0.12322235       19.917796       19.645925       1.3838501
       23.375508     -0.27507848     -0.10264414       20.156878       19.882430       1.3803587
       23.624184     -0.29455730    -0.080482279       20.396417       20.119823       1.3747334
       23.872859     -0.31619843    -0.056660681       20.636386       20.358119       1.3668579
       24.121535     -0.34017941    -0.031099571       20.876758       20.597333       1.3566113
       24.370211     -0.36668693 -3.7152455E-003       21.117506       20.837478       1.3438681
       24.618886     -0.39591679     0.025580194       21.358598       21.078569       1.3284987
       24.867562     -0.42807392     0.056879124       21.600000       21.320621       1.3103683

Table series: Data for wavelength : 0.587562 µm.
   Y Angle (deg)       Tan Shift       Sag Shift     Real Height     Ref. Height      Distortion
  --------------  --------------  --------------  --------------  --------------  --------------
      0.00000000  3.8413861E-004  3.8413861E-004      0.00000000      0.00000000      0.00000000
      0.24867562  3.1154204E-004  2.7971746E-004      0.19964930      0.19964876  2.7047112E-004
      0.49735124  1.0132051E-004 -3.3452542E-005      0.39930936      0.39930504  1.0818029E-003
      0.74602686 -2.4612655E-004 -5.5509096E-004      0.59899095      0.59897637  2.4337418E-003
      0.99470247 -7.3013688E-004 -1.2847300E-003      0.79870482      0.79867027  4.3258662E-003
       1.2433781 -1.3497860E-003 -2.2217142E-003      0.99846173      0.99839427  6.7575846E-003
       1.4920537 -2.1038877E-003 -3.3652000E-003       1.1982725       1.1981559  9.7281346E-003
       1.7407293 -2.9909961E-003 -4.7141545E-003       1.3981477       1.3979627     0.013236580
       1.9894049 -4.0094058E-003 -6.2673553E-003       1.5980983       1.5978222     0.017281810
       2.2380806 -5.1571539E-003 -8.0233888E-003       1.7981350       1.7977420     0.021862538
       2.4867562 -6.4320218E-003 -9.9806494E-003       1.9982686       1.9977296     0.026977294
       2.7354318 -7.8315376E-003    -0.012137338       2.1985097       2.1977927     0.032624429
       2.9841074 -9.3529779E-003    -0.014491459       2.3988691       2.3979387     0.038802103
       3.2327830    -0.010993371    -0.017040823       2.5993577       2.5981753     0.045508289
       3.4814587    -0.012749499    -0.019783037       2.7999861       2.7985101     0.052740760
       3.7301343    -0.014617903    -0.022715511       3.0007650       2.9989507     0.060497095
       3.9788099    -0.016594885    -0.025835450       3.2017053       3.1995048     0.068774663
       4.2274855    -0.018676512    -0.029139854       3.4028176       3.4001801     0.077570623
       4.4761611    -0.020858622    -0.032625513       3.6041127       3.6009841     0.086881920
       4.7248368    -0.023136827    -0.036289006       3.8056013       3.8019246     0.096705272
       4.9735124    -0.025506519    -0.040126699       4.0072941       4.0030094      0.10703717
       5.2221880    -0.027962877    -0.044134738       4.2092018       4.2042461      0.11787386
       5.4708636    -0.030500871    -0.048309049       4.4113351       4.4056425      0.12921135
       5.7195392    -0.033115271    -0.052645332       4.6137047       4.6072064      0.14104540
       5.9682148    -0.035800652    -0.057139059       4.8163212       4.8089457      0.15337148
       6.2168905    -0.038551405    -0.061785467       5.0191954       5.0108681      0.16618481
       6.4655661    -0.041361744    -0.066579556       5.2223378       5.2129815      0.17948033
       6.7142417    -0.044225714    -0.071516084       5.4257591       5.4152939      0.19325268
       6.9629173    -0.047137205    -0.076589561       5.6294698       5.6178131      0.20749618
       7.2115929    -0.050089957    -0.081794243       5.8334806       5.8205471      0.22220485
       7.4602686    -0.053077578    -0.087124131       6.0378020       6.0235039      0.23737238
       7.7089442    -0.056093554    -0.092572958       6.2424446       6.2266916      0.25299212
       7.9576198    -0.059131262    -0.098134190       6.4474188       6.4301181      0.26905706
       8.2062954    -0.062183984     -0.10380101       6.6527351       6.6337916      0.28555981
       8.4549710    -0.065244927     -0.10956633       6.8584039       6.8377203      0.30249261
       8.7036466    -0.068307236     -0.11542276       7.0644356       7.0419122      0.31984729
       8.9523223    -0.071364014     -0.12136262       7.2708406       7.2463757      0.33761526
       9.2009979    -0.074408340     -0.12737791       7.4776291       7.4511190      0.35578751
       9.4496735    -0.077433293     -0.13346034       7.6848115       7.6561504      0.37435456
       9.6983491    -0.080431974     -0.13960127       7.8923978       7.8614781      0.39330645
       9.9470247    -0.083397529     -0.14579175       8.1003983       8.0671108      0.41263276
       10.195700    -0.086323178     -0.15202248       8.3088230       8.2730567      0.43232251
       10.444376    -0.089202235     -0.15828380       8.5176818       8.4793244      0.45236423
       10.693052    -0.092028151     -0.16456571       8.7269847       8.6859224      0.47274586
       10.941727    -0.094794539     -0.17085783       8.9367415       8.8928593      0.49345476
       11.190403    -0.097495207     -0.17714938       9.1469620       9.1001438      0.51447769
       11.439078     -0.10012420     -0.18342921       9.3576557       9.3077845      0.53580079
       11.687754     -0.10267583     -0.18968574       9.5688322       9.5157903      0.55740950
       11.936430     -0.10514474     -0.19590698       9.7805009       9.7241699      0.57928861
       12.185105     -0.10752593     -0.20208050       9.9926711       9.9329323      0.60142217
       12.433781     -0.10981480     -0.20819342       10.205352       10.142086      0.62379347
       12.682457     -0.11200723     -0.21423242       10.418552       10.351641      0.64638505
       12.931132     -0.11409960     -0.22018366       10.632281       10.561605      0.66917861
       13.179808     -0.11608890     -0.22603282       10.846548       10.771989      0.69215499
       13.428483     -0.11797272     -0.23176508       11.061360       10.982800      0.71529417
       13.677159     -0.11974941     -0.23736507       11.276726       11.194049      0.73857518
       13.925835     -0.12141805     -0.24281687       11.492654       11.405745      0.76197609
       14.174510     -0.12297862     -0.24810400       11.709152       11.617896      0.78547398
       14.423186     -0.12443203     -0.25320937       11.926228       11.830514      0.80904485
       14.671861     -0.12578021     -0.25811529       12.143889       12.043606      0.83266364
       14.920537     -0.12702621     -0.26280343       12.362142       12.257183      0.85630412
       15.169213     -0.12817433     -0.26725479       12.580995       12.471255      0.87993888
       15.417888     -0.12923017     -0.27144968       12.800453       12.685832      0.90353928
       15.666564     -0.13020077     -0.27536770       13.020524       12.900922      0.92707537
       15.915240     -0.13109474     -0.27898772       13.241212       13.116537      0.95051588
       16.163915     -0.13192238     -0.28228781       13.462524       13.332687      0.97382813
       16.412591     -0.13269578     -0.28524525       13.684465       13.549380      0.99697795
       16.661266     -0.13342901     -0.28783650       13.907039       13.766629       1.0199297
       16.909942     -0.13413824     -0.29003710       14.130251       13.984442       1.0426461
       17.158618     -0.13484192     -0.29182174       14.354104       14.202832       1.0650883
       17.407293     -0.13556091     -0.29316411       14.578603       14.421807       1.0872156
       17.655969     -0.13631868     -0.29403694       14.803750       14.641379       1.1089857
       17.904645     -0.13714151     -0.29441192       15.029547       14.861559       1.1303543
       18.153320     -0.13805866     -0.29425968       15.255996       15.082357       1.1512753
       18.401996     -0.13910257     -0.29354970       15.483098       15.303784       1.1717003
       18.650671     -0.14030908     -0.29225030       15.710854       15.525852       1.1915792
       18.899347     -0.14171768     -0.29032857       15.939264       15.748571       1.2108595
       19.148023     -0.14337170     -0.28775030       16.168326       15.971953       1.2294865
       19.396698     -0.14531857     -0.28447996       16.398039       16.196009       1.2474032
       19.645374     -0.14761007     -0.28048058       16.628400       16.420752       1.2645500
       19.894049     -0.15030261     -0.27571375       16.859407       16.646191       1.2808649
       20.142725     -0.15345746     -0.27013947       17.091054       16.872340       1.2962835
       20.391401     -0.15714105     -0.26371615       17.323336       17.099211       1.3107382
       20.640076     -0.16142527     -0.25640047       17.556249       17.326814       1.3241590
       20.888752     -0.16638773     -0.24814732       17.789783       17.555163       1.3364729
       21.137428     -0.17211205     -0.23890971       18.023931       17.784269       1.3476037
       21.386103     -0.17868819     -0.22863867       18.258683       18.014146       1.3574722
       21.634779     -0.18621274     -0.21728313       18.494029       18.244806       1.3659961
       21.883454     -0.19478919     -0.20478983       18.729956       18.476261       1.3730895
       22.132130     -0.20452825     -0.19110317       18.966452       18.708524       1.3786632
       22.380806     -0.21554815     -0.17616511       19.203501       18.941609       1.3826245
       22.629481     -0.22797489     -0.15991502       19.441086       19.175529       1.3848769
       22.878157     -0.24194253     -0.14228953       19.679191       19.410296       1.3853202
       23.126833     -0.25759343     -0.12322235       19.917796       19.645925       1.3838501
       23.375508     -0.27507848     -0.10264414       20.156878       19.882430       1.3803587
       23.624184     -0.29455730    -0.080482279       20.396417       20.119823       1.3747334
       23.872859     -0.31619843    -0.056660681       20.636386       20.358119       1.3668579
       24.121535     -0.34017941    -0.031099571       20.876758       20.597333       1.3566113
       24.370211     -0.36668693 -3.7152455E-003       21.117506       20.837478       1.3438681
       24.618886     -0.39591679     0.025580194       21.358598       21.078569       1.3284987
       24.867562     -0.42807392     0.056879124       21.600000       21.320621       1.3103683

Table series: Data for wavelength : 0.656273 µm.
   Y Angle (deg)       Tan Shift       Sag Shift     Real Height     Ref. Height      Distortion
  --------------  --------------  --------------  --------------  --------------  --------------
      0.00000000  3.8413861E-004  3.8413861E-004      0.00000000      0.00000000      0.00000000
      0.24867562  3.1154204E-004  2.7971746E-004      0.19964930      0.19964876  2.7047112E-004
      0.49735124  1.0132051E-004 -3.3452542E-005      0.39930936      0.39930504  1.0818029E-003
      0.74602686 -2.4612655E-004 -5.5509096E-004      0.59899095      0.59897637  2.4337418E-003
      0.99470247 -7.3013688E-004 -1.2847300E-003      0.79870482      0.79867027  4.3258662E-003
       1.2433781 -1.3497860E-003 -2.2217142E-003      0.99846173      0.99839427  6.7575846E-003
       1.4920537 -2.1038877E-003 -3.3652000E-003       1.1982725       1.1981559  9.7281346E-003
       1.7407293 -2.9909961E-003 -4.7141545E-003       1.3981477       1.3979627     0.013236580
       1.9894049 -4.0094058E-003 -6.2673553E-003       1.5980983       1.5978222     0.017281810
       2.2380806 -5.1571539E-003 -8.0233888E-003       1.7981350       1.7977420     0.021862538
       2.4867562 -6.4320218E-003 -9.9806494E-003       1.9982686       1.9977296     0.026977294
       2.7354318 -7.8315376E-003    -0.012137338       2.1985097       2.1977927     0.032624429
       2.9841074 -9.3529779E-003    -0.014491459       2.3988691       2.3979387     0.038802103
       3.2327830    -0.010993371    -0.017040823       2.5993577       2.5981753     0.045508289
       3.4814587    -0.012749499    -0.019783037       2.7999861       2.7985101     0.052740760
       3.7301343    -0.014617903    -0.022715511       3.0007650       2.9989507     0.060497095
       3.9788099    -0.016594885    -0.025835450       3.2017053       3.1995048     0.068774663
       4.2274855    -0.018676512    -0.029139854       3.4028176       3.4001801     0.077570623
       4.4761611    -0.020858622    -0.032625513       3.6041127       3.6009841     0.086881920
       4.7248368    -0.023136827    -0.036289006       3.8056013       3.8019246     0.096705272
       4.9735124    -0.025506519    -0.040126699       4.0072941       4.0030094      0.10703717
       5.2221880    -0.027962877    -0.044134738       4.2092018       4.2042461      0.11787386
       5.4708636    -0.030500871    -0.048309049       4.4113351       4.4056425      0.12921135
       5.7195392    -0.033115271    -0.052645332       4.6137047       4.6072064      0.14104540
       5.9682148    -0.035800652    -0.057139059       4.8163212       4.8089457      0.15337148
       6.2168905    -0.038551405    -0.061785467       5.0191954       5.0108681      0.16618481
       6.4655661    -0.041361744    -0.066579556       5.2223378       5.2129815      0.17948033
       6.7142417    -0.044225714    -0.071516084       5.4257591       5.4152939      0.19325268
       6.9629173    -0.047137205    -0.076589561       5.6294698       5.6178131      0.20749618
       7.2115929    -0.050089957    -0.081794243       5.8334806       5.8205471      0.22220485
       7.4602686    -0.053077578    -0.087124131       6.0378020       6.0235039      0.23737238
       7.7089442    -0.056093554    -0.092572958       6.2424446       6.2266916      0.25299212
       7.9576198    -0.059131262    -0.098134190       6.4474188       6.4301181      0.26905706
       8.2062954    -0.062183984     -0.10380101       6.6527351       6.6337916      0.28555981
       8.4549710    -0.065244927     -0.10956633       6.8584039       6.8377203      0.30249261
       8.7036466    -0.068307236     -0.11542276       7.0644356       7.0419122      0.31984729
       8.9523223    -0.071364014     -0.12136262       7.2708406       7.2463757      0.33761526
       9.2009979    -0.074408340     -0.12737791       7.4776291       7.4511190      0.35578751
       9.4496735    -0.077433293     -0.13346034       7.6848115       7.6561504      0.37435456
       9.6983491    -0.080431974     -0.13960127       7.8923978       7.8614781      0.39330645
       9.9470247    -0.083397529     -0.14579175       8.1003983       8.0671108      0.41263276
       10.195700    -0.086323178     -0.15202248       8.3088230       8.2730567      0.43232251
       10.444376    -0.089202235     -0.15828380       8.5176818       8.4793244      0.45236423
       10.693052    -0.092028151     -0.16456571       8.7269847       8.6859224      0.47274586
       10.941727    -0.094794539     -0.17085783       8.9367415       8.8928593      0.49345476
       11.190403    -0.097495207     -0.17714938       9.1469620       9.1001438      0.51447769
       11.439078     -0.10012420     -0.18342921       9.3576557       9.3077845      0.53580079
       11.687754     -0.10267583     -0.18968574       9.5688322       9.5157903      0.55740950
       11.936430     -0.10514474     -0.19590698       9.7805009       9.7241699      0.57928861
       12.185105     -0.10752593     -0.20208050       9.9926711       9.9329323      0.60142217
       12.433781     -0.10981480     -0.20819342       10.205352       10.142086      0.62379347
       12.682457     -0.11200723     -0.21423242       10.418552       10.351641      0.64638505
       12.931132     -0.11409960     -0.22018366       10.632281       10.561605      0.66917861
       13.179808     -0.11608890     -0.22603282       10.846548       10.771989      0.69215499
       13.428483     -0.11797272     -0.23176508       11.061360       10.982800      0.71529417
       13.677159     -0.11974941     -0.23736507       11.276726       11.194049      0.73857518
       13.925835     -0.12141805     -0.24281687       11.492654       11.405745      0.76197609
       14.174510     -0.12297862     -0.24810400       11.709152       11.617896      0.78547398
       14.423186     -0.12443203     -0.25320937       11.926228       11.830514      0.80904485
       14.671861     -0.12578021     -0.25811529       12.143889       12.043606      0.83266364
       14.920537     -0.12702621     -0.26280343       12.362142       12.257183      0.85630412
       15.169213     -0.12817433     -0.26725479       12.580995       12.471255      0.87993888
       15.417888     -0.12923017     -0.27144968       12.800453       12.685832      0.90353928
       15.666564     -0.13020077     -0.27536770       13.020524       12.900922      0.92707537
       15.915240     -0.13109474     -0.27898772       13.241212       13.116537      0.95051588
       16.163915     -0.13192238     -0.28228781       13.462524       13.332687      0.97382813
       16.412591     -0.13269578     -0.28524525       13.684465       13.549380      0.99697795
       16.661266     -0.13342901     -0.28783650       13.907039       13.766629       1.0199297
       16.909942     -0.13413824     -0.29003710       14.130251       13.984442       1.0426461
       17.158618     -0.13484192     -0.29182174       14.354104       14.202832       1.0650883
       17.407293     -0.13556091     -0.29316411       14.578603       14.421807       1.0872156
       17.655969     -0.13631868     -0.29403694       14.803750       14.641379       1.1089857
       17.904645     -0.13714151     -0.29441192       15.029547       14.861559       1.1303543
       18.153320     -0.13805866     -0.29425968       15.255996       15.082357       1.1512753
       18.401996     -0.13910257     -0.29354970       15.483098       15.303784       1.1717003
       18.650671     -0.14030908     -0.29225030       15.710854       15.525852       1.1915792
       18.899347     -0.14171768     -0.29032857       15.939264       15.748571       1.2108595
       19.148023     -0.14337170     -0.28775030       16.168326       15.971953       1.2294865
       19.396698     -0.14531857     -0.28447996       16.398039       16.196009       1.2474032
       19.645374     -0.14761007     -0.28048058       16.628400       16.420752       1.2645500
       19.894049     -0.15030261     -0.27571375       16.859407       16.646191       1.2808649
       20.142725     -0.15345746     -0.27013947       17.091054       16.872340       1.2962835
       20.391401     -0.15714105     -0.26371615       17.323336       17.099211       1.3107382
       20.640076     -0.16142527     -0.25640047       17.556249       17.326814       1.3241590
       20.888752     -0.16638773     -0.24814732       17.789783       17.555163       1.3364729
       21.137428     -0.17211205     -0.23890971       18.023931       17.784269       1.3476037
       21.386103     -0.17868819     -0.22863867       18.258683       18.014146       1.3574722
       21.634779     -0.18621274     -0.21728313       18.494029       18.244806       1.3659961
       21.883454     -0.19478919     -0.20478983       18.729956       18.476261       1.3730895
       22.132130     -0.20452825     -0.19110317       18.966452       18.708524       1.3786632
       22.380806     -0.21554815     -0.17616511       19.203501       18.941609       1.3826245
       22.629481     -0.22797489     -0.15991502       19.441086       19.175529       1.3848769
       22.878157     -0.24194253     -0.14228953       19.679191       19.410296       1.3853202
       23.126833     -0.25759343     -0.12322235       19.917796       19.645925       1.3838501
       23.375508     -0.27507848     -0.10264414       20.156878       19.882430       1.3803587
       23.624184     -0.29455730    -0.080482279       20.396417       20.119823       1.3747334
       23.872859     -0.31619843    -0.056660681       20.636386       20.358119       1.3668579
       24.121535     -0.34017941    -0.031099571       20.876758       20.597333       1.3566113
       24.370211     -0.36668693 -3.7152455E-003       21.117506       20.837478       1.3438681
       24.618886     -0.39591679     0.025580194       21.358598       21.078569       1.3284987
       24.867562     -0.42807392     0.056879124       21.600000       21.320621       1.3103683
