Results for:	
File:	C:\Users\User\OneDrive - Massachusetts Institute of Technology\Documents\MIT\Grad School\Classes\2.156\Lens Project\Prime Lenses\US20150212302_Example03P.zmx
Title:	US 2015/0212302 Example 3 (Fujifilm Fujinon XF56mm F1.2 R)
Date:	11/7/2025 5:52:57 PM

0 message(s) in output.
3 series table(s) in output.

Table series: Data for wavelength : 0.486133 µm.
   Y Angle (deg)       Tan Shift       Sag Shift     Real Height     Ref. Height      Distortion
  --------------  --------------  --------------  --------------  --------------  --------------
      0.00000000    -0.017034919    -0.017034919      0.00000000      0.00000000      0.00000000
      0.14051125    -0.020839502    -0.018564501      0.13976493      0.13976574 -5.7848670E-004
      0.28102249    -0.023759091    -0.020334676      0.27953054      0.27953316 -9.3652424E-004
      0.42153374    -0.025853556    -0.021878805      0.41929969      0.41930394 -1.0156882E-003
      0.56204498    -0.027187958    -0.023196632      0.55907528      0.55907977 -8.0359753E-004
      0.70255623    -0.027831760    -0.024301379      0.69886029      0.69886233 -2.9191010E-004
      0.84306747    -0.027857946    -0.025209169      0.83865768      0.83865329  5.2391367E-004
      0.98357872    -0.027342080    -0.025937358      0.97847043      0.97845434  1.6448804E-003
       1.1240900    -0.026361306    -0.026504002       1.1183015       1.1182672  3.0687705E-003
       1.2646012    -0.024993335    -0.026927567       1.2581537       1.2580934  4.7904111E-003
       1.4051125    -0.023315424    -0.027226716       1.3980299       1.3979349  6.8020728E-003
       1.5456237    -0.021403371    -0.027420124       1.5379329       1.5377931  9.0937654E-003
       1.6861349    -0.019330540    -0.027526297       1.6778654       1.6776699     0.011653593
       1.8266462    -0.017166929    -0.027563408       1.8178298       1.8175668     0.014468098
       1.9671574    -0.014978312    -0.027549140       1.9578286       1.9574856     0.017522601
       2.1076687    -0.012825438    -0.027500533       2.0978644       2.0974281     0.020801529
       2.2481799    -0.010763333    -0.027433846       2.2379392       2.2373957     0.024288738
       2.3886912 -8.8406914E-003    -0.027364425       2.3780553       2.3773904     0.027967813
       2.5292024 -7.0993720E-003    -0.027306585       2.5182147       2.5174136     0.031822354
       2.6697137 -5.5740137E-003    -0.027273507       2.6584196       2.6574672     0.035836240
       2.8102249 -4.2917668E-003    -0.027277144       2.7986717       2.7975529     0.039993871
       2.9507362 -3.2721492E-003    -0.027328151       2.9389731       2.9376723     0.044280380
       3.0912474 -2.5270283E-003    -0.027435817       3.0793254       3.0778271     0.048681824
       3.2317586 -2.0607279E-003    -0.027608026       3.2197305       3.2180190     0.053185344
       3.3722699 -1.8702598E-003    -0.027851230       3.3601902       3.3582498     0.057779292
       3.5127811 -1.9456749E-003    -0.028170435       3.5007060       3.4985211     0.062453337
       3.6532924 -2.2705272E-003    -0.028569208       3.6412799       3.6388346     0.067198530
       3.7938036 -2.8224462E-003    -0.029049701       3.7819134       3.7791921     0.072007348
       3.9343149 -3.5738036E-003    -0.029612685       3.9226084       3.9195953     0.076873699
       4.0748261 -4.4924652E-003    -0.030257608       4.0633666       4.0600458     0.081792908
       4.2153374 -5.5426155E-003    -0.030982659       4.2041899       4.2005454     0.086761668
       4.3558486 -6.6856387E-003    -0.031784852       4.3450800       4.3410958     0.091777966
       4.4963599 -7.8810416E-003    -0.032660118       4.4860388       4.4816987     0.096840987
       4.6368711 -9.0874014E-003    -0.033603408       4.6270684       4.6223559      0.10195099
       4.7773823    -0.010263320    -0.034608809       4.7681707       4.7630690      0.10710917
       4.9178936    -0.011368372    -0.035669667       4.9093477       4.9038398      0.11231750
       5.0584048    -0.012364013    -0.036778709       5.0506015       5.0446701      0.11757855
       5.1989161    -0.013214457    -0.037928178       5.1919343       5.1855615      0.12289534
       5.3394273    -0.013887475    -0.039109965       5.3333481       5.3265158      0.12827110
       5.4799386    -0.014355120    -0.040315744       5.4748453       5.4675347      0.13370909
       5.6204498    -0.014594347    -0.041537101       5.6164279       5.6086200      0.13921243
       5.7609611    -0.014587529    -0.042765663       5.7580981       5.7497734      0.14478389
       5.9014723    -0.014322841    -0.043993216       5.8998582       5.8909966      0.15042570
       6.0419836    -0.013794505    -0.045211823       6.0417103       6.0322915      0.15613938
       6.1824948    -0.013002897    -0.046413922       6.1836565       6.1736598      0.16192558
       6.3230060    -0.011954493    -0.047592419       6.3256989       6.3151032      0.16778395
       6.4635173    -0.010661666    -0.048740766       6.4678394       6.4566235      0.17371300
       6.6040285 -9.1423236E-003    -0.049853023       6.6100801       6.5982224      0.17971001
       6.7445398 -7.4193992E-003    -0.050923908       6.7524225       6.7399018      0.18577095
       6.8850510 -5.5201934E-003    -0.051948825       6.8948686       6.8816633      0.19189045
       7.0255623 -3.4755884E-003    -0.052923875       7.0374198       7.0235089      0.19806177
       7.1660735 -1.3191437E-003    -0.053845857       7.1800776       7.1654402      0.20427682
       7.3065848  9.1390539E-004    -0.054712241       7.3228432       7.3074591      0.21052617
       7.4470960  3.1877156E-003    -0.055521133       7.4657179       7.4495673      0.21679919
       7.5876072  5.4669625E-003    -0.056271214       7.6087027       7.5917667      0.22308407
       7.7281185  7.7179668E-003    -0.056961675       7.7517984       7.7340590      0.22936800
       7.8686297  9.9098093E-003    -0.057592128       7.8950058       7.8764460      0.23563728
       8.0091410     0.012015388    -0.058162515       8.0383256       8.0189296      0.24187750
       8.1496522     0.014012385    -0.058672999       8.1817581       8.1615115      0.24807374
       8.2901635     0.015884095    -0.059123855       8.3253038       8.3041937      0.25421069
       8.4306747     0.017620107    -0.059515355       8.4689630       8.4469778      0.26027292
       8.5711860     0.019216758    -0.059847655       8.6127359       8.5898658      0.26624502
       8.7116972     0.020677381    -0.060120678       8.7566226       8.7328594      0.27211178
       8.8522085     0.022012277    -0.060334014       8.9006232       8.8759606      0.27785836
       8.9927197     0.023238418    -0.060486823       9.0447378       9.0191711      0.28347043
       9.1332309     0.024378863    -0.060577752       9.1889664       9.1624928      0.28893426
       9.2737422     0.025461880    -0.060604876       9.3333090       9.3059276      0.29423683
       9.4142534     0.026519781    -0.060565646       9.4777658       9.4494773      0.29936579
       9.5547647     0.027587500    -0.060456872       9.6223366       9.5931437      0.30430952
       9.6952759     0.028700935    -0.060274725       9.7670215       9.7369289      0.30905699
       9.8357872     0.029895101    -0.060014762       9.9118206       9.8808345      0.31359768
       9.9762984     0.031202154    -0.059671980       10.056734       10.024863      0.31792139
       10.116810     0.032649354    -0.059240901       10.201761       10.169015      0.32201800
       10.257321     0.034257048    -0.058715668       10.346902       10.313294      0.32587720
       10.397832     0.036036768    -0.058090178       10.492157       10.457700      0.32948816
       10.538343     0.037989544    -0.057358224       10.637526       10.602237      0.33283920
       10.678855     0.040104545    -0.056513653       10.783007       10.746906      0.33591736
       10.819366     0.042358149    -0.055550533       10.928600       10.891708      0.33870805
       10.959877     0.044713558    -0.054463320       11.074303       11.036647      0.34119463
       11.100388     0.047121064    -0.053247021       11.220116       11.181723      0.34335810
       11.240900     0.049519045    -0.051897337       11.366037       11.326939      0.34517670
       11.381411     0.051835774    -0.050410785       11.512062       11.472296      0.34662571
       11.521922     0.053992069    -0.048784786       11.658190       11.617797      0.34767727
       11.662433     0.055904805    -0.047017707       11.804416       11.763444      0.34830026
       11.802945     0.057491238    -0.045108861       11.950737       11.909238      0.34846042
       11.943456     0.058674064    -0.043058433       12.097148       12.055181      0.34812050
       12.083967     0.059387061    -0.040867353       12.243644       12.201276      0.34724059
       12.224478     0.059581100    -0.038537098       12.390220       12.347525      0.34577865
       12.364990     0.059230260    -0.036069421       12.536869       12.493929      0.34369116
       12.505501     0.058337700    -0.033466019       12.683586       12.640490      0.34093392
       12.646012     0.056940894    -0.030728135       12.830364       12.787212      0.33746296
       12.786523     0.055115780    -0.027856122       12.977195       12.934094      0.33323557
       12.927035     0.052979338    -0.024848962       13.124074       13.081140      0.32821142
       13.067546     0.050690102    -0.021703791       13.270994       13.228352      0.32235358
       13.208057     0.048446118    -0.018415428       13.417949       13.375732      0.31562952
       13.348568     0.046479887    -0.014975963       13.564934       13.523281      0.30801197
       13.489080     0.045049909    -0.011374428       13.711944       13.671002      0.29947950
       13.629591     0.044428548 -7.5965944E-003       13.858974       13.818897      0.29001674
       13.770102     0.044886062 -3.6249386E-003       14.006022       13.966968      0.27961416
       13.910613     0.046670826  5.6117778E-004       14.153084       14.115217      0.26826727
       14.051125     0.049985998  4.9850782E-003       14.300158       14.263647      0.25597513

Table series: Data for wavelength : 0.587562 µm.
   Y Angle (deg)       Tan Shift       Sag Shift     Real Height     Ref. Height      Distortion
  --------------  --------------  --------------  --------------  --------------  --------------
      0.00000000  2.7524021E-003  2.7524021E-003      0.00000000      0.00000000      0.00000000
      0.14051125 -1.0299821E-003  1.2331202E-003      0.13978517      0.13978601 -5.9737025E-004
      0.28102249 -3.9423689E-003 -5.3436612E-004      0.27957106      0.27957370 -9.4401781E-004
      0.42153374 -6.0431563E-003 -2.0839852E-003      0.41936046      0.41936475 -1.0225560E-003
      0.56204498 -7.3958593E-003 -3.4150439E-003      0.55915626      0.55916084 -8.2045137E-004
      0.70255623 -8.0683506E-003 -4.5403672E-003      0.69896137      0.69896367 -3.2911908E-004
      0.84306747 -8.1320078E-003 -5.4756822E-003      0.83877873      0.83877490  4.5630329E-004
      0.98357872 -7.6607922E-003 -6.2379550E-003      0.97861127      0.97859622  1.5372145E-003
       1.1240900 -6.7302842E-003 -6.8448479E-003       1.1184619       1.1184293  2.9118371E-003
       1.2646012 -5.4166868E-003 -7.3144475E-003       1.2583334       1.2582759  4.5755109E-003
       1.4051125 -3.7958354E-003 -7.6650477E-003       1.3982287       1.3981376  6.5210300E-003
       1.5456237 -1.9422100E-003 -7.9149662E-003       1.5381505       1.5380161  8.7389593E-003
       1.6861349  7.2018726E-005 -8.0823731E-003       1.6781014       1.6779131     0.011217970
       1.8266462  2.1779005E-003 -8.1851280E-003       1.8180839       1.8178304     0.013945174
       1.9671574  4.3105569E-003 -8.2406242E-003       1.9581005       1.9577695     0.016906451
       2.1076687  6.4099620E-003 -8.2656410E-003       2.0981536       2.0977322     0.020086772
       2.2481799  8.4216387E-003 -8.2762056E-003       2.2382454       2.2377202     0.023470507
       2.3886912     0.010297262 -8.2874646E-003       2.3783781       2.3777351     0.027041722
       2.5292024     0.011995160 -8.3135680E-003       2.5185538       2.5177787     0.030784456
       2.6697137     0.013480701 -8.3675647E-003       2.6587744       2.6578526     0.034682982
       2.8102249     0.014726574 -8.4613126E-003       2.7990420       2.7979586     0.038722036
       2.9507362     0.015712934 -8.6054025E-003       2.9393583       2.9380983     0.042887037
       3.0912474     0.016427445 -8.8090974E-003       3.0797252       3.0782734     0.047164268
       3.2317586     0.016865181 -9.0802875E-003       3.2201445       3.2184857     0.051541033
       3.3722699     0.017028417 -9.4254612E-003       3.3606179       3.3587368     0.056005792
       3.5127811     0.016926308 -9.8496922E-003       3.5011470       3.4990284     0.060548260
       3.6532924     0.016574440    -0.010356643       3.6417337       3.6393623     0.065159480
       3.7938036     0.015994292    -0.010948585       3.7823796       3.7797401     0.069831863
       3.9343149     0.015212598    -0.011626431       3.9230865       3.9201637     0.074559208
       4.0748261     0.014260620    -0.012389787       4.0638561       4.0606345     0.079336683
       4.2153374     0.013173359    -0.013237018       4.2046902       4.2011545     0.084160786
       4.3558486     0.011988698    -0.014165320       4.3455907       4.3417253     0.089029281
       4.4963599     0.010746514    -0.015170813       4.4865594       4.4823486     0.093941101
       4.6368711  9.4877514E-003    -0.016248644       4.6275982       4.6230262     0.098896242
       4.7773823  8.2534916E-003    -0.017393088       4.7687090       4.7637597      0.10389563
       4.9178936  7.0840330E-003    -0.018597673       4.9098940       4.9045509      0.10894096
       5.0584048  6.0179899E-003    -0.019855299       5.0511551       5.0454016      0.11403456
       5.1989161  5.0914382E-003    -0.021158369       5.1924944       5.1863134      0.11917918
       5.3394273  4.3371196E-003    -0.022498912       5.3339141       5.3272882      0.12437784
       5.4799386  3.7837228E-003    -0.023868720       5.4754163       5.4683275      0.12963363
       5.6204498  3.4552571E-003    -0.025259474       5.6170032       5.6094333      0.13494952
       5.7609611  3.3705331E-003    -0.026662867       5.7586769       5.7506071      0.14032818
       5.9014723  3.5427631E-003    -0.028070724       5.9004396       5.8918509      0.14577180
       6.0419836  3.9792931E-003    -0.029475115       6.0422934       6.0331663      0.15128190
       6.1824948  4.6814744E-003    -0.030868456       6.1842404       6.1745550      0.15685921
       6.3230060  5.6446825E-003    -0.032243600       6.3262827       6.3160189      0.16250351
       6.4635173  6.8584849E-003    -0.033593917       6.4684222       6.4575597      0.16821350
       6.6040285  8.3069607E-003    -0.034913354       6.6106609       6.5991792      0.17398670
       6.7445398  9.9691669E-003    -0.036196493       6.7530005       6.7408791      0.17981940
       6.8850510     0.011819747    -0.037438574       6.8954428       6.8826613      0.18570658
       7.0255623     0.013829667    -0.038635520       7.0379893       7.0245274      0.19164189
       7.1660735     0.015967074    -0.039783932       7.1806415       7.1664793      0.19761768
       7.3065848     0.018198246    -0.040881071       7.3234007       7.3085188      0.20362501
       7.4470960     0.020488617    -0.041924828       7.4662681       7.4506476      0.20965371
       7.5876072     0.022803863    -0.042913668       7.6092448       7.5928676      0.21569248
       7.7281185     0.025110998    -0.043846570       7.7523316       7.7351805      0.22172901
       7.8686297     0.027379462    -0.044722945       7.8955294       7.8775882      0.22775008
       8.0091410     0.029582165    -0.045542547       8.0388387       8.0200924      0.23374175
       8.1496522     0.031696453    -0.046305375       8.1822602       8.1626950      0.23968950
       8.2901635     0.033704946    -0.047011561       8.3257941       8.3053979      0.24557843
       8.4306747     0.035596246    -0.047661265       8.4694409       8.4482027      0.25139343
       8.5711860     0.037365434    -0.048254561       8.6132008       8.5911114      0.25711936
       8.7116972     0.039014370    -0.048791329       8.7570739       8.7341258      0.26274121
       8.8522085     0.040551735    -0.049271147       8.9010604       8.8772477      0.26824429
       8.9927197     0.041992830    -0.049693198       9.0451603       9.0204790      0.27361434
       9.1332309     0.043359074    -0.050056191       9.1893736       9.1638215      0.27883765
       9.2737422     0.044677239    -0.050358286       9.3337005       9.3072770      0.28390114
       9.4142534     0.045978403    -0.050597052       9.4781409       9.4508475      0.28879239
       9.5547647     0.047296637    -0.050769434       9.6226948       9.5945348      0.29349963
       9.6952759     0.048667466    -0.050871749       9.7673622       9.7383408      0.29801172
       9.8357872     0.050126126    -0.050899707       9.9121432       9.8822674      0.30231798
       9.9762984     0.051705684    -0.050848455       10.057038       10.026316      0.30640810
       10.116810     0.053435074    -0.050712644       10.202046       10.170490      0.31027189
       10.257321     0.055337130    -0.050486525       10.347167       10.314789      0.31389905
       10.397832     0.057426697    -0.050164062       10.492402       10.459217      0.31727885
       10.538343     0.059708926    -0.049739070       10.637749       10.603775      0.32039982
       10.678855     0.062177837    -0.049205361       10.783209       10.748464      0.32324937
       10.819366     0.064815277    -0.048556903       10.928780       10.893288      0.32581342
       10.959877     0.067590362    -0.047787984       11.074461       11.038247      0.32807602
       11.100388     0.070459513    -0.046893370       11.220252       11.183344      0.33001900
       11.240900     0.073367172    -0.045868447       11.366149       11.328581      0.33162166
       11.381411     0.076247277    -0.044709350       11.512152       11.473960      0.33286044
       11.521922     0.079025539    -0.043413062       11.658257       11.619482      0.33370880
       11.662433     0.081622552    -0.041977466       11.804461       11.765149      0.33413705
       11.802945     0.083957703    -0.040401360       11.950761       11.910965      0.33411238
       11.943456     0.085953820    -0.038684415       12.097151       12.056929      0.33359899
       12.083967     0.087542443    -0.036827067       12.243628       12.203046      0.33255838
       12.224478     0.088669535    -0.034830356       12.390185       12.349315      0.33094972
       12.364990     0.089301393    -0.032695685       12.536818       12.495741      0.32873048
       12.505501     0.089430455    -0.030424523       12.683519       12.642323      0.32585709
       12.646012     0.089080647    -0.028018045       12.830283       12.789066      0.32228585
       12.786523     0.088311859    -0.025476725       12.977103       12.935970      0.31797378
       12.927035     0.087223086    -0.022799881       13.123971       13.083037      0.31287971
       13.067546     0.085953781    -0.019985222       13.270883       13.230270      0.30696529
       13.208057     0.084682927    -0.017028378       13.417831       13.377671      0.30019594
       13.348568     0.083625385    -0.013922484       13.564809       13.525242      0.29254177
       13.489080     0.083025116    -0.010657825       13.711813       13.672985      0.28397816
       13.629591     0.083144961 -7.2215813E-003       13.858837       13.820901      0.27448622
       13.770102     0.084252772 -3.5977265E-003       14.005879       13.968993      0.26405268
       13.910613     0.086603858  2.3289224E-004       14.152934       14.117264      0.25266938
       14.051125     0.090419870  4.2922500E-003       14.300000       14.265715      0.24033215

Table series: Data for wavelength : 0.656273 µm.
   Y Angle (deg)       Tan Shift       Sag Shift     Real Height     Ref. Height      Distortion
  --------------  --------------  --------------  --------------  --------------  --------------
      0.00000000     0.045066878     0.045066878      0.00000000      0.00000000      0.00000000
      0.14051125     0.041291130     0.043551411      0.13975707      0.13975779 -5.1290333E-004
      0.28102249     0.038379917     0.041784016      0.27951487      0.27951726 -8.5553480E-004
      0.42153374     0.036275516     0.040231358      0.41927618      0.41928010 -9.3540440E-004
      0.56204498     0.034915109     0.038894377      0.55904384      0.55904798 -7.3992874E-004
      0.70255623     0.034231528     0.037760434      0.69882076      0.69882258 -2.6042852E-004
      0.84306747     0.034154098     0.036813981      0.83860985      0.83860559  5.0809286E-004
      0.98357872     0.034609548     0.036038225      0.97841403      0.97839869  1.5672029E-003
       1.1240900     0.035522961     0.035415675       1.1182362       1.1182036  2.9153051E-003
       1.2646012     0.036818766     0.034928407       1.2580791       1.2580219  4.5479952E-003
       1.4051125     0.038421713     0.034558285       1.3979456       1.3978554  6.4582899E-003
       1.5456237     0.040257854     0.034287140       1.5378385       1.5377056  8.6370068E-003
       1.6861349     0.042255492     0.034096941       1.6777602       1.6775744     0.011073077
       1.8266462     0.044346080     0.033969957       1.8177134       1.8174634     0.013753874
       1.9671574     0.046465070     0.033888911       1.9577005       1.9573743     0.016665538
       2.1076687     0.048552690     0.033837125       2.0977239       2.0973088     0.019793290
       2.2481799     0.050554639     0.033798662       2.2377858       2.2372685     0.023121742
       2.3886912     0.052422683     0.033758447       2.3778883       2.3772552     0.026635183
       2.5292024     0.054115163     0.033702391       2.5180337       2.5172705     0.030317860
       2.6697137     0.055597385     0.033617487       2.6582237       2.6573161     0.034154226
       2.8102249     0.056841896     0.033491904       2.7984604       2.7973938     0.038129182
       2.9507362     0.057828647     0.033315063       2.9387457       2.9375052     0.042228277
       3.0912474     0.058545030     0.033077700       3.0790812       3.0776520     0.046437901
       3.2317586     0.058985796     0.032771906       3.2194689       3.2178360     0.050745438
       3.3722699     0.059152857     0.032391161       3.3599104       3.3580588     0.055139399
       3.5127811     0.059054967     0.031930349       3.5004075       3.4983221     0.059609522
       3.6532924     0.058707294     0.031385750       3.6409618       3.6386277     0.064146843
       3.7938036     0.058130889     0.030755030       3.7815750       3.7789772     0.068743748
       3.9343149     0.057352062     0.030037201       3.9222489       3.9193724     0.073393982
       4.0748261     0.056401671     0.029232574       4.0629853       4.0598149     0.078092640
       4.2153374     0.055314345     0.028342702       4.2037859       4.2003065     0.082836130
       4.3558486     0.054127639     0.027370295       4.3446525       4.3408489     0.087622108
       4.4963599     0.052881158     0.026319143       4.4855869       4.4814438     0.092449392
       4.6368711     0.051615643     0.025194010       4.6265911       4.6220930     0.097317853
       4.7773823     0.050372055     0.024000531       4.7676671       4.7627981      0.10222829
       4.9178936     0.049190656     0.022745094       4.9088167       4.9035610      0.10718227
       5.0584048     0.048110120     0.021434720       5.0500421       5.0443832      0.11218200
       5.1989161     0.047166683     0.020076937       5.1913453       5.1852666      0.11723011
       5.3394273     0.046393351     0.018679653       5.3327284       5.3262128      0.12232953
       5.4799386     0.045819181     0.017251026       5.4741935       5.4672237      0.12748325
       5.6204498     0.045468651     0.015799338       5.6157429       5.6083010      0.13269418
       5.7609611     0.045361139     0.014332869       5.7573786       5.7494464      0.13796495
       5.9014723     0.045510513     0.012859783       5.8991028       5.8906616      0.14329773
       6.0419836     0.045924856     0.011388011       6.0409176       6.0319485      0.14869405
       6.1824948     0.046606323  9.9251553E-003       6.1828251       6.1733087      0.15415468
       6.3230060     0.047551142  8.4783926E-003       6.3248274       6.3147440      0.15967946
       6.4635173     0.048749770  7.0543986E-003       6.4669263       6.4562563      0.16526718
       6.6040285     0.050187188  5.6592811E-003       6.6091239       6.5978472      0.17091550
       6.7445398     0.051843349  4.2985301E-003       6.7514219       6.7395185      0.17662085
       6.8850510     0.053693763  2.9769828E-003       6.8938219       6.8812720      0.18237838
       7.0255623     0.055710211  1.6988054E-003       7.0363257       7.0231095      0.18818194
       7.1660735     0.057861577  4.6749181E-004       7.1789346       7.1650327      0.19402410
       7.3065848     0.060114784 -7.1412132E-004       7.3216500       7.3070435      0.19989615
       7.4470960     0.062435791 -1.8438218E-003       7.4644731       7.4491437      0.20578816
       7.5876072     0.064790664 -2.9199754E-003       7.6074050       7.5913349      0.21168908
       7.7281185     0.067146658 -3.9414626E-003       7.7504465       7.7336191      0.21758683
       7.8686297     0.069473293 -4.9076024E-003       7.8935984       7.8759981      0.22346844
       8.0091410     0.071743395 -5.8180647E-003       8.0368615       8.0184736      0.22932020
       8.1496522     0.073934059 -6.6727737E-003       8.1802363       8.1610474      0.23512781
       8.2901635     0.076027493 -7.4718013E-003       8.3237231       8.3037214      0.24087656
       8.4306747     0.078011742 -8.2152608E-003       8.4673224       8.4464974      0.24655149
       8.5711860     0.079881202 -8.9031953E-003       8.6110343       8.5893773      0.25213761
       8.7116972     0.081636948 -9.5354687E-003       8.7548591       8.7323628      0.25762004
       8.8522085     0.083286816    -0.010111664       8.8987969       8.8754558      0.26298414
       8.9927197     0.084845225    -0.010630983       9.0428476       9.0186582      0.26821570
       9.1332309     0.086332743    -0.011092169       9.1870115       9.1619717      0.27330104
       9.2737422     0.087775359    -0.011493436       9.3312885       9.3053983      0.27822707
       9.4142534     0.089203489    -0.011832413       9.4756786       9.4489399      0.28298132
       9.5547647     0.090650726    -0.012106118       9.6201819       9.5925982      0.28755199
       9.6952759     0.092152346    -0.012310949       9.7647983       9.7363751      0.29192788
       9.8357872     0.093743622    -0.012442694       9.9095279       9.8802726      0.29609825
       9.9762984     0.095457982    -0.012496580       10.054371       10.024293      0.30005276
       10.116810     0.097325085    -0.012467327       10.199327       10.168437      0.30378120
       10.257321     0.099368873    -0.012349245       10.344395       10.312707      0.30727329
       10.397832      0.10160569    -0.012136339       10.489577       10.457106      0.31051836
       10.538343      0.10404256    -0.011822442       10.634871       10.601634      0.31350506
       10.678855      0.10667574    -0.011401358       10.780277       10.746295      0.31622100
       10.819366      0.10948958    -0.010867016       10.925794       10.891089      0.31865237
       10.959877      0.11245593    -0.010213634       11.071421       11.036019      0.32078358
       11.100388      0.11553402 -9.4358694E-003       11.217157       11.181087      0.32259691
       11.240900      0.11867111 -8.5289707E-003       11.363000       11.326295      0.32407217
       11.381411      0.12180373 -7.4889019E-003       11.508948       11.471644      0.32518643
       11.521922      0.12485983 -6.3124454E-003       11.654998       11.617136      0.32591383
       11.662433      0.12776169 -4.9972651E-003       11.801148       11.762775      0.32622540
       11.802945      0.13042961 -3.5419270E-003       11.947393       11.908560      0.32608913
       11.943456      0.13278639 -1.9458668E-003       12.093729       12.054496      0.32546997
       12.083967      0.13476242 -2.0929989E-004       12.240153       12.200582      0.32433018
       12.224478      0.13630120  1.6669323E-003       12.386657       12.346823      0.32262961
       12.364990      0.13736521  3.6815807E-003       12.533237       12.493218      0.32032631
       12.505501      0.13794162  5.8332711E-003       12.679887       12.639772      0.31737713
       12.646012      0.13804772  8.1208478E-003       12.826600       12.786484      0.31373860
       12.786523      0.13773552     0.010543768       12.973370       12.933359      0.30936775
       12.927035      0.13709513     0.013102535       13.120190       13.080396      0.30422314
       13.067546      0.13625653     0.015799154       13.267053       13.227600      0.29826588
       13.208057      0.13538912     0.018637589       13.413954       13.374971      0.29146053
       13.348568      0.13469874     0.021624183       13.560886       13.522512      0.28377604
       13.489080      0.13442168     0.024768030       13.707843       13.670225      0.27518644
       13.629591      0.13481537     0.028081245       13.854822       13.818111      0.26567119
       13.770102      0.13614547     0.031579098       14.001818       13.966174      0.25521534
       13.910613      0.13866940     0.035279984       14.148827       14.114415      0.24380903
       14.051125      0.14261633     0.039205173       14.295846       14.262835      0.23144656
