Results for:	
File:	C:\Users\User\OneDrive - Massachusetts Institute of Technology\Documents\MIT\Grad School\Classes\2.156\Lens Project\Prime Lenses\US08970966-2.zmx
Title:	
Date:	11/7/2025 5:51:16 PM

0 message(s) in output.
3 series table(s) in output.

Table series: Data for wavelength : 0.486133 µm.
   Y Angle (deg)       Tan Shift       Sag Shift     Real Height     Ref. Height      Distortion
  --------------  --------------  --------------  --------------  --------------  --------------
      0.00000000    -0.070399665    -0.070399665      0.00000000      0.00000000      0.00000000
      0.29000000    -0.070397036    -0.070452193      0.19729913      0.19729961 -2.4239404E-004
      0.58000000    -0.070411355    -0.070609737      0.39460626      0.39460932 -7.7680239E-004
      0.87000000    -0.070442763    -0.070872184      0.59192939      0.59193926 -1.6672614E-003
       1.1600000    -0.070491484    -0.071239342      0.78927654      0.78929954 -2.9134385E-003
       1.4500000    -0.070557823    -0.071710941      0.98665572      0.98670027 -4.5148672E-003
       1.7400000    -0.070642164    -0.072286636       1.1840750       1.1841516 -6.4709471E-003
       2.0300000    -0.070744971    -0.072966002       1.3815423       1.3816636 -8.7809318E-003
       2.3200000    -0.070866785    -0.073748536       1.5790658       1.5792466    -0.011443971
       2.6100000    -0.071008220    -0.074633656       1.7766536       1.7769106    -0.014459045
       2.9000000    -0.071169968    -0.075620700       1.9743138       1.9746658    -0.017825008
       3.1900000    -0.071352789    -0.076708923       2.1720544       2.1725224    -0.021540571
       3.4800000    -0.071557513    -0.077897498       2.3698838       2.3704907    -0.025604306
       3.7700000    -0.071785035    -0.079185517       2.5678100       2.5685810    -0.030014641
       4.0600000    -0.072036313    -0.080571984       2.7658413       2.7668034    -0.034769858
       4.3500000    -0.072312364    -0.082055816       2.9639861       2.9651682    -0.039868091
       4.6400000    -0.072614261    -0.083635845       3.1622525       3.1636859    -0.045307325
       4.9300000    -0.072943126    -0.085310810       3.3606491       3.3623668    -0.051085390
       5.2200000    -0.073300131    -0.087079361       3.5591842       3.5612212    -0.057199963
       5.5100000    -0.073686486    -0.088940050       3.7578662       3.7602596    -0.063648560
       5.8000000    -0.074103442    -0.090891334       3.9567038       3.9594924    -0.070428535
       6.0900000    -0.074552276    -0.092931575       4.1557056       4.1589303    -0.077537077
       6.3800000    -0.075034296    -0.095059029       4.3548801       4.3585836    -0.084971206
       6.6700000    -0.075550824    -0.097271851       4.5542361       4.5584631    -0.092727767
       6.9600000    -0.076103198    -0.099568088       4.7537825       4.7585793     -0.10080343
       7.2500000    -0.076692760     -0.10194568       4.9535281       4.9589430     -0.10919468
       7.5400000    -0.077320848     -0.10440245       5.1534818       5.1595649     -0.11789781
       7.8300000    -0.077988793     -0.10693610       5.3536528       5.3604557     -0.12690894
       8.1200000    -0.078697906     -0.10954423       5.5540502       5.5616264     -0.13622396
       8.4100000    -0.079449470     -0.11222431       5.7546831       5.7630879     -0.14583860
       8.7000000    -0.080244733     -0.11497365       5.9555610       5.9648511     -0.15574835
       8.9900000    -0.081084896     -0.11778948       6.1566932       6.1669272     -0.16594848
       9.2800000    -0.081971102     -0.12066886       6.3580894       6.3693270     -0.17643407
       9.5700000    -0.082904429     -0.12360871       6.5597591       6.5720620     -0.18719994
       9.8600000    -0.083885876     -0.12660583       6.7617122       6.7751433     -0.19824069
       10.150000    -0.084916351     -0.12965683       6.9639585       6.9785821     -0.20955068
       10.440000    -0.085996659     -0.13275820       7.1665081       7.1823901     -0.22112400
       10.730000    -0.087127493     -0.13590623       7.3693711       7.3865785     -0.23295450
       11.020000    -0.088309413     -0.13909709       7.5725579       7.5911590     -0.24503576
       11.310000    -0.089542842     -0.14232673       7.7760789       7.7961431     -0.25736106
       11.600000    -0.090828042     -0.14559094       7.9799447       8.0015428     -0.26992343
       11.890000    -0.092165106     -0.14888533       8.1841661       8.2073696     -0.28271556
       12.180000    -0.093553941     -0.15220530       8.3887540       8.4136357     -0.29572986
       12.470000    -0.094994251     -0.15554604       8.5937196       8.6203529     -0.30895842
       12.760000    -0.096485522     -0.15890256       8.7990740       8.8275334     -0.32239299
       13.050000    -0.098027004     -0.16226962       9.0048289       9.0351894     -0.33602497
       13.340000    -0.099617696     -0.16564177       9.2109958       9.2433332     -0.34984543
       13.630000     -0.10125633     -0.16901331       9.4175867       9.4519773     -0.36384503
       13.920000     -0.10294134     -0.17237832       9.6246136       9.6611341     -0.37801408
       14.210000     -0.10467088     -0.17573060       9.8320889       9.8708163     -0.39234249
       14.500000     -0.10644275     -0.17906369       10.040025       10.081037     -0.40681974
       14.790000     -0.10825443     -0.18237085       10.248435       10.291808     -0.42143488
       15.080000     -0.11010302     -0.18564506       10.457332       10.503144     -0.43617654
       15.370000     -0.11198528     -0.18887899       10.666728       10.715057     -0.45103284
       15.660000     -0.11389753     -0.19206502       10.876638       10.927560     -0.46599147
       15.950000     -0.11583570     -0.19519518       11.087076       11.140667     -0.48103958
       16.240000     -0.11779529     -0.19826116       11.298055       11.354392     -0.49616381
       16.530000     -0.11977134     -0.20125432       11.509591       11.568748     -0.51135025
       16.820000     -0.12175844     -0.20416563       11.721697       11.783748     -0.52658444
       17.110000     -0.12375069     -0.20698570       11.934389       11.999408     -0.54185131
       17.400000     -0.12574170     -0.20970472       12.147683       12.215741     -0.55713520
       17.690000     -0.12772459     -0.21231247       12.361594       12.432761     -0.57241979
       17.980000     -0.12969194     -0.21479831       12.576138       12.650483     -0.58768811
       18.270000     -0.13163585     -0.21715113       12.791332       12.868922     -0.60292248
       18.560000     -0.13354784     -0.21935936       13.007193       13.088091     -0.61810452
       18.850000     -0.13541895     -0.22141095       13.223739       13.308007     -0.63321509
       19.140000     -0.13723968     -0.22329333       13.440987       13.528684     -0.64823425
       19.430000     -0.13899998     -0.22499339       13.658955       13.750138     -0.66314125
       19.720000     -0.14068933     -0.22649748       13.877664       13.972384     -0.67791451
       20.010000     -0.14229670     -0.22779138       14.097131       14.195438     -0.69253153
       20.300000     -0.14381060     -0.22886024       14.317376       14.419316     -0.70696890
       20.590000     -0.14521908     -0.22968861       14.538421       14.644034     -0.72120223
       20.880000     -0.14650982     -0.23026039       14.760286       14.869608     -0.73520614
       21.170000     -0.14767011     -0.23055878       14.982992       15.096055     -0.74895419
       21.460000     -0.14868699     -0.23056628       15.206562       15.323391     -0.76241883
       21.750000     -0.14954725     -0.23026466       15.431019       15.551633     -0.77557138
       22.040000     -0.15023754     -0.22963493       15.656387       15.780800     -0.78838196
       22.330000     -0.15074451     -0.22865727       15.882689       16.010907     -0.80081943
       22.620000     -0.15105484     -0.22731106       16.109950       16.241973     -0.81285136
       22.910000     -0.15115549     -0.22557479       16.338197       16.474016     -0.82444397
       23.200000     -0.15103375     -0.22342608       16.567456       16.707054     -0.83556204
       23.490000     -0.15067752     -0.22084158       16.797754       16.941105     -0.84616889
       23.780000     -0.15007547     -0.21779697       17.029121       17.176188     -0.85622627
       24.070000     -0.14921729     -0.21426694       17.261584       17.412322     -0.86569434
       24.360000     -0.14809399     -0.21022511       17.495175       17.649526     -0.87453156
       24.650000     -0.14669821     -0.20564399       17.729925       17.887819     -0.88269465
       24.940000     -0.14502461     -0.20049498       17.965865       18.127223     -0.89013847
       25.230000     -0.14307026     -0.19474827       18.203031       18.367756     -0.89681598
       25.520000     -0.14083511     -0.18837285       18.441456       18.609439     -0.90267815
       25.810000     -0.13832255     -0.18133642       18.681175       18.852293     -0.90767384
       26.100000     -0.13554003     -0.17360536       18.922228       19.096339     -0.91174976
       26.390000     -0.13249969     -0.16514470       19.164651       19.341598     -0.91485033
       26.680000     -0.12921920     -0.15591803       19.408485       19.588092     -0.91691760
       26.970000     -0.12572259     -0.14588749       19.653771       19.835843     -0.91789117
       27.260000     -0.12204125     -0.13501371       19.900553       20.084874     -0.91770803
       27.550000     -0.11821505     -0.12325573       20.148875       20.335207     -0.91630253
       27.840000     -0.11429354     -0.11057100       20.398782       20.586865     -0.91360617
       28.130000     -0.11033741    -0.096915300       20.650324       20.839873     -0.90954757
       28.420000     -0.10641998    -0.082242683       20.903550       21.094253     -0.90405230
       28.710000     -0.10262901    -0.066505454       21.158512       21.350031     -0.89704274
       29.000000    -0.099068637    -0.049654104       21.415264       21.607231     -0.88843803

Table series: Data for wavelength : 0.587562 µm.
   Y Angle (deg)       Tan Shift       Sag Shift     Real Height     Ref. Height      Distortion
  --------------  --------------  --------------  --------------  --------------  --------------
      0.00000000    -0.016295295    -0.016295295      0.00000000      0.00000000      0.00000000
      0.29000000    -0.016293313    -0.016350744      0.19743983      0.19744019 -1.8308974E-004
      0.58000000    -0.016308761    -0.016517052      0.39488760      0.39489050 -7.3228553E-004
      0.87000000    -0.016341778    -0.016794106      0.59235128      0.59236104 -1.6473980E-003
       1.1600000    -0.016392579    -0.017181719      0.78983881      0.78986194 -2.9281061E-003
       1.4500000    -0.016461459    -0.017679625      0.98735816      0.98740332 -4.5739598E-003
       1.7400000    -0.016548790    -0.018287485       1.1849173       1.1849953 -6.5843795E-003
       2.0300000    -0.016655020    -0.019004880       1.3825243       1.3826481 -8.9586526E-003
       2.3200000    -0.016780669    -0.019831318       1.5801870       1.5803718    -0.011695943
       2.6100000    -0.016926331    -0.020766225       1.7779136       1.7781767    -0.014795274
       2.9000000    -0.017092672    -0.021808951       1.9757120       1.9760728    -0.018255539
       3.1900000    -0.017280424    -0.022958762       2.1735905       2.1740704    -0.022075496
       3.4800000    -0.017490387    -0.024214848       2.3715570       2.3721798    -0.026253765
       3.7700000    -0.017723421    -0.025576314       2.5696197       2.5704111    -0.030788828
       4.0600000    -0.017980447    -0.027042181       2.7677869       2.7687748    -0.035679028
       4.3500000    -0.018262443    -0.028611387       2.9660667       2.9672810    -0.040922563
       4.6400000    -0.018570437    -0.030282780       3.1644674       3.1659401    -0.046517488
       4.9300000    -0.018905505    -0.032055124       3.3629973       3.3647626    -0.052461708
       5.2200000    -0.019268770    -0.033927090       3.5616648       3.5637587    -0.058752979
       5.5100000    -0.019661389    -0.035897255       3.7604783       3.7629389    -0.065388904
       5.8000000    -0.020084554    -0.037964104       3.9594463       3.9623137    -0.072366928
       6.0900000    -0.020539487    -0.040126024       4.1585773       4.1618936    -0.079684337
       6.3800000    -0.021027430    -0.042381305       4.3578798       4.3616892    -0.087338252
       6.6700000    -0.021549640    -0.044728130       4.5573627       4.5617111    -0.095325627
       6.9600000    -0.022107384    -0.047164583       4.7570345       4.7619699     -0.10364324
       7.2500000    -0.022701931    -0.049688636       4.9569041       4.9624764     -0.11228771
       7.5400000    -0.023334544    -0.052298152       5.1569805       5.1632412     -0.12125545
       7.8300000    -0.024006471    -0.054990879       5.3572725       5.3642752     -0.13054271
       8.1200000    -0.024718939    -0.057764447       5.5577893       5.5655893     -0.14014552
       8.4100000    -0.025473145    -0.060616365       5.7585401       5.7671943     -0.15005976
       8.7000000    -0.026270243    -0.063544017       5.9595339       5.9691013     -0.16028105
       8.9900000    -0.027111339    -0.066544656       6.1607804       6.1713213     -0.17080486
       9.2800000    -0.027997477    -0.069615403       6.3622888       6.3738654     -0.18162641
       9.5700000    -0.028929630    -0.072753239       6.5640687       6.5767448     -0.19274069
       9.8600000    -0.029908688    -0.075955002       6.7661300       6.7799708     -0.20414250
       10.150000    -0.030935449    -0.079217383       6.9684822       6.9835546     -0.21582638
       10.440000    -0.032010601    -0.082536917       7.1711356       7.1875077     -0.22778663
       10.730000    -0.033134713    -0.085909982       7.3740999       7.3918416     -0.24001728
       11.020000    -0.034308223    -0.089332789       7.5773856       7.5965679     -0.25251215
       11.310000    -0.035531419    -0.092801382       7.7810030       7.8016981     -0.26526473
       11.600000    -0.036804432    -0.096311622       7.9849625       8.0072441     -0.27826829
       11.890000    -0.038127212    -0.099859189       8.1892748       8.2132176     -0.29151576
       12.180000    -0.039499520     -0.10343957       8.3939508       8.4196306     -0.30499980
       12.470000    -0.040920910     -0.10704806       8.5990014       8.6264951     -0.31871276
       12.760000    -0.042390711     -0.11067974       8.8044379       8.8338233     -0.33264667
       13.050000    -0.043908010     -0.11432947       9.0102715       9.0416272     -0.34679322
       13.340000    -0.045471639     -0.11799191       9.2165139       9.2499194     -0.36114375
       13.630000    -0.047080152     -0.12166147       9.4231767       9.4587121     -0.37568925
       13.920000    -0.048731810     -0.12533232       9.6302720       9.6680179     -0.39042035
       14.210000    -0.050424564     -0.12899839       9.8378120       9.8778496     -0.40532728
       14.500000    -0.052156032     -0.13265334       10.045809       10.088220     -0.42039987
       14.790000    -0.053923484     -0.13629056       10.254276       10.299141     -0.43562753
       15.080000    -0.055723824     -0.13990317       10.463225       10.510628     -0.45099925
       15.370000    -0.057553568     -0.14348397       10.672670       10.722691     -0.46650357
       15.660000    -0.059408827     -0.14702549       10.882624       10.935346     -0.48212854
       15.950000    -0.061285291     -0.15051991       11.093101       11.148605     -0.49786176
       16.240000    -0.063178206     -0.15395909       11.304114       11.362482     -0.51369029
       16.530000    -0.065082362     -0.15733456       11.515679       11.576991     -0.52960068
       16.820000    -0.066992073     -0.16063748       11.727809       11.792145     -0.54557894
       17.110000    -0.068901162     -0.16385862       11.940520       12.007958     -0.56161050
       17.400000    -0.070802950     -0.16698838       12.153827       12.224445     -0.57768019
       17.690000    -0.072690237     -0.17001676       12.367745       12.441620     -0.59377224
       17.980000    -0.074555296     -0.17293332       12.582290       12.659497     -0.60987021
       18.270000    -0.076389861     -0.17572719       12.797480       12.878091     -0.62595702
       18.560000    -0.078185124     -0.17838703       13.013330       13.097417     -0.64201487
       18.850000    -0.079931727     -0.18090105       13.229857       13.317490     -0.65802524
       19.140000    -0.081619766     -0.18325693       13.447080       13.538324     -0.67396886
       19.430000    -0.083238793     -0.18544186       13.665016       13.759936     -0.68982564
       19.720000    -0.084777827     -0.18744247       13.883684       13.982340     -0.70557471
       20.010000    -0.086225364     -0.18924484       14.103103       14.205553     -0.72119429
       20.300000    -0.087569403     -0.19083445       14.323293       14.429590     -0.73666175
       20.590000    -0.088797467     -0.19219620       14.544273       14.654468     -0.75195350
       20.880000    -0.089896644     -0.19331432       14.766065       14.880203     -0.76704498
       21.170000    -0.090853627     -0.19417241       14.988689       15.106811     -0.78191062
       21.460000    -0.091654774     -0.19475336       15.212168       15.334309     -0.79652377
       21.750000    -0.092286168     -0.19503935       15.436523       15.562714     -0.81085669
       22.040000    -0.092733704     -0.19501181       15.661778       15.792044     -0.82488050
       22.330000    -0.092983175     -0.19465142       15.887958       16.022315     -0.83856508
       22.620000    -0.093020396     -0.19393802       16.115086       16.253546     -0.85187908
       22.910000    -0.092831322     -0.19285061       16.343187       16.485754     -0.86478984
       23.200000    -0.092402210     -0.19136735       16.572289       16.718958     -0.87726331
       23.490000    -0.091719792     -0.18946546       16.802417       16.953176     -0.88926403
       23.780000    -0.090771477     -0.18712122       17.033601       17.188426     -0.90075504
       24.070000    -0.089545590     -0.18430993       17.265867       17.424728     -0.91169785
       24.360000    -0.088031636     -0.18100587       17.499248       17.662101     -0.92205230
       24.650000    -0.086220612     -0.17718227       17.733772       17.900565     -0.93177659
       24.940000    -0.084105351     -0.17281125       17.969472       18.140139     -0.94082712
       25.230000    -0.081680928     -0.16786378       18.206380       18.380843     -0.94915845
       25.520000    -0.078945108     -0.16230965       18.444531       18.622699     -0.95672324
       25.810000    -0.075898861     -0.15611743       18.683960       18.865726     -0.96347211
       26.100000    -0.072546943     -0.14925441       18.924702       19.109945     -0.96935362
       26.390000    -0.068898551     -0.14168656       19.166797       19.355379     -0.97431413
       26.680000    -0.064968069     -0.13337848       19.410282       19.602049     -0.97829772
       26.970000    -0.060775901     -0.12429338       19.655199       19.849977     -0.98124612
       27.260000    -0.056349413     -0.11439300       19.901590       20.099185     -0.98309857
       27.550000    -0.051723991     -0.10363756       20.149497       20.349696     -0.98379174
       27.840000    -0.046944234    -0.091985743       20.398967       20.601534     -0.98325962
       28.130000    -0.042065288    -0.079394639       20.650047       20.854722     -0.98143340
       28.420000    -0.037154344    -0.065819685       20.902784       21.109284     -0.97824135
       28.710000    -0.032292317    -0.051214632       21.157230       21.365244     -0.97360874
       29.000000    -0.027575724    -0.035531501       21.413437       21.622627     -0.96745766

Table series: Data for wavelength : 0.656273 µm.
   Y Angle (deg)       Tan Shift       Sag Shift     Real Height     Ref. Height      Distortion
  --------------  --------------  --------------  --------------  --------------  --------------
      0.00000000     0.046267776     0.046267776      0.00000000      0.00000000      0.00000000
      0.29000000     0.046270170     0.046211314      0.19753278      0.19753318 -2.0297559E-004
      0.58000000     0.046256122     0.046041965      0.39507349      0.39507648 -7.5741950E-004
      0.87000000     0.046225494     0.045759842      0.59263006      0.59264002 -1.6812819E-003
       1.1600000     0.046178076     0.045365133      0.79021044      0.79023394 -2.9742464E-003
       1.4500000     0.046113577     0.044858101      0.98782257      0.98786837 -4.6358693E-003
       1.7400000     0.046031635     0.044239084       1.1854744       1.1855534 -6.6655794E-003
       2.0300000     0.045931808     0.043508498       1.3831739       1.3832993 -9.0626836E-003
       2.3200000     0.045813588     0.042666835       1.5809292       1.5811161    -0.011826339
       2.6100000     0.045676391     0.041714666       1.7787481       1.7790141    -0.014955593
       2.9000000     0.045519566     0.040652639       1.9766387       1.9770035    -0.018449354
       3.1900000     0.045342396     0.039481481       2.1746092       2.1750943    -0.022306397
       3.4800000     0.045144098     0.038202003       2.3726675       2.3732970    -0.026525363
       3.7700000     0.044923830     0.036815095       2.5708218       2.5716217    -0.031104755
       4.0600000     0.044680691     0.035321730       2.7690804       2.7700788    -0.036042940
       4.3500000     0.044413727     0.033722968       2.9674513       2.9686785    -0.041338142
       4.6400000     0.044121932     0.032019953       3.1659429       3.1674312    -0.046988442
       4.9300000     0.043804254     0.030213918       3.3645634       3.3663473    -0.052991777
       5.2200000     0.043459602     0.028306185       3.5633212       3.5654371    -0.059345934
       5.5100000     0.043086844     0.026298173       3.7622246       3.7647111    -0.066048549
       5.8000000     0.042684820     0.024191387       3.9612822       3.9641799    -0.073097104
       6.0900000     0.042252342     0.021987435       4.1605023       4.1638538    -0.080488923
       6.3800000     0.041788203     0.019688020       4.3598938       4.3637435    -0.088221168
       6.6700000     0.041291183     0.017294949       4.5594650       4.5638596    -0.096290836
       6.9600000     0.040760052     0.014810131       4.7592248       4.7642127     -0.10469476
       7.2500000     0.040193585     0.012235585       4.9591820       4.9648136     -0.11342958
       7.5400000     0.039590560  9.5734377E-003       5.1593454       5.1656730     -0.12249178
       7.8300000     0.038949776  6.8259314E-003       5.3597240       5.3668017     -0.13187766
       8.1200000     0.038270052  3.9954249E-003       5.5603269       5.5682105     -0.14158331
       8.4100000     0.037550243  1.0843982E-003       5.7611631       5.7699105     -0.15160465
       8.7000000     0.036789246 -1.9045442E-003       5.9622418       5.9719126     -0.16193739
       8.9900000     0.035986011 -4.9686687E-003       6.1635725       6.1742278     -0.17257703
       9.2800000     0.035139550 -8.1051085E-003       6.3651646       6.3768673     -0.18351887
       9.5700000     0.034248950    -0.011310859       6.5670275       6.5798423     -0.19475799
       9.8600000     0.033313384    -0.014582774       6.7691710       6.7831640     -0.20628924
       10.150000     0.032332121    -0.017917557       6.9716049       6.9868437     -0.21810723
       10.440000     0.031304538    -0.021311763       7.1743390       7.1908929     -0.23020634
       10.730000     0.030230139    -0.024761785       7.3773834       7.3953230     -0.24258071
       11.020000     0.029108561    -0.028263853       7.5807483       7.6001457     -0.25522421
       11.310000     0.027939590    -0.031814028       7.7844440       7.8053725     -0.26813044
       11.600000     0.026723179    -0.035408193       7.9884809       8.0110153     -0.28129275
       11.890000     0.025459460    -0.039042050       8.1928698       8.2170858     -0.29470418
       12.180000     0.024148760    -0.042711107       8.3976213       8.4235961     -0.30835749
       12.470000     0.022791616    -0.046410679       8.6027465       8.6305580     -0.32224513
       12.760000     0.021388795    -0.050135873       8.8082564       8.8379838     -0.33635923
       13.050000     0.019941305    -0.053881584       9.0141625       9.0458856     -0.35069159
       13.340000     0.018450421    -0.057642486       9.2204761       9.2542758     -0.36523369
       13.630000     0.016917694    -0.061413021       9.4272091       9.4631669     -0.37997663
       13.920000     0.015344974    -0.065187394       9.6343733       9.6725713     -0.39491116
       14.210000     0.013734428    -0.068959561       9.8419808       9.8825018     -0.41002765
       14.500000     0.012088558    -0.072723216       10.050044       10.092971     -0.42531606
       14.790000     0.010410220    -0.076471788       10.258576       10.303992     -0.44076596
       15.080000  8.7026417E-003    -0.080198424       10.467588       10.515578     -0.45636647
       15.370000  6.9694454E-003    -0.083895978       10.677095       10.727742     -0.47210629
       15.660000  5.2146619E-003    -0.087557003       10.887110       10.940496     -0.48797365
       15.950000  3.4427522E-003    -0.091173734       11.097645       11.153856     -0.50395628
       16.240000  1.6586251E-003    -0.094738080       11.308716       11.367834     -0.52004144
       16.530000 -1.3234584E-004    -0.098241605       11.520336       11.582443     -0.53621586
       16.820000 -1.9243042E-003     -0.10167552       11.732520       11.797699     -0.55246573
       17.110000 -3.7108956E-003     -0.10503066       11.945283       12.013614     -0.56877667
       17.400000 -5.4852523E-003     -0.10829747       12.158639       12.230202     -0.58513372
       17.690000 -7.2399800E-003     -0.11146601       12.372605       12.447480     -0.60152133
       17.980000 -8.9671463E-003     -0.11452590       12.587196       12.665459     -0.61792327
       18.270000    -0.010658271     -0.11746634       12.802429       12.884156     -0.63432269
       18.560000    -0.012304318     -0.12027606       13.018320       13.103585     -0.65070203
       18.850000    -0.013895694     -0.12294333       13.234887       13.323762     -0.66704303
       19.140000    -0.015422244     -0.12545592       13.452146       13.544700     -0.68332665
       19.430000    -0.016873257     -0.12780108       13.670116       13.766416     -0.69953311
       19.720000    -0.018237473     -0.12996555       13.888815       13.988926     -0.71564178
       20.010000    -0.019503098     -0.13193548       14.108262       14.212244     -0.73163121
       20.300000    -0.020657817     -0.13369646       14.328477       14.436386     -0.74747905
       20.590000    -0.021688828     -0.13523347       14.549480       14.661370     -0.76316203
       20.880000    -0.022582870     -0.13653086       14.771291       14.887211     -0.77865593
       21.170000    -0.023326269     -0.13757233       14.993931       15.113926     -0.79393552
       21.460000    -0.023904987     -0.13834089       15.217422       15.341531     -0.80897452
       21.750000    -0.024304694     -0.13881885       15.441786       15.570044     -0.82374558
       22.040000    -0.024510837     -0.13898777       15.667047       15.799482     -0.83822018
       22.330000    -0.024508738     -0.13882846       15.893228       16.029861     -0.85236863
       22.620000    -0.024283701     -0.13832089       16.120353       16.261201     -0.86616001
       22.910000    -0.023821141     -0.13744425       16.348448       16.493519     -0.87956210
       23.200000    -0.023106731     -0.13617683       16.577538       16.726832     -0.89254134
       23.490000    -0.022126576     -0.13449603       16.807651       16.961160     -0.90506273
       23.780000    -0.020867415     -0.13237832       17.038814       17.196522     -0.91708985
       24.070000    -0.019316847     -0.12979918       17.271055       17.432935     -0.92858472
       24.360000    -0.017463594     -0.12673310       17.504405       17.670420     -0.93950778
       24.650000    -0.015297809     -0.12315352       17.738893       17.908996     -0.94981777
       24.940000    -0.012811410     -0.11903278       17.974551       18.148683     -0.95947173
       25.230000 -9.9984801E-003     -0.11434209       18.211412       18.389500     -0.96842486
       25.520000 -6.8557079E-003     -0.10905149       18.449509       18.631469     -0.97663049
       25.810000 -3.3828925E-003     -0.10312983       18.688877       18.874611     -0.98403995
       26.100000  4.1648457E-004    -0.096544670       18.929553       19.118946     -0.99060254
       26.390000  4.5346142E-003    -0.089262277       19.171573       19.364495     -0.99626539
       26.680000  8.9586302E-003    -0.081247576       19.414977       19.611281      -1.0009734
       26.970000     0.013669787    -0.072464094       19.659805       19.859325      -1.0046691
       27.260000     0.018642534    -0.062873922       19.906098       20.108651      -1.0072928
       27.550000     0.023843472    -0.052437663       20.153900       20.359280      -1.0087818
       27.840000     0.029230186    -0.041114391       20.403255       20.611237      -1.0090714
       28.130000     0.034749924    -0.028861603       20.654210       20.864544      -1.0080936
       28.420000     0.040338130    -0.015635177       20.906813       21.119226      -1.0057778
       28.710000     0.045916787 -1.3893258E-003       21.161115       21.375306      -1.0020505
       29.000000     0.051392569     0.013923444       21.417167       21.632811     -0.99683493
