Results for:	
File:	C:\Users\User\OneDrive - Massachusetts Institute of Technology\Documents\MIT\Grad School\Classes\2.156\Lens Project\Prime Lenses\CN107272156_Example01P.zmx
Title:	CN 107272156 Example 1 (Zhong Yi SpeedMaster 35mm F0.95 II)
Date:	11/7/2025 5:21:31 PM

0 message(s) in output.
3 series table(s) in output.

Table series: Data for wavelength : 0.486133 µm.
   Y Angle (deg)       Tan Shift       Sag Shift     Real Height     Ref. Height      Distortion
  --------------  --------------  --------------  --------------  --------------  --------------
      0.00000000     0.035796096     0.035796096      0.00000000      0.00000000      0.00000000
      0.23053624     0.035723646     0.035736411      0.13837529      0.13837600 -5.1471748E-004
      0.46107248     0.035480712     0.035557401      0.27675178      0.27675648 -1.6959299E-003
      0.69160872     0.035067414     0.035259198      0.41513071      0.41514592 -3.6643314E-003
      0.92214496     0.034483953     0.034842025      0.55351327      0.55354880 -6.4194923E-003
       1.1526812     0.033730609     0.034306192      0.69190069      0.69196962 -9.9608098E-003
       1.3832174     0.032807742     0.033652098      0.83029420      0.83041284    -0.014287507
       1.6137537     0.031715793     0.032880233      0.96869502      0.96888297    -0.019398630
       1.8442899     0.030455281     0.031991174       1.1071044       1.1073845    -0.025293046
       2.0748262     0.029026806     0.030985592       1.2455236       1.2459219    -0.031969456
       2.3053624     0.027431048     0.029864244       1.3839539       1.3844997    -0.039426338
       2.5358987     0.025668768     0.028627980       1.5223965       1.5231225    -0.047662021
       2.7664349     0.023740804     0.027277741       1.6608528       1.6617946    -0.056674630
       2.9969711     0.021648075     0.025814560       1.7993240       1.8005207    -0.066462096
       3.2275074     0.019391581     0.024239561       1.9378115       1.9393052    -0.077022149
       3.4580436     0.016972401     0.022553964       2.0763166       2.0781527    -0.088352315
       3.6885799     0.014391692     0.020759081       2.2148407       2.2170678     -0.10044991
       3.9191161     0.011650693     0.018856319       2.3533852       2.3560549     -0.11331203
       4.1496523  8.7507210E-003     0.016847180       2.4919515       2.4951187     -0.12693555
       4.3801886  5.6931734E-003     0.014733265       2.6305410       2.6342637     -0.14131712
       4.6107248  2.4795264E-003     0.012516271       2.7691553       2.7734945     -0.15645315
       4.8412611 -8.8866449E-004     0.010197993       2.9077957       2.9128157     -0.17233980
       5.0717973 -4.4097646E-003  7.7803277E-003       3.0464639       3.0522318     -0.18897297
       5.3023335 -8.0820604E-003  5.2652718E-003       3.1851615       3.1917476     -0.20634831
       5.5328698    -0.011903760  2.6549253E-003       3.3238900       3.3313676     -0.22446119
       5.7634060    -0.015872991 -4.8508207E-005       3.4626511       3.4710965     -0.24330668
       5.9939423    -0.019987807 -2.8427192E-003       3.6014466       3.6109390     -0.26287959
       6.2244785    -0.024246178 -5.7252913E-003       3.7402780       3.7508996     -0.28317438
       6.4550147    -0.028646001 -8.6936989E-003       3.8791474       3.8909832     -0.30418521
       6.6855510    -0.033185094    -0.011745306       4.0180564       4.0311943     -0.32590591
       6.9160872    -0.037861197    -0.014877362       4.1570071       4.1715378     -0.34832994
       7.1466235    -0.042671975    -0.018087006       4.2960013       4.3120183     -0.37145041
       7.3771597    -0.047615017    -0.021371254       4.4350411       4.4526406     -0.39526005
       7.6076960    -0.052687835    -0.024727007       4.5741287       4.5934096     -0.41975117
       7.8382322    -0.057887869    -0.028151043       4.7132661       4.7343299     -0.44491568
       8.0687684    -0.063212482    -0.031640014       4.8524556       4.8754064     -0.47074505
       8.2993047    -0.068658968    -0.035190447       4.9916997       5.0166439     -0.49723028
       8.5298409    -0.074224544    -0.038798738       5.1310005       5.1580474     -0.52436190
       8.7603772    -0.079906360    -0.042461148       5.2703608       5.2996216     -0.55212991
       8.9909134    -0.085701493    -0.046173802       5.4097830       5.4413715     -0.58052382
       9.2214496    -0.091606954    -0.049932686       5.5492699       5.5833019     -0.60953254
       9.4519859    -0.097619685    -0.053733642       5.6888243       5.7254180     -0.63914442
       9.6825221     -0.10373656    -0.057572360       5.8284491       5.8677245     -0.66934718
       9.9130584     -0.10995440    -0.061444383       5.9681473       6.0102266     -0.70012789
       10.143595     -0.11626995    -0.065345094       6.1079222       6.1529292     -0.73147295
       10.374131     -0.12267991    -0.069269714       6.2477771       6.2958375     -0.76336803
       10.604667     -0.12918090    -0.073213299       6.3877153       6.4389564     -0.79579802
       10.835203     -0.13576952    -0.077170733       6.5277406       6.5822911     -0.82874705
       11.065740     -0.14244229    -0.081136720       6.6678566       6.7258468     -0.86219837
       11.296276     -0.14919570    -0.085105781       6.8080674       6.8696285     -0.89613435
       11.526812     -0.15602617    -0.089072247       6.9483771       7.0136416     -0.93053643
       11.757348     -0.16293013    -0.093030249       7.0887900       7.1578912     -0.96538503
       11.987885     -0.16990392    -0.096973715       7.2293107       7.3023826      -1.0006595
       12.218421     -0.17694389     -0.10089636       7.3699438       7.4471212      -1.0363382
       12.448957     -0.18404635     -0.10479167       7.5106945       7.5921122      -1.0723980
       12.679493     -0.19120760     -0.10865291       7.6515679       7.7373609      -1.1088150
       12.910029     -0.19842392     -0.11247311       7.7925696       7.8828729      -1.1455635
       13.140566     -0.20569161     -0.11624502       7.9337054       8.0286536      -1.1826166
       13.371102     -0.21300695     -0.11996115       8.0749813       8.1747083      -1.2199459
       13.601638     -0.22036627     -0.12361374       8.2164039       8.3210428      -1.2575215
       13.832174     -0.22776590     -0.12719472       8.3579798       8.4676624      -1.2953116
       14.062711     -0.23520224     -0.13069573       8.4997162       8.6145728      -1.3332828
       14.293247     -0.24267172     -0.13410810       8.6416207       8.7617797      -1.3713996
       14.523783     -0.25017088     -0.13742280       8.7837011       8.9092887      -1.4096245
       14.754319     -0.25769632     -0.14063049       8.9259660       9.0571055      -1.4479181
       14.984856     -0.26524476     -0.14372141       9.0684242       9.2052359      -1.4862382
       15.215392     -0.27281307     -0.14668543       9.2110850       9.3536857      -1.5245405
       15.445928     -0.28039827     -0.14951202       9.3539585       9.5024608      -1.5627778
       15.676464     -0.28799756     -0.15219018       9.4970551       9.6515671      -1.6009002
       15.907001     -0.29560839     -0.15470847       9.6403862       9.8010105      -1.6388547
       16.137537     -0.30322845     -0.15705492       9.7839634       9.9507970      -1.6765851
       16.368073     -0.31085574     -0.15921707       9.9277996       10.100933      -1.7140314
       16.598609     -0.31848861     -0.16118186       10.071908       10.251424      -1.7511301
       16.829146     -0.32612582     -0.16293566       10.216303       10.402276      -1.7878137
       17.059682     -0.33376660     -0.16446416       10.360999       10.553496      -1.8240099
       17.290218     -0.34141070     -0.16575239       10.506014       10.705090      -1.8596421
       17.520754     -0.34905851     -0.16678461       10.651363       10.857064      -1.8946283
       17.751291     -0.35671113     -0.16754430       10.797066       11.009425      -1.9288811
       17.981827     -0.36437048     -0.16801406       10.943142       11.162179      -1.9623070
       18.212363     -0.37203942     -0.16817557       11.089613       11.315332      -1.9948060
       18.442899     -0.37972188     -0.16800949       11.236500       11.468891      -2.0262711
       18.673436     -0.38742307     -0.16749539       11.383829       11.622863      -2.0565873
       18.903972     -0.39514963     -0.16661164       11.531624       11.777254      -2.0856315
       19.134508     -0.40290985     -0.16533529       11.679915       11.932072      -2.1132712
       19.365044     -0.41071396     -0.16364201       11.828730       12.087322      -2.1393638
       19.595580     -0.41857441     -0.16150587       11.978103       12.243012      -2.1637557
       19.826117     -0.42650624     -0.15889922       12.128068       12.399148      -2.1862809
       20.056653     -0.43452751     -0.15579255       12.278664       12.555739      -2.2067603
       20.287189     -0.44265980     -0.15215423       12.429930       12.712790      -2.2249996
       20.517725     -0.45092878     -0.14795032       12.581912       12.870309      -2.2407882
       20.748262     -0.45936497     -0.14314430       12.734658       13.028303      -2.2538972
       20.978798     -0.46800457     -0.13769676       12.888220       13.186779      -2.2640773
       21.209334     -0.47689053     -0.13156508       13.042656       13.345745      -2.2710565
       21.439870     -0.48607377     -0.12470299       13.198027       13.505208      -2.2745371
       21.670407     -0.49561473     -0.11706014       13.354404       13.665176      -2.2741929
       21.900943     -0.50558528     -0.10858153       13.511861       13.825657      -2.2696652
       22.131479     -0.51607104    -0.099206886       13.670480       13.986657      -2.2605585
       22.362015     -0.52717425    -0.088869890       13.830355       14.148185      -2.2464356
       22.592552     -0.53901745    -0.077497275       13.991587       14.310249      -2.2268117
       22.823088     -0.55174800    -0.065007758       14.154288       14.472856      -2.2011469
       23.053624     -0.56554396    -0.051310730       14.318584       14.636015      -2.1688381

Table series: Data for wavelength : 0.587562 µm.
   Y Angle (deg)       Tan Shift       Sag Shift     Real Height     Ref. Height      Distortion
  --------------  --------------  --------------  --------------  --------------  --------------
      0.00000000     0.024367514     0.024367514      0.00000000      0.00000000      0.00000000
      0.23053624     0.024297607     0.024306516      0.13847550      0.13847606 -4.0260837E-004
      0.46107248     0.024062323     0.024123568      0.27695213      0.27695659 -1.6103830E-003
      0.69160872     0.023661786     0.023818799      0.41543105      0.41544610 -3.6230714E-003
      0.92214496     0.023096203     0.023392431      0.55391339      0.55394906 -6.4402691E-003
       1.1526812     0.022365861     0.022844769      0.69240029      0.69246997    -0.010061408
       1.3832174     0.021471130     0.022176209      0.83089292      0.83101330    -0.014485757
       1.6137537     0.020412461     0.021387234      0.96939243      0.96958356    -0.019712417
       1.8442899     0.019190391     0.020478416       1.1079000       1.1081852    -0.025740323
       2.0748262     0.017805533     0.019450417       1.2464168       1.2468228    -0.032568245
       2.3053624     0.016258590     0.018303985       1.3849440       1.3855008    -0.040194758
       2.5358987     0.014550340     0.017039962       1.5234828       1.5242238    -0.048618283
       2.7664349     0.012681647     0.015659277       1.6620344       1.6629962    -0.057837056
       2.9969711     0.010653458     0.014162950       1.8006001       1.8018226    -0.067849125
       3.2275074  8.4667996E-003     0.012552095       1.9391811       1.9407075    -0.078652353
       3.4580436  6.1227831E-003     0.010827914       2.0777786       2.0796554    -0.090244407
       3.6885799  3.6226015E-003  8.9917063E-003       2.2163940       2.2186709     -0.10262276
       3.9191161  9.6753050E-004  7.0448607E-003       2.3550286       2.3577585     -0.11578467
       4.1496523 -1.8410717E-003  4.9888626E-003       2.4936837       2.4969229     -0.12972720
       4.3801886 -4.8017643E-003  2.8252922E-003       2.6323606       2.6361685     -0.14444718
       4.6107248 -7.9130236E-003  5.5582605E-004       2.7710608       2.7754999     -0.15994123
       4.8412611    -0.011173243 -1.8177619E-003       2.9097856       2.9149219     -0.17620573
       5.0717973    -0.014580735 -4.2935993E-003       3.0485366       3.0544389     -0.19323682
       5.3023335    -0.018133726 -6.8697138E-003       3.1873151       3.1940555     -0.21103039
       5.5328698    -0.021830363 -9.5440321E-003       3.3261227       3.3337765     -0.22958207
       5.7634060    -0.025668707    -0.012314379       3.4649611       3.4736064     -0.24888722
       5.9939423    -0.029646740    -0.015178474       3.6038317       3.6135500     -0.26894092
       6.2244785    -0.033762358    -0.018133932       3.7427362       3.7536118     -0.28973797
       6.4550147    -0.038013375    -0.021178261       3.8816763       3.8937967     -0.31127285
       6.6855510    -0.042397525    -0.024308861       4.0206538       4.0341092     -0.33353973
       6.9160872    -0.046912456    -0.027523018       4.1596705       4.1745541     -0.35653245
       7.1466235    -0.051555736    -0.030817908       4.2987282       4.3151362     -0.38024449
       7.3771597    -0.056324849    -0.034190591       4.4378288       4.4558603     -0.40466899
       7.6076960    -0.061217198    -0.037638010       4.5769743       4.5967310     -0.42979870
       7.8382322    -0.066230104    -0.041156989       4.7161668       4.7377532     -0.45562597
       8.0687684    -0.071360808    -0.044744230       4.8554083       4.8789317     -0.48214275
       8.2993047    -0.076606466    -0.048396307       4.9947011       5.0202714     -0.50934055
       8.5298409    -0.081964157    -0.052109672       5.1340475       5.1617771     -0.53721040
       8.7603772    -0.087430879    -0.055880642       5.2734497       5.3034536     -0.56574289
       8.9909134    -0.093003547    -0.059705402       5.4129104       5.4453060     -0.59492808
       9.2214496    -0.098679001    -0.063579999       5.5524319       5.5873391     -0.62475552
       9.4519859     -0.10445400    -0.067500340       5.6920171       5.7295579     -0.65521419
       9.6825221     -0.11032523    -0.071462188       5.8316685       5.8719674     -0.68629250
       9.9130584     -0.11628929    -0.075461155       5.9713892       6.0145725     -0.71797824
       10.143595     -0.12234271    -0.079492702       6.1111821       6.1573783     -0.75025854
       10.374131     -0.12848194    -0.083552132       6.2510503       6.3003899     -0.78311989
       10.604667     -0.13470338    -0.087634587       6.3909971       6.4436123     -0.81654801
       10.835203     -0.14100333    -0.091735038       6.5310260       6.5870507     -0.85052791
       11.065740     -0.14737802    -0.095848287       6.6711404       6.7307101     -0.88504378
       11.296276     -0.15382364    -0.099968953       6.8113441       6.8745958     -0.92007897
       11.526812     -0.16033628     -0.10409147       6.9516411       7.0187131     -0.95561593
       11.757348     -0.16691200     -0.10821009       7.0920354       7.1630670     -0.99163621
       11.987885     -0.17354677     -0.11231886       7.2325313       7.3076629      -1.0281203
       12.218421     -0.18023652     -0.11641160       7.3731333       7.4525061      -1.0650477
       12.448957     -0.18697713     -0.12048195       7.5138462       7.5976019      -1.1023968
       12.679493     -0.19376440     -0.12452331       7.6546748       7.7429557      -1.1401448
       12.910029     -0.20059413     -0.12852884       7.7956244       7.8885729      -1.1782676
       13.140566     -0.20746205     -0.13249147       7.9367005       8.0344590      -1.2167398
       13.371102     -0.21436386     -0.13640387       8.0779088       8.1806193      -1.2555347
       13.601638     -0.22129524     -0.14025845       8.2192555       8.3270596      -1.2946239
       13.832174     -0.22825183     -0.14404733       8.3607468       8.4737852      -1.3339776
       14.062711     -0.23522928     -0.14776236       8.5023896       8.6208019      -1.3735643
       14.293247     -0.24222322     -0.15139506       8.6441910       8.7681152      -1.4133505
       14.523783     -0.24922930     -0.15493666       8.7861584       8.9157308      -1.4533011
       14.754319     -0.25624318     -0.15837801       8.9282998       9.0636545      -1.4933788
       14.984856     -0.26326054     -0.16170965       9.0706236       9.2118920      -1.5335440
       15.215392     -0.27027712     -0.16492172       9.2131387       9.3604492      -1.5737550
       15.445928     -0.27728873     -0.16800396       9.3558544       9.5093319      -1.6139675
       15.676464     -0.28429123     -0.17094571       9.4987806       9.6585460      -1.6541346
       15.907001     -0.29128061     -0.17373583       9.6419280       9.8080974      -1.6942066
       16.137537     -0.29825297     -0.17636275       9.7853077       9.9579923      -1.7341306
       16.368073     -0.30520456     -0.17881437       9.9289315       10.108237      -1.7738506
       16.598609     -0.31213184     -0.18107807       10.072812       10.258836      -1.8133069
       16.829146     -0.31903145     -0.18314064       10.216963       10.409798      -1.8524363
       17.059682     -0.32590031     -0.18498827       10.361398       10.561127      -1.8911712
       17.290218     -0.33273564     -0.18660651       10.506133       10.712831      -1.9294400
       17.520754     -0.33953501     -0.18798019       10.651184       10.864915      -1.9671661
       17.751291     -0.34629643     -0.18909339       10.796568       11.017386      -2.0042678
       17.981827     -0.35301835     -0.18992939       10.942303       11.170250      -2.0406580
       18.212363     -0.35969983     -0.19047059       11.088410       11.323514      -2.0762435
       18.442899     -0.36634055     -0.19069843       11.234909       11.477184      -2.1109247
       18.673436     -0.37294097     -0.19059334       11.381824       11.631267      -2.1445948
       18.903972     -0.37950243     -0.19013463       11.529178       11.785770      -2.1771394
       19.134508     -0.38602728     -0.18930041       11.676997       11.940700      -2.2084355
       19.365044     -0.39251908     -0.18806744       11.825310       12.096062      -2.2383512
       19.595580     -0.39898277     -0.18641107       11.974146       12.251865      -2.2667444
       19.826117     -0.40542491     -0.18430503       12.123539       12.408114      -2.2934617
       20.056653     -0.41185392     -0.18172132       12.273523       12.564818      -2.3183379
       20.287189     -0.41828046     -0.17863002       12.424136       12.721982      -2.3411943
       20.517725     -0.42471774     -0.17499909       12.575419       12.879615      -2.3618372
       20.748262     -0.43118201     -0.17079410       12.727418       13.037723      -2.3800566
       20.978798     -0.43769310     -0.16597804       12.880180       13.196314      -2.3956244
       21.209334     -0.44427505     -0.16051092       13.033758       13.355395      -2.4082919
       21.439870     -0.45095690     -0.15434950       13.188210       13.514974      -2.4177880
       21.670407     -0.45777366     -0.14744684       13.343599       13.675057      -2.4238159
       21.900943     -0.46476744     -0.13975181       13.499994       13.835654      -2.4260503
       22.131479     -0.47198892     -0.13120859       13.657470       13.996771      -2.4241336
       22.362015     -0.47949909     -0.12175595       13.816112       14.158416      -2.4176716
       22.592552     -0.48737146     -0.11132651       13.976010       14.320597      -2.4062283
       22.823088     -0.49569480    -0.099845809       14.137269       14.483322      -2.3893204
       23.053624     -0.50457665    -0.087231216       14.300000       14.646599      -2.3664096

Table series: Data for wavelength : 0.656273 µm.
   Y Angle (deg)       Tan Shift       Sag Shift     Real Height     Ref. Height      Distortion
  --------------  --------------  --------------  --------------  --------------  --------------
      0.00000000     0.039392665     0.039392665      0.00000000      0.00000000      0.00000000
      0.23053624     0.039323591     0.039331049      0.13854728      0.13854777 -3.4771934E-004
      0.46107248     0.039090726     0.039146243      0.27709568      0.27710002 -1.5650342E-003
      0.69160872     0.038694196     0.038838380      0.41564630      0.41566124 -3.5936296E-003
      0.92214496     0.038134209     0.038407678      0.55420027      0.55423593 -6.4331106E-003
       1.1526812     0.037411059     0.037854442      0.69275871      0.69282856    -0.010082923
       1.3832174     0.036525120     0.037179067      0.83132273      0.83144364    -0.014542353
       1.6137537     0.035476852     0.036382035      0.96989348      0.97008566    -0.019810524
       1.8442899     0.034266796     0.035463916       1.1084721       1.1087591    -0.025886396
       2.0748262     0.032895579     0.034425368       1.2470597       1.2474685    -0.032768775
       2.3053624     0.031363910     0.033267140       1.3856575       1.3862183    -0.040456257
       2.5358987     0.029672584     0.031990069       1.5242667       1.5250131    -0.048947309
       2.7664349     0.027822475     0.030595081       1.6628884       1.6638574    -0.058240207
       2.9969711     0.025814546     0.029083195       1.8015238       1.8027557    -0.068333047
       3.2275074     0.023649840     0.027455518       1.9401742       1.9417125    -0.079223743
       3.4580436     0.021329487     0.025713252       2.0788407       2.0807323    -0.090910018
       3.6885799     0.018854698     0.023857688       2.2175248       2.2198198     -0.10338940
       3.9191161     0.016226770     0.021890213       2.3562275       2.3589795     -0.11665923
       4.1496523     0.013447084     0.019812307       2.4949503       2.4982159     -0.13071661
       4.3801886     0.010517105     0.017625544       2.6336945       2.6375336     -0.14555848
       4.6107248  7.4383840E-003     0.015331596       2.7724613       2.7769372     -0.16118152
       4.8412611  4.2125540E-003     0.012932230       2.9112523       2.9164314     -0.17758219
       5.0717973  8.4133441E-004     0.010429312       3.0500688       3.0560206     -0.19475673
       5.3023335 -2.6734711E-003  7.8248076E-003       3.1889123       3.1957096     -0.21270112
       5.5328698 -6.3299739E-003  5.1207828E-003       3.3277842       3.3355029     -0.23141111
       5.7634060    -0.010126200  2.3194053E-003       3.4666861       3.4754052     -0.25088215
       5.9939423    -0.014060092 -5.7705353E-004       3.6056195       3.6154213     -0.27110945
       6.2244785    -0.018129504 -3.5662175E-003       3.7445861       3.7555557     -0.29208791
       6.4550147    -0.022332209 -6.6456036E-003       3.8835875       3.8958131     -0.31381216
       6.6855510    -0.026665891 -9.8126205E-003       4.0226255       4.0361983     -0.33627649
       6.9160872    -0.031128151    -0.013064567       4.1617017       4.1767159     -0.35947489
       7.1466235    -0.035716503    -0.016398629       4.3008180       4.3173708     -0.38340099
       7.3771597    -0.040428378    -0.019811878       4.4399763       4.4581677     -0.40804809
       7.6076960    -0.045261119    -0.023301271       4.5791784       4.5991114     -0.43340911
       7.8382322    -0.050211984    -0.026863643       4.7184265       4.7402066     -0.45947657
       8.0687684    -0.055278148    -0.030495711       4.8577225       4.8814583     -0.48624260
       8.2993047    -0.060456698    -0.034194065       4.9970687       5.0228711     -0.51369891
       8.5298409    -0.065744638    -0.037955170       5.1364672       5.1644501     -0.54183675
       8.7603772    -0.071138884    -0.041775361       5.2759204       5.3062000     -0.57064690
       8.9909134    -0.076636272    -0.045650840       5.4154306       5.4481259     -0.60011966
       9.2214496    -0.082233551    -0.049577673       5.5550004       5.5902325     -0.63024482
       9.4519859    -0.087927384    -0.053551785       5.6946323       5.7325250     -0.66101161
       9.6825221    -0.093714354    -0.057568961       5.8343291       5.8750082     -0.69240870
       9.9130584    -0.099590960    -0.061624834       5.9740936       6.0176872     -0.72442416
       10.143595     -0.10555362    -0.065714888       6.1139286       6.1605669     -0.75704543
       10.374131     -0.11159866    -0.069834451       6.2538374       6.3036526     -0.79025928
       10.604667     -0.11772234    -0.073978689       6.3938229       6.4469491     -0.82405178
       10.835203     -0.12392084    -0.078142602       6.5338887       6.5904618     -0.85840827
       11.065740     -0.13019024    -0.082321019       6.6740382       6.7341956     -0.89331330
       11.296276     -0.13652657    -0.086508592       6.8142750       6.8781559     -0.92875061
       11.526812     -0.14292576    -0.090699789       6.9546029       7.0223477     -0.96470305
       11.757348     -0.14938369    -0.094888888       7.0950260       7.1667764      -1.0011526
       11.987885     -0.15589614    -0.099069971       7.2355485       7.3114472      -1.0380802
       12.218421     -0.16245884     -0.10323691       7.3761747       7.4563654      -1.0754658
       12.448957     -0.16906745     -0.10738338       7.5169093       7.6015363      -1.1132883
       12.679493     -0.17571756     -0.11150282       7.6577571       7.7469654      -1.1515254
       12.910029     -0.18240470     -0.11558845       7.7987233       7.8926580      -1.1901536
       13.140566     -0.18912434     -0.11963323       7.9398131       8.0386196      -1.2291481
       13.371102     -0.19587189     -0.12362989       8.0810322       8.1848557      -1.2684828
       13.601638     -0.20264273     -0.12757089       8.2223866       8.3313718      -1.3081300
       13.832174     -0.20943217     -0.13144843       8.3638825       8.4781734      -1.3480606
       14.062711     -0.21623552     -0.13525440       8.5055264       8.6252662      -1.3882438
       14.293247     -0.22304801     -0.13898040       8.6473255       8.7726558      -1.4286470
       14.523783     -0.22986488     -0.14261772       8.7892869       8.9203478      -1.4692358
       14.754319     -0.23668135     -0.14615731       8.9314185       9.0683481      -1.5099738
       14.984856     -0.24349263     -0.14958977       9.0737284       9.2166624      -1.5508225
       15.215392     -0.25029393     -0.15290533       9.2162252       9.3652965      -1.5917412
       15.445928     -0.25708049     -0.15609384       9.3589183       9.5142563      -1.6326867
       15.676464     -0.26384757     -0.15914473       9.5018173       9.6635477      -1.6736132
       15.907001     -0.27059049     -0.16204698       9.6449324       9.8131766      -1.7144722
       16.137537     -0.27730463     -0.16478912       9.7882746       9.9631490      -1.7552123
       16.368073     -0.28398546     -0.16735920       9.9318555       10.113471      -1.7957787
       16.598609     -0.29062857     -0.16974471       10.075687       10.264149      -1.8361135
       16.829146     -0.29722967     -0.17193260       10.219783       10.415189      -1.8761549
       17.059682     -0.30378465     -0.17390924       10.364158       10.566596      -1.9158374
       17.290218     -0.31028960     -0.17566032       10.508824       10.718378      -1.9550909
       17.520754     -0.31674087     -0.17717088       10.653800       10.870541      -1.9938411
       17.751291     -0.32313509     -0.17842520       10.799101       11.023091      -2.0320086
       17.981827     -0.32946923     -0.17940677       10.944745       11.176034      -2.0695085
       18.212363     -0.33574067     -0.18009823       11.090753       11.329378      -2.1062504
       18.442899     -0.34194728     -0.18048131       11.237143       11.483128      -2.1421374
       18.673436     -0.34808748     -0.18053671       11.383939       11.637291      -2.1770658
       18.903972     -0.35416034     -0.18024407       11.531164       11.791874      -2.2109245
       19.134508     -0.36016572     -0.17958183       11.678844       11.946883      -2.2435944
       19.365044     -0.36610435     -0.17852715       11.827005       12.102326      -2.2749473
       19.595580     -0.37197802     -0.17705580       11.975676       12.258209      -2.3048455
       19.826117     -0.37778976     -0.17514197       12.124891       12.414540      -2.3331405
       20.056653     -0.38354403     -0.17275820       12.274682       12.571324      -2.3596724
       20.287189     -0.38924697     -0.16987514       12.425087       12.728570      -2.3842681
       20.517725     -0.39490670     -0.16646138       12.576145       12.886285      -2.4067405
       20.748262     -0.40053370     -0.16248324       12.727900       13.044475      -2.4268868
       20.978798     -0.40614119     -0.15790449       12.880399       13.203148      -2.4444866
       21.209334     -0.41174563     -0.15268609       13.033692       13.362311      -2.4593001
       21.439870     -0.41736740     -0.14678581       13.187836       13.521972      -2.4710660
       21.670407     -0.42303145     -0.14015788       13.342891       13.682139      -2.4794986
       21.900943     -0.42876827     -0.13275252       13.498924       13.842819      -2.4842850
       22.131479     -0.43461498     -0.12451543       13.656008       14.004019      -2.4850815
       22.362015     -0.44061669     -0.11538712       13.814223       14.165747      -2.4815100
       22.592552     -0.44682821     -0.10530225       13.973659       14.328012      -2.4731525
       22.823088     -0.45331619    -0.094188708       14.134413       14.490822      -2.4595463
       23.053624     -0.46016177    -0.081966592       14.296595       14.654183      -2.4401770
