Results for:	
File:	C:\Users\User\OneDrive - Massachusetts Institute of Technology\Documents\MIT\Grad School\Classes\2.156\Lens Project\Prime Lenses\JP2017-161685_Example02P.zmx
Title:	JP 2017-161685 Example 2 (Nikon PC Nikkor 19mm f/4E ED)
Date:	11/7/2025 5:27:13 PM

0 message(s) in output.
3 series table(s) in output.

Table series: Data for wavelength : 0.486133 µm.
   Y Angle (deg)       Tan Shift       Sag Shift     Real Height     Ref. Height      Distortion
  --------------  --------------  --------------  --------------  --------------  --------------
      0.00000000      0.10754763      0.10754763      0.00000000      0.00000000      0.00000000
      0.60278411      0.10756609      0.10746646      0.20238510      0.20238501  4.6483969E-005
       1.2055682      0.10759714      0.10722331      0.40481557      0.40481482  1.8474527E-004
       1.8083523      0.10764406      0.10681920      0.60733681      0.60733430  4.1348376E-004
       2.4111364      0.10771231      0.10625584      0.80999427      0.80998836  7.3017047E-004
       3.0139205      0.10780946      0.10553561       1.0128335       1.0128221  1.1312980E-003
       3.6167046      0.10794510      0.10466154       1.2159002       1.2158806  1.6124130E-003
       4.2194887      0.10813072      0.10363730       1.4192401       1.4192094  2.1681587E-003
       4.8222728      0.10837952      0.10246719       1.6228994       1.6228541  2.7923247E-003
       5.4250570      0.10870628      0.10115608       1.8269241       1.8268606  3.4779072E-003
       6.0278411      0.10912712     0.099709393       2.0313608       2.0312751  4.2171753E-003
       6.6306252      0.10965926     0.098133100       2.2362563       2.2361444  5.0017464E-003
       7.2334093      0.11032077     0.096433649       2.4416576       2.4415155  5.8226682E-003
       7.8361934      0.11113029     0.094617937       2.6476123       2.6474357  6.6705066E-003
       8.4389775      0.11210669     0.092693265       2.8541682       2.8539531  7.5354397E-003
       9.0417616      0.11326879     0.090667293       3.0613736       3.0611163  8.4073560E-003
       9.6445457      0.11463496     0.088547990       3.2692775       3.2689742  9.2759565E-003
       10.247330      0.11622279     0.086343580       3.4779291       3.4775768     0.010130859
       10.850114      0.11804866     0.084062489       3.6873786       3.6869744     0.010961704
       11.452898      0.12012743     0.081713290       3.8976765       3.8972182     0.011758258
       12.055682      0.12247193     0.079304641       4.1088742       4.1083602     0.012510516
       12.658466      0.12509267     0.076845232       4.3210239       4.3204532     0.013208801
       13.261250      0.12799737     0.074343722       4.5341786       4.5335510     0.013843857
       13.864034      0.13119059     0.071808683       4.7483921       4.7477081     0.014406929
       14.466819      0.13467334     0.069248537       4.9637193       4.9629803     0.014889838
       15.069603      0.13844278     0.066671504       5.1802160       5.1794244     0.015285044
       15.672387      0.14249181     0.064085542       5.3979394       5.3970982     0.015585682
       16.275171      0.14680887     0.061498298       5.6169474       5.6160609     0.015785594
       16.877955      0.15137764     0.058917055       5.8372997       5.8363729     0.015879327
       17.480739      0.15617687     0.056348691       6.0590568       6.0580959     0.015862117
       18.083523      0.16118023     0.053799631       6.2822811       6.2812930     0.015729834
       18.686307      0.16635632     0.051275820       6.5070361       6.5060290     0.015478909
       19.289091      0.17166861     0.048782685       6.7333872       6.7323702     0.015106218
       19.891875      0.17707562     0.046325118       6.9614011       6.9603843     0.014608938
       20.494660      0.18253109     0.043907461       7.1911465       7.1901410     0.013984357
       21.097444      0.18798431     0.041533492       7.4226938       7.4217120     0.013229656
       21.700228      0.19338054     0.039206434       7.6561153       7.6551705     0.012341635
       22.303012      0.19866155     0.036928956       7.8914851       7.8905922     0.011316412
       22.905796      0.20376622     0.034703200       8.1288796       8.1280547     0.010149066
       23.508580      0.20863140     0.032530801       8.3683770       8.3676379  8.8332494E-003
       24.111364      0.21319271     0.030412926       8.6100577       8.6094240  7.3607511E-003
       24.714148      0.21738555     0.028350321       8.8540045       8.8534980  5.7210251E-003
       25.316932      0.22114624     0.026343361       9.1003021       9.0999472  3.9006837E-003
       25.919717      0.22441316     0.024392113       9.3490379       9.3488618  1.8829600E-003
       26.522501      0.22712801     0.022496405       9.6003012       9.6003350 -3.5285454E-004
       27.125285      0.22923717     0.020655897       9.8541839       9.8544630 -2.8319897E-003
       27.728069      0.23069304     0.018870168       10.110781       10.111345 -5.5847844E-003
       28.330853      0.23145541     0.017138791       10.370188       10.371084 -8.6472733E-003
       28.933637      0.23149280     0.015461425       10.632504       10.633787    -0.012061760
       29.536421      0.23078380     0.013837896       10.897833       10.899563    -0.015877365
       30.139205      0.22931822     0.012268289       11.166277       11.168527    -0.020150532
       30.741989      0.22709822     0.010753026       11.437943       11.440797    -0.024945475
       31.344774      0.22413917  9.2929440E-003       11.712942       11.716496    -0.030334563
       31.947558      0.22047039  7.8893703E-003       11.991385       11.995751    -0.036398599
       32.550342      0.21613558  6.5441819E-003       12.273387       12.278695    -0.043227005
       33.153126      0.21119297  5.2598608E-003       12.559066       12.565464    -0.050917874
       33.755910      0.20571511  4.0395360E-003       12.848543       12.856203    -0.059577878
       34.358694      0.19978838  2.8870123E-003       13.141942       13.151059    -0.069322022
       34.961478      0.19351202  1.8067867E-003       13.439390       13.450187    -0.080273214
       35.564262      0.18699680  8.0404941E-004       13.741018       13.753749    -0.092561654
       36.167046      0.18036327 -1.1532843E-004       14.046961       14.061912     -0.10632402
       36.769830      0.17373955 -9.4482212E-004       14.357358       14.374853     -0.12170243
       37.372615      0.16725873 -1.6772936E-003       14.672353       14.692753     -0.13884323
       37.975399      0.16105586 -2.3050441E-003       14.992094       15.015804     -0.15789550
       38.578183      0.15526457 -2.8198772E-003       15.316737       15.344204     -0.17900941
       39.180967      0.15001335 -3.2131703E-003       15.646442       15.678164     -0.20233432
       39.783751      0.14542152 -3.4759519E-003       15.981377       16.017900     -0.22801670
       40.386535      0.14159501 -3.5989808E-003       16.321718       16.363642     -0.25619783
       40.989319      0.13862190 -3.5728241E-003       16.667652       16.715628     -0.28701139
       41.592103      0.13656798 -3.3879313E-003       17.019373       17.074109     -0.32058083
       42.194887      0.13547221 -3.0346976E-003       17.377088       17.439349     -0.35701660
       42.797672      0.13534245 -2.5035131E-003       17.741016       17.811623     -0.39641337
       43.400456      0.13615130 -1.7847926E-003       18.111390       18.191222     -0.43884704
       44.003240      0.13783259 -8.6897979E-004       18.488461       18.578450     -0.48437182
       44.606024      0.14027835  2.5348122E-004       18.872496       18.973628     -0.53301716
       45.208808      0.14333690  1.5922133E-003       19.263780       19.377094     -0.58478485
       45.811592      0.14681218  3.1570221E-003       19.662623       19.789204     -0.63964604
       46.414376      0.15046486  4.9580701E-003       20.069357       20.210332     -0.69753844
       47.017160      0.15401579  7.0061196E-003       20.484341       20.640874     -0.75836356
       47.619944      0.15715251  9.3128599E-003       20.907963       21.081247     -0.82198429
       48.222728      0.15953958     0.011891335       21.340643       21.531894     -0.88822253
       48.825513      0.16083384     0.014756492       21.782838       21.993282     -0.95685720
       49.428297      0.16070561     0.017925870       22.235040       22.465905      -1.0276226
       50.031081      0.15886708     0.021420469       22.697786       22.950287      -1.1002071
       50.633865      0.15510901     0.025265818       23.171656       23.446983      -1.1742521
       51.236649      0.14934664     0.029493295       23.657282       23.956584      -1.2493517
       51.839433      0.14167516     0.034141737       24.155348       24.479717      -1.3250525
       52.442217      0.13243379     0.039259403       24.666595       25.017047      -1.4008533
       53.045001      0.12227586     0.044906345       25.191831       25.569286      -1.4762053
       53.647785      0.11223876     0.051157275       25.731930       26.137190      -1.5505109
       54.250570      0.10380288     0.058105013       26.287842       26.721566      -1.6231214
       54.853354     0.098920913     0.065864634       26.860602       27.323276      -1.6933319
       55.456138     0.099987309     0.074578484       27.451338       27.943243      -1.7603704
       56.058922      0.10970034     0.084422257       28.061287       28.582454      -1.8233800
       56.661706      0.13074290     0.095612497       28.691812       29.241967      -1.8813870
       57.264490      0.16516749      0.10841601       29.344434       29.922919      -1.9332512
       57.867274      0.21330715      0.12316203       30.020864       30.626530      -1.9775866
       58.470058      0.27193221      0.14025851       30.723069       31.354115      -2.0126411
       59.072842      0.33120853      0.16021492       31.453352       32.107088      -2.0361131
       59.675626      0.36975443      0.18367557       32.214481       32.886980      -2.0448790
       60.278411      0.34671768      0.21147113       33.009880       33.695441      -2.0345828

Table series: Data for wavelength : 0.587562 µm.
   Y Angle (deg)       Tan Shift       Sag Shift     Real Height     Ref. Height      Distortion
  --------------  --------------  --------------  --------------  --------------  --------------
      0.00000000     0.059387786     0.059387786      0.00000000      0.00000000      0.00000000
      0.60278411     0.059381597     0.059301182      0.20222438      0.20222424  6.8055749E-005
       1.2055682     0.059342289     0.059041722      0.40449436      0.40449326  2.7169405E-004
       1.8083523     0.059273224     0.058610453      0.60685556      0.60685187  6.0929560E-004
       2.4111364     0.059180004     0.058009113      0.80935368      0.80934495  1.0781846E-003
       3.0139205     0.059070406     0.057240122       1.0120345       1.0120175  1.6746502E-003
       3.6167046     0.058954271     0.056306566       1.2149438       1.2149148  2.3939812E-003
       4.2194887     0.058843373     0.055212176       1.4181278       1.4180820  3.2305106E-003
       4.8222728     0.058751255     0.053961307       1.6216327       1.6215650  4.1776699E-003
       5.4250570     0.058693040     0.052558909       1.8255048       1.8254094  5.2280516E-003
       6.0278411     0.058685208     0.051010495       2.0297910       2.0296616  6.3734809E-003
       6.6306252     0.058745346     0.049322111       2.2345381       2.2343682  7.6050955E-003
       7.2334093     0.058891879     0.047500289       2.4397935       2.4395761  8.9134320E-003
       7.8361934     0.059143765     0.045552009       2.6456049       2.6453327     0.010288521
       8.4389775     0.059520169     0.043484651       2.8520203       2.8516861     0.011719984
       9.0417616     0.060040120     0.041305948       3.0590883       3.0586847     0.013197142
       9.6445457     0.060722141     0.039023933       3.2668580       3.2663776     0.014709119
       10.247330     0.061583862     0.036646880       3.4753789       3.4748144     0.016244956
       10.850114     0.062641625     0.034183252       3.6847012       3.6840457     0.017793722
       11.452898     0.063910071     0.031641641       3.8948758       3.8941225     0.019344622
       12.055682     0.065401724     0.029030703       4.1059542       4.1050968     0.020887109
       12.658466     0.067126574     0.026359103       4.3179888       4.3170213     0.022410984
       13.261250     0.069091663     0.023635448       4.5310327       4.5299498     0.023906495
       13.864034     0.071300680     0.020868224       4.7451401       4.7439368     0.025364423
       14.466819     0.073753576     0.018065741       4.9603658       4.9590380     0.026776161
       15.069603     0.076446199     0.015236066       5.1767661       5.1753101     0.028133771
       15.672387     0.079369967     0.012386971       5.3943982       5.3928110     0.029430029
       16.275171     0.082511574  9.5258719E-003       5.6133202       5.6115998     0.030658453
       16.877955     0.085852749  6.6597830E-003       5.8335921       5.8317368     0.031813297
       17.480739     0.089370075  3.7952653E-003       6.0552746       6.0532837     0.032889531
       18.083523     0.093034870  9.3838622E-004       6.2784301       6.2763035     0.033882781
       18.686307     0.096813151 -1.9053172E-003       6.5031226       6.5008610     0.034789245
       19.289091      0.10066568 -4.7308685E-003       6.7294175       6.7270223     0.035605568
       19.891875      0.10454809 -7.5338745E-003       6.9573819       6.9548553     0.036328679
       20.494660      0.10841116    -0.010310540       7.1870846       7.1844296     0.036955597
       21.097444      0.11220112    -0.013057675       7.4185962       7.4158166     0.037483178
       21.700228      0.11586016    -0.015772692       7.6519893       7.6490897     0.037907836
       22.303012      0.11932698    -0.018453595       7.8873382       7.8843244     0.038225208
       22.905796      0.12253751    -0.021098960       8.1247193       8.1215982     0.038429780
       23.508580      0.12542573    -0.023707901       8.3642113       8.3609911     0.038514464
       24.111364      0.12792463    -0.026280036       8.6058946       8.6025852     0.038470138
       24.714148      0.12996722    -0.028815434       8.8498522       8.8464653     0.038285144
       25.316932      0.13148774    -0.031314559       9.0961689       9.0927187     0.037944753
       25.919717      0.13242290    -0.033778206       9.3449322       9.3414356     0.037430590
       26.522501      0.13271317    -0.036207425       9.5962315       9.5927091     0.036720052
       27.125285      0.13230420    -0.038603445       9.8501589       9.8466352     0.035785692
       27.728069      0.13114820    -0.040967591       10.106809       10.103313     0.034594611
       28.330853      0.12920538    -0.043301191       10.366277       10.362846     0.033107847
       28.933637      0.12644531    -0.045605491       10.628664       10.625340     0.031279781
       29.536421      0.12284825    -0.047881565       10.894070       10.890905     0.029057584
       30.139205      0.11840636    -0.050130221       11.162600       11.159656     0.026380695
       30.741989      0.11312476    -0.052351924       11.434359       11.431709     0.023180378
       31.344774      0.10702242    -0.054546706       11.709458       11.707189     0.019379352
       31.947558      0.10013280    -0.056714103       11.988007       11.986222     0.014891520
       32.550342     0.092504252    -0.058853083       12.270122       12.268941  9.6218181E-003
       33.153126     0.084200088    -0.060961995       12.555918       12.555483  3.4662003E-003
       33.755910     0.075298289    -0.063038531       12.845517       12.845990 -3.6882247E-003
       34.358694     0.065890877    -0.065079691       13.139040       13.140612    -0.011962885
       34.961478     0.056082858    -0.067081776       13.436615       13.439503    -0.021487250
       35.564262     0.045990767    -0.069040385       13.738371       13.742824    -0.032398140
       36.167046     0.035740782    -0.070950432       14.044442       14.050743    -0.044838825
       36.769830     0.025466419    -0.072806175       14.354966       14.363434    -0.058957902
       37.372615     0.015305825    -0.074601259       14.670085       14.681082    -0.074907960
       37.975399  5.3986764E-003    -0.076328776       14.989946       15.003876    -0.092844018
       38.578183 -4.1172602E-003    -0.077981326       15.314703       15.332016     -0.11292175
       39.180967    -0.013109884    -0.079551093       15.644515       15.665710     -0.13529548
       39.783751    -0.021456763    -0.081029925       15.979550       16.005177     -0.16011604
       40.386535    -0.029049321    -0.082409412       16.319981       16.350643     -0.18752834
       40.989319    -0.035797130    -0.083680968       16.665994       16.702350     -0.21766887
       41.592103    -0.041632218    -0.084835899       17.017782       17.060547     -0.25066303
       42.194887    -0.046513274    -0.085865468       17.375551       17.425496     -0.28662231
       42.797672    -0.050429626    -0.086760937       17.739519       17.797475     -0.32564143
       43.400456    -0.053404818    -0.087513596       18.109919       18.176772     -0.36779538
       44.003240    -0.055499604    -0.088114752       18.486999       18.563692     -0.41313650
       44.606024    -0.056814081    -0.088555692       18.871027       18.958557     -0.46169146
       45.208808    -0.057488672    -0.088827606       19.262288       19.361702     -0.51345844
       45.811592    -0.057703539    -0.088921446       19.661091       19.773484     -0.56840424
       46.414376    -0.057675947    -0.088827737       20.067768       20.194278     -0.62646168
       47.017160    -0.057654944    -0.088536300       20.482679       20.624478     -0.68752707
       47.619944    -0.057912628    -0.088035892       20.906211       21.064502     -0.75145797
       48.222728    -0.058731112    -0.087313737       21.338784       21.514791     -0.81807122
       48.825513    -0.060384167    -0.086354924       21.780855       21.975812     -0.88714135
       49.428297    -0.063112460    -0.085141653       22.232917       22.448059     -0.95839930
       50.031081    -0.067091276    -0.083652288       22.695505       22.932056      -1.0315317
       50.633865    -0.072389811    -0.081860202       23.169198       23.428358      -1.1061804
       51.236649    -0.078921490    -0.079732343       23.654626       23.937554      -1.1819428
       51.839433    -0.086385709    -0.077227500       24.152470       24.460271      -1.2583717
       52.442217    -0.094202856    -0.074294199       24.663469       24.997175      -1.3349765
       53.045001     -0.10144701    -0.070868163       25.188423       25.548976      -1.4112224
       53.647785     -0.10678470    -0.066869268       25.728199       26.116428      -1.4865303
       54.250570     -0.10843428    -0.062197891       26.283741       26.700340      -1.5602729
       54.853354     -0.10416944    -0.056730536       26.856073       27.301572      -1.6317683
       55.456138    -0.091404462    -0.050314560       27.446314       27.921046      -1.7002661
       56.058922    -0.067419336    -0.042761766       28.055692       28.559749      -1.7649236
       56.661706    -0.029814026    -0.033840470       28.685565       29.218739      -1.8247665
       57.264490     0.022669848    -0.023265430       29.337457       29.899150      -1.8786257
       57.867274     0.088745346    -0.010684595       30.013097       30.602202      -1.9250396
       58.470058      0.16225754  4.3390671E-003       30.714497       31.329209      -1.9621053
       59.072842      0.22841139     0.022353765       31.444041       32.081584      -1.9872552
       59.675626      0.25773028     0.044058624       32.204650       32.860857      -1.9969235
       60.278411      0.19656448     0.070367407       33.000000       33.668675      -1.9860463

Table series: Data for wavelength : 0.656273 µm.
   Y Angle (deg)       Tan Shift       Sag Shift     Real Height     Ref. Height      Distortion
  --------------  --------------  --------------  --------------  --------------  --------------
      0.00000000      0.10827435      0.10827435      0.00000000      0.00000000      0.00000000
      0.60278411      0.10826037      0.10818610      0.20227964      0.20227948  7.8327282E-005
       1.2055682      0.10819875      0.10792168      0.40460501      0.40460374  3.1307651E-004
       1.8083523      0.10809293      0.10748216      0.60702188      0.60701762  7.0248660E-004
       2.4111364      0.10794859      0.10686930      0.80957608      0.80956601  1.2438178E-003
       3.0139205      0.10777365      0.10608556       1.0123135       1.0122939  1.9332706E-003
       3.6167046      0.10757811      0.10513405       1.2152802       1.2152466  2.7660216E-003
       4.2194887      0.10737394      0.10401855       1.4185224       1.4184694  3.7362692E-003
       4.8222728      0.10717492      0.10274348       1.6220863       1.6220079  4.8372892E-003
       5.4250570      0.10699640      0.10131383       1.8260187       1.8259080  6.0614996E-003
       6.0278411      0.10685513     0.099735203       2.0303662       2.0302160  7.4005337E-003
       6.6306252      0.10676897     0.098013698       2.2351761       2.2349785  8.8453223E-003
       7.2334093      0.10675661     0.096155925       2.4404958       2.4402424     0.010386183
       7.8361934      0.10683727     0.094168941       2.6463731       2.6460552     0.012012916
       8.4389775      0.10703038     0.092060200       2.8528562       2.8524650     0.013714908
       9.0417616      0.10735521     0.089837515       3.0599938       3.0595201     0.015481236
       9.6445457      0.10783048     0.087508993       3.2678350       3.2672697     0.017300785
       10.247330      0.10847400     0.085082982       3.4764295       3.4757635     0.019162352
       10.850114      0.10930222     0.082568014       3.6858278       3.6850519     0.021054770
       11.452898      0.11032987     0.079972743       3.8960807       3.8951861     0.022967013
       12.055682      0.11156947     0.077305884       4.1072400       4.1062180     0.024888315
       12.658466      0.11303093     0.074576148       4.3193581       4.3182005     0.026808267
       13.261250      0.11472117     0.071792178       4.5324883       4.5311871     0.028716926
       13.864034      0.11664364     0.068962491       4.7466848       4.7452325     0.030604894
       14.466819      0.11879795     0.066095408       4.9620028       4.9603925     0.032463403
       15.069603      0.12117955     0.063198998       5.1784985       5.1767237     0.034284375
       15.672387      0.12377934     0.060281016       5.3962292       5.3942840     0.036060464
       16.275171      0.12658337     0.057348848       5.6152535       5.6131325     0.037785082
       16.877955      0.12957267     0.054409460       5.8356310       5.8333296     0.039452397
       17.480739      0.13272301     0.051469349       6.0574230       6.0549370     0.041057306
       18.083523      0.13600478     0.048534496       6.2806920       6.2780178     0.042595376
       18.686307      0.13938303     0.045610339       6.5055019       6.5026366     0.044062752
       19.289091      0.14281745     0.042701732       6.7319184       6.7288597     0.045456030
       19.891875      0.14626255     0.039812931       6.9600087       6.9567549     0.046772089
       20.494660      0.14966794     0.036947573       7.1898419       7.1863919     0.048007883
       21.097444      0.15297867     0.034108676       7.4214887       7.4178421     0.049160190
       21.700228      0.15613575     0.031298637       7.6550217       7.6511789     0.050225314
       22.303012      0.15907672     0.028519247       7.8905156       7.8864779     0.051198745
       22.905796      0.16173639     0.025771714       8.1280470       8.1238165     0.052074772
       23.508580      0.16404775     0.023056692       8.3676944       8.3632748     0.052846048
       24.111364      0.16594285     0.020374325       8.6095388       8.6049348     0.053503118
       24.714148      0.16735397     0.017724297       8.8536629       8.8488815     0.054033904
       25.316932      0.16821478     0.015105891       9.1001521       9.0952022     0.054423151
       25.919717      0.16846163     0.012518060       9.3490938       9.3439871     0.054651849
       26.522501      0.16803489  9.9594961E-003       9.6005775       9.5953292     0.054696628
       27.125285      0.16688039  7.4287197E-003       9.8546954       9.8493247     0.054529136
       27.728069      0.16495084  4.9241607E-003       10.111542       10.106073     0.054115416
       28.330853      0.16220729  2.4442509E-003       10.371213       10.365677     0.053415290
       28.933637      0.15862049 -1.2483622E-005       10.633810       10.628242     0.052381753
       29.536421      0.15417226 -2.4473303E-003       10.899431       10.893880     0.050960415
       30.139205      0.14885672 -4.8612989E-003       11.168183       11.162704     0.049088985
       30.741989      0.14268130 -7.2550338E-003       11.440171       11.434832     0.046696818
       31.344774      0.13566770 -9.6287325E-003       11.715505       11.710387     0.043704557
       31.947558      0.12785244    -0.011982070       11.994295       11.989496     0.040023869
       32.550342      0.11928730    -0.014314135       12.276656       12.272292     0.035557311
       33.153126      0.11003932    -0.016623374       12.562705       12.558912     0.030198328
       33.755910      0.10019049    -0.018907548       12.852561       12.849499     0.023831418
       34.358694     0.089837099    -0.021163707       13.146348       13.144201     0.016332464
       34.961478     0.079088595    -0.023388174       13.444191       13.443174  7.5692645E-003
       35.564262     0.068066109    -0.025576546       13.746220       13.746577 -2.5977411E-003
       36.167046     0.056900517    -0.027723709       14.052568       14.054580    -0.014314528
       36.769830     0.045730086    -0.029823868       14.363373       14.367357    -0.027732327
       37.372615     0.034697731    -0.031870593       14.678776       14.685092    -0.043006234
       37.975399     0.023947885    -0.033856870       14.998925       15.007974    -0.060293612
       38.578183     0.013623036    -0.035775170       15.323973       15.336204    -0.079752255
       39.180967  3.8599742E-003    -0.037617521       15.654078       15.669989     -0.10153836
       39.783751 -5.2141970E-003    -0.039375585       15.989407       16.009548     -0.12580430
       40.386535    -0.013486203    -0.041040737       16.330136       16.355109     -0.15269619
       40.989319    -0.020860825    -0.042604137       16.676447       16.706912     -0.18235134
       41.592103    -0.027265095    -0.044056804       17.028534       17.065206     -0.21489556
       42.194887    -0.032652360    -0.045389667       17.386603       17.430256     -0.25044028
       42.797672    -0.037006059    -0.046593605       17.750873       17.802336     -0.28907973
       43.400456    -0.040343047    -0.047659465       18.121575       18.181737     -0.33088794
       44.003240    -0.042716259    -0.048578042       18.498960       18.568763     -0.37591582
       44.606024    -0.044216430    -0.049340032       18.883293       18.963735     -0.42418821
       45.208808    -0.044972554    -0.049935939       19.274862       19.366991     -0.47570101
       45.811592    -0.045150656    -0.050355914       19.673974       19.778885     -0.53041846
       46.414376    -0.044950347    -0.050589544       20.080964       20.199793     -0.58827048
       47.017160    -0.044598540    -0.050625552       20.496190       20.630111     -0.64915035
       47.619944    -0.044339518    -0.050451404       20.920042       21.070255     -0.71291249
       48.222728    -0.044420493    -0.050052804       21.352941       21.520667     -0.77937074
       48.825513    -0.045071582    -0.049413042       21.795343       21.981814     -0.84829683
       49.428297    -0.046479151    -0.048512189       22.247742       22.454191     -0.91941937
       50.031081    -0.048751434    -0.047326093       22.710675       22.938320     -0.99242331
       50.633865    -0.051875607    -0.045825133       23.184720       23.434757      -1.0669497
       51.236649    -0.055665984    -0.043972710       23.670508       23.944093      -1.1425963
       51.839433    -0.059704008    -0.041723400       24.168720       24.466952      -1.2189176
       52.442217    -0.063272413    -0.039020730       24.680095       25.004003      -1.2954259
       53.045001    -0.065288748    -0.035794502       25.205431       25.555954      -1.3715912
       53.647785    -0.064247813    -0.031957577       25.745595       26.123561      -1.4468401
       54.250570    -0.058189181    -0.027402039       26.301529       26.707632      -1.5205521
       54.853354    -0.044716025    -0.021994588       26.874255       27.309029      -1.5920513
       55.456138    -0.021106303    -0.015570994       27.464891       27.928672      -1.6605915
       56.058922     0.015420195 -7.9293326E-003       28.074666       28.567550      -1.7253290
       56.661706     0.067181353  1.1784304E-003       28.704941       29.226719      -1.7852789
       57.264490      0.13510819     0.012057200       29.357247       29.907316      -1.8392450
       57.867274      0.21718177     0.025083053       30.033333       30.610560      -1.8857122
       58.470058      0.30586336     0.040723108       30.735240       31.337766      -1.9226832
       59.072842      0.38394069     0.059564558       31.465409       32.090347      -1.9474343
       59.675626      0.41791113     0.082359415       32.226849       32.869832      -1.9561491
       60.278411      0.34768994      0.11009742       33.023385       33.677872      -1.9433727
