Results for:	
File:	C:\Users\User\OneDrive - Massachusetts Institute of Technology\Documents\MIT\Grad School\Classes\2.156\Lens Project\Prime Lenses\US02499264-2.zmx
Title:	
Date:	11/7/2025 5:42:13 PM

0 message(s) in output.
3 series table(s) in output.

Table series: Data for wavelength : 0.486133 µm.
   Y Angle (deg)       Tan Shift       Sag Shift     Real Height     Ref. Height      Distortion
  --------------  --------------  --------------  --------------  --------------  --------------
      0.00000000     0.014479507     0.014479507      0.00000000      0.00000000      0.00000000
      0.24000000     0.014506525     0.014461486      0.10595984      0.10595986 -1.4993560E-005
      0.48000000     0.014586234     0.014407439      0.21192340      0.21192343 -1.6373400E-005
      0.72000000     0.014718578     0.014317418      0.31789438      0.31789445 -1.9139913E-005
      0.96000000     0.014903462     0.014191509      0.42387651      0.42387662 -2.3965370E-005
       1.2000000     0.015140753     0.014029832      0.52987350      0.52987366 -3.1822570E-005
       1.4400000     0.015430279     0.013832541      0.63588904      0.63588932 -4.3953419E-005
       1.6800000     0.015771828     0.013599824      0.74192684      0.74192730 -6.1878168E-005
       1.9200000     0.016165148     0.013331905      0.84799060      0.84799134 -8.7396839E-005
       2.1600000     0.016609948     0.013029043      0.95408400      0.95408517 -1.2259091E-004
       2.4000000     0.017105893     0.012691528       1.0602107       1.0602125 -1.6982527E-004
       2.6400000     0.017652607     0.012319688       1.1663745       1.1663772 -2.3175043E-004
       2.8800000     0.018249668     0.011913886       1.2725788       1.2725828 -3.1130504E-004
       3.1200000     0.018896612     0.011474517       1.3788275       1.3788332 -4.1171863E-004
       3.3600000     0.019592927     0.011002014       1.4851242       1.4851322 -5.3651465E-004
       3.6000000     0.020338052     0.010496843       1.5914724       1.5914834 -6.8951382E-004
       3.8400000     0.021131376  9.9595073E-003       1.6978759       1.6978907 -8.7483772E-004
       4.0800000     0.021972240  9.3905433E-003       1.8043381       1.8043579 -1.0969127E-003
       4.3200000     0.022859926  8.7905247E-003       1.9108627       1.9108887 -1.3604741E-003
       4.5600000     0.023793665  8.1600599E-003       2.0174533       2.0174870 -1.6705706E-003
       4.8000000     0.024772627  7.4997935E-003       2.1241133       2.1241565 -2.0325694E-003
       5.0400000     0.025795923  6.8104060E-003       2.2308463       2.2309010 -2.4521609E-003
       5.2800000     0.026862600  6.0926138E-003       2.3376559       2.3377245 -2.9353643E-003
       5.5200000     0.027971638  5.3471695E-003       2.4445454       2.4446307 -3.4885336E-003
       5.7600000     0.029121949  4.5748623E-003       2.5515184       2.5516235 -4.1183634E-003
       6.0000000     0.030312373  3.7765176E-003       2.6585782       2.6587067 -4.8318954E-003
       6.2400000     0.031541672  2.9529972E-003       2.7657284       2.7658843 -5.6365254E-003
       6.4800000     0.032808529  2.1051999E-003       2.8729722       2.8731601 -6.5400105E-003
       6.7200000     0.034111545  1.2340611E-003       2.9803129       2.9805380 -7.5504762E-003
       6.9600000     0.035449230  3.4055273E-004       3.0877540       3.0880220 -8.6764249E-003
       7.2000000     0.036820005 -5.7431609E-004       3.1952987       3.1956159 -9.9267439E-003
       7.4400000     0.038222190 -1.5094996E-003       3.3029501       3.3033238    -0.011310714
       7.6800000     0.039654005 -2.4639151E-003       3.4107116       3.4111496    -0.012838020
       7.9200000     0.041113562 -3.4364433E-003       3.5185863       3.5190972    -0.014518758
       8.1600000     0.042598858 -4.4259279E-003       3.6265772       3.6271708    -0.016363447
       8.4000000     0.044107773 -5.4311762E-003       3.7346875       3.7353742    -0.018383040
       8.6400000     0.045638058 -6.4509592E-003       3.8429202       3.8437116    -0.020588934
       8.8800000     0.047187333 -7.4840115E-003       3.9512782       3.9521870    -0.022992981
       9.1200000     0.048753077 -8.5290319E-003       4.0597646       4.0608044    -0.025607502
       9.3600000     0.050332621 -9.5846837E-003       4.1683820       4.1695681    -0.028445298
       9.6000000     0.051923138    -0.010649595       4.2771334       4.2784820    -0.031519663
       9.8400000     0.053521639    -0.011722360       4.3860216       4.3875504    -0.034844402
       10.080000     0.055124957    -0.012801538       4.4950491       4.4967773    -0.038433838
       10.320000     0.056729743    -0.013885655       4.6042186       4.6061671    -0.042302835
       10.560000     0.058332452    -0.014973205       4.7135326       4.7157239    -0.046466807
       10.800000     0.059929333    -0.016062652       4.8229937       4.8254519    -0.050941740
       11.040000     0.061516417    -0.017152427       4.9326042       4.9353554    -0.055744205
       11.280000     0.063089503    -0.018240934       5.0423664       5.0454387    -0.060891383
       11.520000     0.064644147    -0.019326548       5.1522826       5.1557060    -0.066401074
       11.760000     0.066175646    -0.020407620       5.2623549       5.2661619    -0.072291725
       12.000000     0.067679020    -0.021482475       5.3725853       5.3768105    -0.078582448
       12.240000     0.069149002    -0.022549417       5.4829758       5.4876563    -0.085293040
       12.480000     0.070580014    -0.023606729       5.5935282       5.5987038    -0.092444011
       12.720000     0.071966153    -0.024652680       5.7042442       5.7099574     -0.10005660
       12.960000     0.073301168    -0.025685522       5.8151255       5.8214216     -0.10815282
       13.200000     0.074578439    -0.026703497       5.9261736       5.9331009     -0.11675544
       13.440000     0.075790956    -0.027704841       6.0373899       6.0449998     -0.12588808
       13.680000     0.076931293    -0.028687786       6.1487754       6.1571230     -0.13557519
       13.920000     0.077991582    -0.029650566       6.2603315       6.2694750     -0.14584206
       14.160000     0.078963487    -0.030591422       6.3720590       6.3820606     -0.15671495
       14.400000     0.079838169    -0.031508606       6.4839586       6.4948844     -0.16822101
       14.640000     0.080606260    -0.032400391       6.5960312       6.6079511     -0.18038840
       14.880000     0.081257822    -0.033265073       6.7082770       6.7212656     -0.19324627
       15.120000     0.081782315    -0.034100983       6.8206964       6.8348326     -0.20682484
       15.360000     0.082168556    -0.034906494       6.9332895       6.9486569     -0.22115545
       15.600000     0.082404671    -0.035680027       7.0460563       7.0627435     -0.23627055
       15.840000     0.082478057    -0.036420070       7.1589963       7.1770972     -0.25220381
       16.080000     0.082375323    -0.037125180       7.2721091       7.2917231     -0.26899014
       16.320000     0.082082243    -0.037794002       7.3853939       7.4066261     -0.28666576
       16.560000     0.081583693    -0.038425281       7.4988496       7.5218113     -0.30526823
       16.800000     0.080863590    -0.039017877       7.6124752       7.6372839     -0.32483657
       17.040000     0.079904825    -0.039570785       7.7262689       7.7530488     -0.34541125
       17.280000     0.078689184    -0.040083152       7.8402291       7.8691114     -0.36703434
       17.520000     0.077197272    -0.040554297       7.9543535       7.9854769     -0.38974953
       17.760000     0.075408427    -0.040983738       8.0686398       8.1021505     -0.41360225
       18.000000     0.073300621    -0.041371216       8.1830852       8.2191376     -0.43863974
       18.240000     0.070850358    -0.041716723       8.2976866       8.3364436     -0.46491114
       18.480000     0.068032565    -0.042020537       8.4124404       8.4540739     -0.49246763
       18.720000     0.064820465    -0.042283253       8.5273427       8.5720341     -0.52136252
       18.960000     0.061185448    -0.042505826       8.6423892       8.6903295     -0.55165136
       19.200000     0.057096920    -0.042689612       8.7575752       8.8089660     -0.58339210
       19.440000     0.052522149    -0.042836417       8.8728953       8.9279490     -0.61664523
       19.680000     0.047426084    -0.042948552       8.9883437       9.0472844     -0.65147393
       19.920000     0.041771168    -0.043028890       9.1039142       9.1669779     -0.68794428
       20.160000     0.035517122    -0.043080934       9.2195998       9.2870353     -0.72612539
       20.400000     0.028620719    -0.043108889       9.3353930       9.4074626     -0.76608969
       20.640000     0.021035523    -0.043117747       9.4512855       9.5282656     -0.80791308
       20.880000     0.012711607    -0.043113374       9.5672685       9.6494505     -0.85167526
       21.120000  3.5952468E-003    -0.043102618       9.6833322       9.7710232     -0.89746000
       21.360000 -6.3714305E-003    -0.043093416       9.7994661       9.8929901     -0.94535541
       21.600000    -0.017250824    -0.043094927       9.9156588       10.015357     -0.99545437
       21.840000    -0.029110286    -0.043117672       10.031898       10.138131      -1.0478549
       22.080000    -0.042022591    -0.043173696       10.148170       10.261317      -1.1026604
       22.320000    -0.056066464    -0.043276743       10.264460       10.384923      -1.1599807
       22.560000    -0.071327162    -0.043442464       10.380753       10.508955      -1.2199320
       22.800000    -0.087897134    -0.043688640       10.497031       10.633419      -1.2826376
       23.040000     -0.10587675    -0.044035437       10.613276       10.758322      -1.3482291
       23.280000     -0.12537512    -0.044505698       10.729467       10.883672      -1.4168467
       23.520000     -0.14651103    -0.045125267       10.845582       11.009473      -1.4886401
       23.760000     -0.16941397    -0.045923361       10.961597       11.135735      -1.5637700
       24.000000     -0.19422530    -0.046932987       11.077487       11.262462      -1.6424087

Table series: Data for wavelength : 0.587562 µm.
   Y Angle (deg)       Tan Shift       Sag Shift     Real Height     Ref. Height      Distortion
  --------------  --------------  --------------  --------------  --------------  --------------
      0.00000000     0.051073589     0.051073589      0.00000000      0.00000000      0.00000000
      0.24000000     0.051096876     0.051052676      0.10596466      0.10596465  8.8359499E-006
      0.48000000     0.051164729     0.050989954      0.21193309      0.21193301  3.5127431E-005
      0.72000000     0.051277099     0.050885474      0.31790907      0.31790882  7.8472230E-005
      0.96000000     0.051433907     0.050739322      0.42389637      0.42389578  1.3825653E-004
       1.2000000     0.051635041     0.050551618      0.52989875      0.52989762  2.1351349E-004
       1.4400000     0.051880356     0.050322516      0.63592000      0.63591807  3.0303460E-004
       1.6800000     0.052169672     0.050052206      0.74196385      0.74196084  4.0534045E-004
       1.9200000     0.052502780     0.049740909      0.84803408      0.84802968  5.1867935E-004
       2.1600000     0.052879431     0.049388884      0.95413442      0.95412831  6.4102562E-004
       2.4000000     0.053299344     0.048996423       1.0602686       1.0602605  7.7007774E-004
       2.6400000     0.053762202     0.048563854       1.1664404       1.1664299  9.0325611E-004
       2.8800000     0.054267649     0.048091537       1.2726536       1.2726403  1.0377006E-003
       3.1200000     0.054815291     0.047579871       1.3789117       1.3788956  1.1702678E-003
       3.3600000     0.055404697     0.047029286       1.4852186       1.4851993  1.2975282E-003
       3.6000000     0.056035390     0.046440250       1.5915779       1.5915554  1.4157626E-003
       3.8400000     0.056706856     0.045813266       1.6979933       1.6979675  1.5209589E-003
       4.0800000     0.057418532     0.045148871       1.8044685       1.8044395  1.6088078E-003
       4.3200000     0.058169811     0.044447640       1.9110071       1.9109751  1.6746992E-003
       4.5600000     0.058960040     0.043710182       2.0176128       2.0175782  1.7137176E-003
       4.8000000     0.059788513     0.042937141       2.1242891       2.1242525  1.7206370E-003
       5.0400000     0.060654473     0.042129201       2.2310396       2.2310019  1.6899164E-003
       5.2800000     0.061557107     0.041287078       2.3378680       2.3378302  1.6156940E-003
       5.5200000     0.062495547     0.040411528       2.4447777       2.4447412  1.4917818E-003
       5.7600000     0.063468863     0.039503342       2.5517723       2.5517388  1.3116596E-003
       6.0000000     0.064476062     0.038563347       2.6588553       2.6588269  1.0684684E-003
       6.2400000     0.065516086     0.037592408       2.7660302       2.7660093  7.5500378E-004
       6.4800000     0.066587805     0.036591427       2.8733004       2.8732900  3.6370911E-004
       6.7200000     0.067690018     0.035561344       2.9806694       2.9806728 -1.1333220E-004
       6.9600000     0.068821447     0.034503134       3.0881404       3.0881616 -6.8440439E-004
       7.2000000     0.069980731     0.033417813       3.1957170       3.1957604 -1.3581676E-003
       7.4400000     0.071166424     0.032306430       3.3034023       3.3034731 -2.1436662E-003
       7.6800000     0.072376991     0.031170077       3.4111997       3.4113038 -3.0503385E-003
       7.9200000     0.073610800     0.030009878       3.5191125       3.5192563 -4.0880252E-003
       8.1600000     0.074866121     0.028826998       3.6271437       3.6273348 -5.2669804E-003
       8.4000000     0.076141117     0.027622640       3.7352966       3.7355431 -6.5978809E-003
       8.6400000     0.077433837     0.026398042       3.8435743       3.8438854 -8.0918379E-003
       8.8800000     0.078742216     0.025154481       3.9519799       3.9523657 -9.7604079E-003
       9.1200000     0.080064061     0.023893270       4.0605163       4.0609880    -0.011615605
       9.3600000     0.081397048     0.022615761       4.1691866       4.1697566    -0.013669912
       9.6000000     0.082738714     0.021323340       4.2779936       4.2786755    -0.015936296
       9.8400000     0.084086448     0.020017431       4.3869402       4.3877488    -0.018428218
       10.080000     0.085437484     0.018699493       4.4960291       4.4969807    -0.021159653
       10.320000     0.086788888     0.017371021       4.6052632       4.6063754    -0.024145098
       10.560000     0.088137554     0.016033542       4.7146449       4.7159371    -0.027399591
       10.800000     0.089480190     0.014688620       4.8241771       4.8256701    -0.030938729
       11.040000     0.090813307     0.013337849       4.9338620       4.9355785    -0.034778682
       11.280000     0.092133209     0.011982857       5.0437022       5.0456668    -0.038936210
       11.520000     0.093435979     0.010625300       5.1537000       5.1559392    -0.043428687
       11.760000     0.094717465  9.2668658E-003       5.2638577       5.2664000    -0.048274115
       12.000000     0.095973271  7.9092671E-003       5.3741774       5.3770536    -0.053491142
       12.240000     0.097198733  6.5542436E-003       5.4846612       5.4879045    -0.059099094
       12.480000     0.098388913  5.2035585E-003       5.5953111       5.5989570    -0.065117984
       12.720000     0.099538571  3.8589959E-003       5.7061289       5.7102156    -0.071568546
       12.960000      0.10064216  2.5223591E-003       5.8171164       5.8216848    -0.078472257
       13.200000      0.10169378  1.1954670E-003       5.9282752       5.9333691    -0.085851359
       13.440000      0.10268720 -1.1984914E-004       6.0396069       6.0452731    -0.093728888
       13.680000      0.10361579 -1.4217490E-003       6.1511129       6.1574014     -0.10212870
       13.920000      0.10447254 -2.7083876E-003       6.2627943       6.2697585     -0.11107552
       14.160000      0.10524997 -3.9779194E-003       6.3746524       6.3823492     -0.12059493
       14.400000      0.10594020 -5.2285040E-003       6.4866880       6.4951781     -0.13071346
       14.640000      0.10653480 -6.4583111E-003       6.5989020       6.6082499     -0.14145857
       14.880000      0.10702488 -7.6655273E-003       6.7112950       6.7215695     -0.15285871
       15.120000      0.10740096 -8.8483625E-003       6.8238675       6.8351416     -0.16494338
       15.360000      0.10765297    -0.010005058       6.9366198       6.9489711     -0.17774314
       15.600000      0.10777022    -0.011133896       7.0495519       7.0630628     -0.19128965
       15.840000      0.10774135    -0.012233205       7.1626638       7.1774217     -0.20561574
       16.080000      0.10755427    -0.013301377       7.2759552       7.2920528     -0.22075547
       16.320000      0.10719610    -0.014336873       7.3894255       7.4069610     -0.23674414
       16.560000      0.10665318    -0.015338240       7.5030739       7.5221514     -0.25361838
       16.800000      0.10591092    -0.016304121       7.6168994       7.6376292     -0.27141618
       17.040000      0.10495379    -0.017233276       7.7309008       7.7533994     -0.29017701
       17.280000      0.10376528    -0.018124595       7.8450765       7.8694672     -0.30994181
       17.520000      0.10232773    -0.018977120       7.9594246       7.9858380     -0.33075314
       17.760000      0.10062234    -0.019790067       8.0739429       8.1025169     -0.35265521
       18.000000     0.098629036    -0.020562844       8.1886291       8.2195093     -0.37569397
       18.240000     0.096326396    -0.021295087       8.3034802       8.3368206     -0.39991721
       18.480000     0.093691522    -0.021986679       8.4184931       8.4544562     -0.42537468
       18.720000     0.090699941    -0.022637790       8.5336642       8.5724216     -0.45211815
       18.960000     0.087325477    -0.023248909       8.6489895       8.6907225     -0.48020157
       19.200000     0.083540115    -0.023820884       8.7644646       8.8093643     -0.50968115
       19.440000     0.079313852    -0.024354966       8.8800846       8.9283527     -0.54061555
       19.680000     0.074614531    -0.024852861       8.9958442       9.0476935     -0.57306599
       19.920000     0.069407666    -0.025316778       9.1117375       9.1673924     -0.60709641
       20.160000     0.063656242    -0.025749497       9.2277579       9.2874552     -0.64277369
       20.400000     0.057320501    -0.026154430       9.3438985       9.4078879     -0.68016779
       20.640000     0.050357703    -0.026535699       9.4601516       9.5286965     -0.71935201
       20.880000     0.042721860    -0.026898219       9.5765087       9.6498868     -0.76040320
       21.120000     0.034363454    -0.027247792       9.6929609       9.7714651     -0.80340203
       21.360000     0.025229108    -0.027591208       9.8094982       9.8934374     -0.84843330
       21.600000     0.015261238    -0.027936363       9.9261098       10.015810     -0.89558622
       21.840000  4.3976543E-003    -0.028292392       10.042784       10.138589     -0.94495480
       22.080000 -7.4288731E-003    -0.028669808       10.159508       10.261781     -0.99663826
       22.320000    -0.020291101    -0.029080671       10.276269       10.385393      -1.0507414
       22.560000    -0.034267857    -0.029538767       10.393051       10.509430      -1.1073753
       22.800000    -0.049444640    -0.030059820       10.509839       10.633900      -1.1666576
       23.040000    -0.065914303    -0.030661715       10.626614       10.758809      -1.2287134
       23.280000    -0.083777806    -0.031364771       10.743358       10.884164      -1.2936757
       23.520000     -0.10314507    -0.032192027       10.860050       11.009971      -1.3616865
       23.760000     -0.12413593    -0.033169581       10.976667       11.136238      -1.4328977
       24.000000     -0.14688123    -0.034326970       11.093185       11.262972      -1.5074719

Table series: Data for wavelength : 0.656273 µm.
   Y Angle (deg)       Tan Shift       Sag Shift     Real Height     Ref. Height      Distortion
  --------------  --------------  --------------  --------------  --------------  --------------
      0.00000000     0.084781715     0.084781715      0.00000000      0.00000000      0.00000000
      0.24000000     0.084803538     0.084759649      0.10594036      0.10594025  1.0759226E-004
      0.48000000     0.084866716     0.084693467      0.21188451      0.21188421  1.4409989E-004
      0.72000000     0.084971203     0.084583220      0.31783626      0.31783561  2.0445898E-004
      0.96000000     0.085116925     0.084428995      0.42379938      0.42379816  2.8810054E-004
       1.2000000     0.085303777     0.084230911      0.52977768      0.52977559  3.9405117E-004
       1.4400000     0.085531625     0.083989123      0.63577494      0.63577162  5.2111741E-004
       1.6800000     0.085800302     0.083703819      0.74179493      0.74178998  6.6783826E-004
       1.9200000     0.086109611     0.083375223      0.84784145      0.84783439  8.3248382E-004
       2.1600000     0.086459322     0.083003592      0.95391825      0.95390858  1.0130536E-003
       2.4000000     0.086849171     0.082589218       1.0600291       1.0600163  1.2072747E-003
       2.6400000     0.087278863     0.082132430       1.1661778       1.1661613  1.4125995E-003
       2.8800000     0.087748066     0.081633589       1.2723680       1.2723473  1.6262034E-003
       3.1200000     0.088256412     0.081093092       1.3786035       1.3785780  1.8449819E-003
       3.3600000     0.088803497     0.080511371       1.4848880       1.4848573  2.0655479E-003
       3.6000000     0.089388879     0.079888894       1.5912252       1.5911889  2.2842282E-003
       3.8400000     0.090012074     0.079226164       1.6976189       1.6975765  2.4970602E-003
       4.0800000     0.090672557     0.078523718       1.8040726       1.8040239  2.6997877E-003
       4.3200000     0.091369763     0.077782132       1.9105902       1.9105350  2.8878575E-003
       4.5600000     0.092103077     0.077002015       2.0171752       2.0171136  3.0564144E-003
       4.8000000     0.092871841     0.076184013       2.1238313       2.1237633  3.2002965E-003
       5.0400000     0.093675345     0.075328809       2.2305620       2.2304881  3.3140307E-003
       5.2800000     0.094512828     0.074437122       2.3373711       2.3372918  3.3918270E-003
       5.5200000     0.095383476     0.073509706       2.4442620       2.4441782  3.4275728E-003
       5.7600000     0.096286417     0.072547355       2.5512383       2.5511512  3.4148275E-003
       6.0000000     0.097220721     0.071550898       2.6583036       2.6582146  3.3468154E-003
       6.2400000     0.098185392     0.070521200       2.7654613       2.7653724  3.2164198E-003
       6.4800000     0.099179373     0.069459166       2.8727149       2.8726283  3.0161753E-003
       6.7200000      0.10020153     0.068365737       2.9800679       2.9799863  2.7382613E-003
       6.9600000      0.10125067     0.067241890       3.0875237       3.0874504  2.3744935E-003
       7.2000000      0.10232551     0.066088643       3.1950857       3.1950244  1.9163161E-003
       7.4400000      0.10342469     0.064907049       3.3027571       3.3027124  1.3547933E-003
       7.6800000      0.10454676     0.063698201       3.4105414       3.4105182  6.8060022E-004
       7.9200000      0.10569018     0.062463229       3.5184418       3.5184459 -1.1598620E-004
       8.1600000      0.10685333     0.061203300       3.6264615       3.6264994 -1.0450973E-003
       8.4000000      0.10803448     0.059919620       3.7346038       3.7346828 -2.1172828E-003
       8.6400000      0.10923178     0.058613433       3.8428717       3.8430002 -3.3435216E-003
       8.8800000      0.11044328     0.057286021       3.9512684       3.9514555 -4.7352329E-003
       9.1200000      0.11166692     0.055938703       4.0597969       4.0600528 -6.3042881E-003
       9.3600000      0.11290049     0.054572835       4.1684602       4.1687964 -8.0630231E-003
       9.6000000      0.11414167     0.053189811       4.2772613       4.2776901    -0.010024251
       9.8400000      0.11538800     0.051791063       4.3862031       4.3867383    -0.012201275
       10.080000      0.11663684     0.050378056       4.4952883       4.4959451    -0.014607904
       10.320000      0.11788543     0.048952296       4.6045198       4.6053146    -0.017258465
       10.560000      0.11913082     0.047515319       4.7139002       4.7148511    -0.020167821
       10.800000      0.12036989     0.046068698       4.8234322       4.8245588    -0.023351384
       11.040000      0.12159933     0.044614042       4.9331182       4.9344419    -0.026825136
       11.280000      0.12281564     0.043152988       5.0429609       5.0445048    -0.030605639
       11.520000      0.12401510     0.041687210       5.1529626       5.1547518    -0.034710067
       11.760000      0.12519376     0.040218407       5.2631255       5.2651872    -0.039156208
       12.000000      0.12634744     0.038748310       5.3734520       5.3758153    -0.043962496
       12.240000      0.12747172     0.037278677       5.4839441       5.4866407    -0.049148026
       12.480000      0.12856189     0.035811291       5.5946039       5.5976676    -0.054732582
       12.720000      0.12961297     0.034347957       5.7054332       5.7089006    -0.060736652
       12.960000      0.13061967     0.032890502       5.8164339       5.8203441    -0.067181463
       13.200000      0.13157639     0.031440770       5.9276078       5.9320027    -0.074088995
       13.440000      0.13247716     0.030000621       6.0389563       6.0438810    -0.081482015
       13.680000      0.13331569     0.028571925       6.1504809       6.1559834    -0.089384103
       13.920000      0.13408526     0.027156559       6.2621830       6.2683146    -0.097819678
       14.160000      0.13477875     0.025756406       6.3740637       6.3808794     -0.10681404
       14.400000      0.13538863     0.024373344       6.4861241       6.4936823     -0.11639338
       14.640000      0.13590686     0.023009246       6.5983650       6.6067281     -0.12658484
       14.880000      0.13632492     0.021665972       6.7107872       6.7200216     -0.13741655
       15.120000      0.13663376     0.020345361       6.8233911       6.8335675     -0.14891763
       15.360000      0.13682374     0.019049226       6.9361773       6.9473708     -0.16111828
       15.600000      0.13688464     0.017779346       7.0491458       7.0614363     -0.17404977
       15.840000      0.13680557     0.016537454       7.1622967       7.1757688     -0.18774454
       16.080000      0.13657494     0.015325230       7.2756297       7.2903735     -0.20223621
       16.320000      0.13618044     0.014144289       7.3891444       7.4052553     -0.21755965
       16.560000      0.13560894     0.012996166       7.5028401       7.5204192     -0.23375103
       16.800000      0.13484647     0.011882308       7.6167159       7.6358703     -0.25084787
       17.040000      0.13387812     0.010804054       7.7307706       7.7516139     -0.26888911
       17.280000      0.13268804  9.7626197E-003       7.8450028       7.8676550     -0.28791517
       17.520000      0.13125927  8.7590796E-003       7.9594107       7.9839989     -0.30796805
       17.760000      0.12957377  7.7943457E-003       8.0739924       8.1006509     -0.32909137
       18.000000      0.12761224  6.8691454E-003       8.1887454       8.2176164     -0.35133045
       18.240000      0.12535408  5.9839954E-003       8.3036671       8.3349007     -0.37473244
       18.480000      0.12277728  5.1391753E-003       8.4187544       8.4525092     -0.39934637
       18.720000      0.11985830  4.3346948E-003       8.5340040       8.5704475     -0.42522330
       18.960000      0.11657195  3.5702604E-003       8.6494119       8.6887211     -0.45241637
       19.200000      0.11289126  2.8452372E-003       8.7649740       8.8073356     -0.48098098
       19.440000      0.10878736  2.1586067E-003       8.8806855       8.9262966     -0.51097488
       19.680000      0.10422927  1.5089196E-003       8.9965412       9.0456099     -0.54245836
       19.920000     0.099183764  8.9424396E-004       9.1125356       9.1652812     -0.57549434
       20.160000     0.093615188  3.1210704E-004       9.2286622       9.2853164     -0.61014861
       20.400000     0.087485218 -2.4056917E-004       9.3449144       9.4057214     -0.64648997
       20.640000     0.080752655 -7.6753969E-004       9.4612846       9.5265021     -0.68459045
       20.880000     0.073373159 -1.2733166E-003       9.5777647       9.6476645     -0.72452556
       21.120000     0.065298976 -1.7632581E-003       9.6943460       9.7692148     -0.76637451
       21.360000     0.056478624 -2.2436684E-003       9.8110188       9.8911590     -0.81022050
       21.600000     0.046856554 -2.7219088E-003       9.9277727       10.013503     -0.85615102
       21.840000     0.036372768 -3.2065220E-003       10.044596       10.136254     -0.90425822
       22.080000     0.024962400 -3.7073718E-003       10.161478       10.259418     -0.95463925
       22.320000     0.012555243 -4.2357989E-003       10.278403       10.383001      -1.0073967
       22.560000 -9.2476899E-004 -4.8047965E-003       10.395358       10.507010      -1.0626392
       22.800000    -0.015560144 -5.4292077E-003       10.512328       10.631451      -1.1204816
       23.040000    -0.031440484 -6.1259465E-003       10.629294       10.756331      -1.1810462
       23.280000    -0.048663214 -6.9142487E-003       10.746239       10.881657      -1.2444626
       23.520000    -0.067334399 -7.8159536E-003       10.863143       11.007436      -1.3108692
       23.760000    -0.087569661 -8.8558233E-003       10.979983       11.133674      -1.3804138
       24.000000     -0.10949522    -0.010061904       11.096736       11.260378      -1.4532546
