Results for:	
File:	C:\Users\User\OneDrive - Massachusetts Institute of Technology\Documents\MIT\Grad School\Classes\2.156\Lens Project\Prime Lenses\US005000550_Example01P.zmx
Title:	US 5,000,550 Example 1 (Canon EF20-35mm f2.8L)
Date:	11/7/2025 5:38:56 PM

0 message(s) in output.
3 series table(s) in output.

Table series: Data for wavelength : 0.486133 µm.
   Y Angle (deg)       Tan Shift       Sag Shift     Real Height     Ref. Height      Distortion
  --------------  --------------  --------------  --------------  --------------  --------------
      0.00000000    -0.082595417    -0.082595417      0.00000000      0.00000000      0.00000000
      0.47399072    -0.082644011    -0.082665605      0.17030282      0.17030415 -7.8010121E-004
      0.94798144    -0.082777698    -0.082876164      0.34062099      0.34063162 -3.1195572E-003
       1.4219722    -0.082996915    -0.083227070      0.51096987      0.51100572 -7.0173363E-003
       1.8959629    -0.083302388    -0.083718285      0.68136483      0.68144982    -0.012471467
       2.3699536    -0.083695139    -0.084349754      0.85182133      0.85198730    -0.019479187
       2.8439443    -0.084176474    -0.085121403       1.0223549       1.0226416    -0.028036948
       3.3179350    -0.084747988    -0.086033141       1.1929810       1.1934362    -0.038140407
       3.7919257    -0.085411555    -0.087084851       1.3637155       1.3643947    -0.049784432
       4.2659165    -0.086169330    -0.088276397       1.5345740       1.5355409    -0.062963099
       4.7399072    -0.087023737    -0.089607611       1.7055726       1.7068983    -0.077669691
       5.2138979    -0.087977467    -0.091078298       1.8767272       1.8784910    -0.093896694
       5.6878886    -0.089033472    -0.092688226       2.0480541       2.0503430     -0.11163580
       6.1618793    -0.090194952    -0.094437127       2.2195697       2.2224785     -0.13087791
       6.6358700    -0.091465353    -0.096324689       2.3912906       2.3949216     -0.15161310
       7.1098608    -0.092848351    -0.098350551       2.5632336       2.5676971     -0.17383069
       7.5838515    -0.094347845     -0.10051430       2.7354158       2.7408295     -0.19751915
       8.0578422    -0.095967944     -0.10281546       2.9078544       2.9143437     -0.22266618
       8.5318329    -0.097712950     -0.10525349       3.0805670       3.0882648     -0.24925866
       9.0058236    -0.099587351     -0.10782778       3.2535715       3.2626181     -0.27728265
       9.4798144     -0.10159580     -0.11053763       3.4268859       3.4374293     -0.30672342
       9.9538051     -0.10374309     -0.11338224       3.6005288       3.6127241     -0.33756541
       10.427796     -0.10603415     -0.11636074       3.7745190       3.7885287     -0.36979224
       10.901787     -0.10847403     -0.11947212       3.9488756       3.9648694     -0.40338673
       11.375777     -0.11106783     -0.12271527       4.1236183       4.1417729     -0.43833086
       11.849768     -0.11382074     -0.12608893       4.2987669       4.3192664     -0.47460578
       12.323759     -0.11673798     -0.12959171       4.4743418       4.4973770     -0.51219184
       12.797749     -0.11982475     -0.13322205       4.6503640       4.6761327     -0.55106851
       13.271740     -0.12308626     -0.13697823       4.8268547       4.8555615     -0.59121448
       13.745731     -0.12652763     -0.14085834       5.0038357       5.0356919     -0.63260755
       14.219722     -0.13015391     -0.14486026       5.1813294       5.2165528     -0.67522470
       14.693712     -0.13396998     -0.14898164       5.3593586       5.3981737     -0.71904206
       15.167703     -0.13798056     -0.15321991       5.5379466       5.5805843     -0.76403490
       15.641694     -0.14219017     -0.15757224       5.7171177       5.7638148     -0.81017764
       16.115684     -0.14660301     -0.16203550       5.8968964       5.9478962     -0.85744382
       16.589675     -0.15122302     -0.16660627       6.0773079       6.1328598     -0.90580614
       17.063666     -0.15605371     -0.17128080       6.2583784       6.3187373     -0.95523638
       17.537657     -0.16109819     -0.17605498       6.4401344       6.5055612      -1.0057055
       18.011647     -0.16635907     -0.18092433       6.6226034       6.6933646      -1.0571834
       18.485638     -0.17183841     -0.18588396       6.8058136       6.8821810      -1.1096394
       18.959629     -0.17753763     -0.19092851       6.9897939       7.0720447      -1.1630415
       19.433619     -0.18345747     -0.19605220       7.1745742       7.2629908      -1.2173571
       19.907610     -0.18959792     -0.20124867       7.3601853       7.4550548      -1.2725525
       20.381601     -0.19595811     -0.20651108       7.5466586       7.6482730      -1.3285932
       20.855592     -0.20253625     -0.21183195       7.7340268       7.8426827      -1.3854434
       21.329582     -0.20932957     -0.21720320       7.9223234       8.0383218      -1.4430667
       21.803573     -0.21633420     -0.22261607       8.1115831       8.2352289      -1.5014253
       22.277564     -0.22354514     -0.22806105       8.3018414       8.4334437      -1.5604808
       22.751554     -0.23095612     -0.23352790       8.4931352       8.6330066      -1.6201933
       23.225545     -0.23855957     -0.23900550       8.6855024       8.8339590      -1.6805220
       23.699536     -0.24634651     -0.24448188       8.8789823       9.0363434      -1.7414249
       24.173527     -0.25430650     -0.24994410       9.0736152       9.2402030      -1.8028588
       24.647517     -0.26242756     -0.25537821       9.2694430       9.4455823      -1.8647793
       25.121508     -0.27069608     -0.26076918       9.4665090       9.6525267      -1.9271405
       25.595499     -0.27909684     -0.26610081       9.6648577       9.8610829      -1.9898953
       26.069489     -0.28761289     -0.27135566       9.8645354       10.071299      -2.0529950
       26.543480     -0.29622560     -0.27651499       10.065590       10.283223      -2.1163894
       27.017471     -0.30491458     -0.28155861       10.268071       10.496906      -2.1800266
       27.491462     -0.31365776     -0.28646486       10.472029       10.712400      -2.2438527
       27.965452     -0.32243139     -0.29121042       10.677519       10.929757      -2.3078122
       28.439443     -0.33121012     -0.29577031       10.884594       11.149032      -2.3718472
       28.913434     -0.33996714     -0.30011766       11.093312       11.370280      -2.4358976
       29.387425     -0.34867429     -0.30422366       11.303733       11.593560      -2.4999007
       29.861415     -0.35730225     -0.30805739       11.515918       11.818930      -2.5637912
       30.335406     -0.36582082     -0.31158572       11.729931       12.046452      -2.6275006
       30.809397     -0.37419921     -0.31477307       11.945840       12.276187      -2.6909573
       31.283387     -0.38240641     -0.31758133       12.163713       12.508200      -2.7540857
       31.757378     -0.39041163     -0.31996963       12.383624       12.742557      -2.8168065
       32.231369     -0.39818484     -0.32189414       12.605647       12.979327      -2.8790356
       32.705360     -0.40569735     -0.32330787       12.829863       13.218580      -2.9406843
       33.179350     -0.41292252     -0.32416041       13.056353       13.460388      -3.0016580
       33.653341     -0.41983653     -0.32439772       13.285204       13.704827      -3.0618564
       34.127332     -0.42641927     -0.32396177       13.516508       13.951973      -3.1211721
       34.601322     -0.43265533     -0.32279028       13.750358       14.201906      -3.1794906
       35.075313     -0.43853502     -0.32081632       13.986854       14.454708      -3.2366889
       35.549304     -0.44405552     -0.31796796       14.226103       14.710465      -3.2926349
       36.023295     -0.44922210     -0.31416781       14.468214       14.969263      -3.3471865
       36.497285     -0.45404930     -0.30933251       14.713305       15.231195      -3.4001903
       36.971276     -0.45856221     -0.30337218       14.961498       15.496352      -3.4514808
       37.445267     -0.46279759     -0.29618980       15.212925       15.764833      -3.5008790
       37.919257     -0.46680495     -0.28768045       15.467723       16.036737      -3.5481911
       38.393248     -0.47064736     -0.27773054       15.726039       16.312169      -3.5932070
       38.867239     -0.47440195     -0.26621684       15.988028       16.591235      -3.6356992
       39.341230     -0.47815987     -0.25300540       16.253856       16.874049      -3.6754207
       39.815220     -0.48202556     -0.23795032       16.523700       17.160723      -3.7121038
       40.289211     -0.48611499     -0.22089237       16.797746       17.451380      -3.7454584
       40.763202     -0.49055264     -0.20165726       17.076195       17.746142      -3.7751696
       41.237192     -0.49546659     -0.18005383       17.359262       18.045139      -3.8008971
       41.711183     -0.50098139     -0.15587182       17.647174       18.348504      -3.8222722
       42.185174     -0.50720772     -0.12887934       17.940176       18.656376      -3.8388971
       42.659165     -0.51422828    -0.098819907       18.238531       18.968899      -3.8503428
       43.133155     -0.52207850    -0.065409058       18.542519       19.286224      -3.8561476
       43.607146     -0.53072088    -0.028330351       18.852438       19.608506      -3.8558159
       44.081137     -0.54001126     0.012769234       19.168611       19.935908      -3.8488172
       44.555127     -0.54965492     0.058284675       19.491381       20.268598      -3.8345856
       45.029118     -0.55915006      0.10865916       19.821116       20.606752      -3.8125192
       45.503109     -0.56771576      0.16439135       20.158208       20.950554      -3.7819802
       45.977100     -0.57420101      0.22604393       20.503078       21.300195      -3.7422962
       46.451090     -0.57697061      0.29425349       20.856173       21.655873      -3.6927607
       46.925081     -0.57376361      0.36974217       21.217970       22.017796      -3.6326348
       47.399072     -0.56151887      0.45333136       21.588976       22.386181      -3.5611492

Table series: Data for wavelength : 0.587562 µm.
   Y Angle (deg)       Tan Shift       Sag Shift     Real Height     Ref. Height      Distortion
  --------------  --------------  --------------  --------------  --------------  --------------
      0.00000000  5.1398530E-005  5.1398530E-005      0.00000000      0.00000000      0.00000000
      0.47399072 -1.5762991E-005 -2.4697811E-005      0.17042473      0.17042606 -7.7799953E-004
      0.94798144 -2.0140929E-004 -2.5297996E-004      0.34086484      0.34087544 -3.1115969E-003
       1.4219722 -5.0597433E-004 -6.3342720E-004      0.51133571      0.51137150 -6.9996034E-003
       1.8959629 -9.3018359E-004 -1.1660042E-003      0.68185277      0.68193760    -0.012440035
       2.3699536 -1.4750522E-003 -1.8506603E-003      0.85243149      0.85259715    -0.019430114
       2.8439443 -2.1418825E-003 -2.6873279E-003       1.0230874       1.0233736    -0.027966269
       3.3179350 -2.9322603E-003 -3.6759208E-003       1.1938361       1.1942905    -0.038044131
       3.7919257 -3.8480512E-003 -4.8163325E-003       1.3646934       1.3653714    -0.049658540
       4.2659165 -4.8913950E-003 -6.1084328E-003       1.5356749       1.5366400    -0.062803536
       4.7399072 -6.0647004E-003 -7.5520659E-003       1.7067968       1.7081201    -0.077472365
       5.2138979 -7.3706375E-003 -9.1470458E-003       1.8780751       1.8798357    -0.093657472
       5.6878886 -8.8121309E-003    -0.010893154       2.0495260       2.0518107     -0.11135051
       6.1618793    -0.010392350    -0.012790133       2.2211659       2.2240693     -0.13054232
       6.6358700    -0.012114701    -0.014837684       2.3930117       2.3966359     -0.15122295
       7.1098608    -0.013982811    -0.017035459       2.5650799       2.5695350     -0.17338165
       7.5838515    -0.016000525    -0.019383060       2.7373879       2.7427914     -0.19700685
       8.0578422    -0.018171881    -0.021880024       2.9099528       2.9164298     -0.22208621
       8.5318329    -0.020501104    -0.024525826       3.0827922       3.0904754     -0.24860654
       9.0058236    -0.022992587    -0.027319863       3.2559242       3.2649535     -0.27655386
       9.4798144    -0.025650871    -0.030261450       3.4293667       3.4398898     -0.30591339
       9.9538051    -0.028480629    -0.033349814       3.6031385       3.6153101     -0.33666954
       10.427796    -0.031486642    -0.036584077       3.7772582       3.7912405     -0.36880588
       10.901787    -0.034673775    -0.039963254       3.9517451       3.9677074     -0.40230519
       11.375777    -0.038046957    -0.043486235       4.1266189       4.1447376     -0.43714943
       11.849768    -0.041611148    -0.047151776       4.3018995       4.3223581     -0.47331973
       12.323759    -0.045371312    -0.050958490       4.4776074       4.5005963     -0.51079641
       12.797749    -0.049332384    -0.054904826       4.6537634       4.6794799     -0.54955896
       13.271740    -0.053499238    -0.058989060       4.8303889       4.8590371     -0.58958606
       13.745731    -0.057876646    -0.063209277       5.0075058       5.0392964     -0.63085554
       14.219722    -0.062469241    -0.067563356       5.1851363       5.2202868     -0.67334441
       14.693712    -0.067281472    -0.072048950       5.3633035       5.4020377     -0.71702885
       15.167703    -0.072317561    -0.076663469       5.5420308       5.5845788     -0.76188420
       15.641694    -0.077581451    -0.081404058       5.7213422       5.7679406     -0.80788496
       16.115684    -0.083076755    -0.086267574       5.9012625       5.9521537     -0.85500478
       16.589675    -0.088806698    -0.091250569       6.0818170       6.1372497     -0.90321648
       17.063666    -0.094774061    -0.096349256       6.2630317       6.3232602     -0.95249201
       17.537657     -0.10098112     -0.10155949       6.4449332       6.5102179      -1.0028025
       18.011647     -0.10742956     -0.10687674       6.6275492       6.6981557      -1.0541181
       18.485638     -0.11412046     -0.11229605       6.8109077       6.8871072      -1.1064082
       18.959629     -0.12105413     -0.11781203       6.9950378       7.0771069      -1.1596414
       19.433619     -0.12823012     -0.12341877       7.1799694       7.2681896      -1.2137851
       19.907610     -0.13564710     -0.12910987       7.3657332       7.4603911      -1.2688061
       20.381601     -0.14330277     -0.13487838       7.5523607       7.6537476      -1.3246701
       20.855592     -0.15119381     -0.14071671       7.7398847       7.8482965      -1.3813421
       21.329582     -0.15931575     -0.14661667       7.9283386       8.0440756      -1.4387858
       21.803573     -0.16766290     -0.15256934       8.1177570       8.2411237      -1.4969643
       22.277564     -0.17622828     -0.15856509       8.3081756       8.4394803      -1.5558393
       22.751554     -0.18500348     -0.16459349       8.4996311       8.6391861      -1.6153719
       23.225545     -0.19397864     -0.17064327       8.6921615       8.8402824      -1.6755219
       23.699536     -0.20314228     -0.17670223       8.8858060       9.0428116      -1.7362479
       24.173527     -0.21248130     -0.18275723       9.0806049       9.2468171      -1.7975077
       24.647517     -0.22198082     -0.18879407       9.2766000       9.4523434      -1.8592575
       25.121508     -0.23162419     -0.19479747       9.4738345       9.6594360      -1.9214525
       25.595499     -0.24139287     -0.20075095       9.6723529       9.8681415      -1.9840465
       26.069489     -0.25126638     -0.20663676       9.8722014       10.078508      -2.0469919
       26.543480     -0.26122233     -0.21243581       10.073428       10.290584      -2.1102396
       27.017471     -0.27123630     -0.21812758       10.276081       10.504420      -2.1737387
       27.491462     -0.28128194     -0.22369001       10.480213       10.720068      -2.2374367
       27.965452     -0.29133093     -0.22909938       10.685876       10.937580      -2.3012792
       28.439443     -0.30135309     -0.23433024       10.893125       11.157012      -2.3652097
       28.913434     -0.31131645     -0.23935525       11.102018       11.378419      -2.4291696
       29.387425     -0.32118736     -0.24414510       11.312613       11.601859      -2.4930975
       29.861415     -0.33093071     -0.24866832       11.524972       11.827390      -2.5569296
       30.335406     -0.34051015     -0.25289117       11.739159       12.055075      -2.6205989
       30.809397     -0.34988833     -0.25677746       11.955241       12.284974      -2.6840353
       31.283387     -0.35902732     -0.26028840       12.173286       12.517153      -2.7471649
       31.757378     -0.36788894     -0.26338239       12.393367       12.751678      -2.8099099
       32.231369     -0.37643530     -0.26601483       12.615560       12.988617      -2.8721878
       32.705360     -0.38462933     -0.26813792       12.839942       13.228041      -2.9339114
       33.179350     -0.39243541     -0.26970037       13.066597       13.470023      -2.9949879
       33.653341     -0.39982011     -0.27064716       13.295611       13.714636      -3.0553182
       34.127332     -0.40675294     -0.27091925       13.527073       13.961959      -3.1147968
       34.601322     -0.41320721     -0.27045326       13.761078       14.212071      -3.1733104
       35.075313     -0.41916098     -0.26918107       13.997727       14.465055      -3.2307375
       35.549304     -0.42459795     -0.26702947       14.237123       14.720995      -3.2869473
       36.023295     -0.42950851     -0.26391963       14.479378       14.979978      -3.3417990
       36.497285     -0.43389063     -0.25976668       14.724606       15.242097      -3.3951405
       36.971276     -0.43775075     -0.25447906       14.972933       15.507444      -3.4468075
       37.445267     -0.44110458     -0.24795786       15.224486       15.776117      -3.4966219
       37.919257     -0.44397759     -0.24009615       15.479405       16.048216      -3.5443912
       38.393248     -0.44640520     -0.23077803       15.737834       16.323845      -3.5899064
       38.867239     -0.44843251     -0.21987772       15.999930       16.603111      -3.6329410
       39.341230     -0.45011335     -0.20725842       16.265857       16.886127      -3.6732494
       39.815220     -0.45150833     -0.19277103       16.535791       17.173007      -3.7105652
       40.289211     -0.45268180     -0.17625266       16.809919       17.463872      -3.7446000
       40.763202     -0.45369702     -0.15752492       17.088441       17.758845      -3.7750413
       41.237192     -0.45460931     -0.13639197       17.371569       18.058055      -3.8015512
       41.711183     -0.45545636     -0.11263821       17.659532       18.361637      -3.8237648
       42.185174     -0.45624504    -0.086025675       17.952572       18.669730      -3.8412886
       42.659165     -0.45693357    -0.056290927       18.250949       18.982477      -3.8536994
       43.133155     -0.45740808    -0.023141553       18.554943       19.300029      -3.8605431
       43.607146     -0.45745177     0.013747972       18.864850       19.622542      -3.8613338
       44.081137     -0.45670504     0.054741051       19.180988       19.950178      -3.8555530
       44.555127     -0.45461437      0.10024451       19.503697       20.283106      -3.8426500
       45.029118     -0.45036719      0.15071504       19.833340       20.621503      -3.8220418
       45.503109     -0.44280968      0.20666667       20.170303       20.965551      -3.7931142
       45.977100     -0.43034373      0.26867946       20.514999       21.315441      -3.7552230
       46.451090     -0.41079883      0.33740966       20.867865       21.671374      -3.7076960
       46.925081     -0.38127371      0.41360151       21.229368       22.033556      -3.6498353
       47.399072     -0.33794220      0.49810117       21.600000       22.402205      -3.5809193

Table series: Data for wavelength : 0.656273 µm.
   Y Angle (deg)       Tan Shift       Sag Shift     Real Height     Ref. Height      Distortion
  --------------  --------------  --------------  --------------  --------------  --------------
      0.00000000     0.073298566     0.073298566      0.00000000      0.00000000      0.00000000
      0.47399072     0.073224118     0.073220064      0.17058050      0.17058196 -8.5517621E-004
      0.94798144     0.073018029     0.072984563      0.34117640      0.34118726 -3.1849200E-003
       1.4219722     0.072679867     0.072592085      0.51180311      0.51183928 -7.0665002E-003
       1.8959629     0.072208909     0.072042664      0.68247610      0.68256141    -0.012497927
       2.3699536     0.071604141     0.071336349      0.85321086      0.85337707    -0.019476416
       2.8439443     0.070864265     0.070473207       1.0240229       1.0243097    -0.027998384
       3.3179350     0.069987701     0.069453322       1.1949280       1.1953830    -0.038059453
       3.7919257     0.068972590     0.068276800       1.3659418       1.3666204    -0.049654446
       4.2659165     0.067816799     0.066943768       1.5370801       1.5380456    -0.062777390
       4.7399072     0.066517931     0.065454380       1.7083590       1.7096826    -0.077421513
       5.2138979     0.065073327     0.063808821       1.8797945       1.8815553    -0.093579242
       5.6878886     0.063480078     0.062007307       2.0514030       2.0536876     -0.11124220
       6.1618793     0.061735033     0.060050092       2.2232009       2.2261038     -0.13040123
       6.6358700     0.059834808     0.057937474       2.3952049       2.3988283     -0.15104634
       7.1098608     0.057775800     0.055669798       2.5674319       2.5718855     -0.17316676
       7.5838515     0.055554199     0.053247463       2.7398989       2.7453003     -0.19675091
       8.0578422     0.053165999     0.050670926       2.9126234       2.9190976     -0.22178640
       8.5318329     0.050607019     0.047940716       3.0856230       3.0933024     -0.24826003
       9.0058236     0.047872915     0.045057432       3.2589155       3.2679402     -0.27615781
       9.4798144     0.044959203     0.042021759       3.4325192       3.4430365     -0.30546493
       9.9538051     0.041861277     0.038834474       3.6064527       3.6186172     -0.33616577
       10.427796     0.038574431     0.035496454       3.7807348       3.7947086     -0.36824389
       10.901787     0.035093885     0.032008688       3.9553848       3.9713369     -0.40168205
       11.375777     0.031414809     0.028372289       4.1304223       4.1485290     -0.43646220
       11.849768     0.027532354     0.024588505       4.3058673       4.3263120     -0.47256546
       12.323759     0.023441683     0.020658733       4.4817404       4.5047132     -0.50997215
       12.797749     0.019138001     0.016584529       4.6580625       4.6837605     -0.54866174
       13.271740     0.014616595     0.012367628       4.8348549       4.8634820     -0.58861291
       13.745731  9.8728708E-003  8.0099568E-003       5.0121395       5.0439062     -0.62980352
       14.219722  4.9023951E-003  3.5136512E-003       5.1899387       5.2250621     -0.67221057
       14.693712 -2.9905950E-004 -1.1189253E-003       5.3682755       5.4069793     -0.71581028
       15.167703 -5.7354668E-003 -5.8851627E-003       5.5471734       5.5896874     -0.76057800
       15.641694    -0.011410496    -0.010782183       5.7266565       5.7732168     -0.80648828
       16.115684    -0.017327455    -0.015806820       5.9067495       5.9575985     -0.85351482
       16.589675    -0.023489236    -0.020955594       6.0874778       6.1428638     -0.90163047
       17.063666    -0.029898251    -0.026224685       6.2688675       6.3290445     -0.95080727
       17.537657    -0.036556365    -0.031609913       6.4509452       6.5161732      -1.0010164
       18.011647    -0.043464830    -0.037106701       6.6337385       6.7042829      -1.0522281
       18.485638    -0.050624210    -0.042710049       6.8172757       6.8934073      -1.1044120
       18.959629    -0.058034307    -0.048414503       7.0015857       7.0835807      -1.1575366
       19.433619    -0.065694077    -0.054214117       7.1866985       7.2748383      -1.2115696
       19.907610    -0.073601551    -0.060102418       7.3726449       7.4672155      -1.2664779
       20.381601    -0.081753744    -0.066072370       7.5594565       7.6607490      -1.3222274
       20.855592    -0.090146570    -0.072116327       7.7471658       7.8554758      -1.3787831
       21.329582    -0.098774748    -0.078225992       7.9358066       8.0514340      -1.4361092
       21.803573     -0.10763171    -0.084392372       8.1254134       8.2486623      -1.4941688
       22.277564     -0.11670951    -0.090605726       8.3160218       8.4472004      -1.5529241
       22.751554     -0.12599872    -0.096855510       8.5076687       8.6470889      -1.6123362
       23.225545     -0.13548834     -0.10313033       8.7003921       8.8483691      -1.6723653
       23.699536     -0.14516571     -0.10941786       8.8942310       9.0510836      -1.7329704
       24.173527     -0.15501643     -0.11570481       9.0892260       9.2552757      -1.7941095
       24.647517     -0.16502426     -0.12197684       9.2854187       9.4609900      -1.8557394
       25.121508     -0.17517105     -0.12821849       9.4828524       9.6682720      -1.9178155
       25.595499     -0.18543666     -0.13441309       9.6815716       9.8771684      -1.9802921
       26.069489     -0.19579895     -0.14054272       9.8816225       10.087727      -2.0431221
       26.543480     -0.20623369     -0.14658808       10.083053       10.299997      -2.1062566
       27.017471     -0.21671456     -0.15252840       10.285912       10.514029      -2.1696456
       27.491462     -0.22721313     -0.15834139       10.490250       10.729874      -2.2332369
       27.965452     -0.23769892     -0.16400309       10.696122       10.947586      -2.2969768
       28.439443     -0.24813942     -0.16948775       10.903581       11.167218      -2.3608092
       28.913434     -0.25850020     -0.17476776       11.112685       11.388828      -2.4246762
       29.387425     -0.26874501     -0.17981347       11.323493       11.612472      -2.4885171
       29.861415     -0.27883599     -0.18459309       11.536067       11.838210      -2.5522685
       30.335406     -0.28873384     -0.18907250       11.750469       12.066102      -2.6158644
       30.809397     -0.29839813     -0.19321514       11.966767       12.296212      -2.6792351
       31.283387     -0.30778761     -0.19698182       12.185030       12.528603      -2.7423074
       31.757378     -0.31686064     -0.20033048       12.405330       12.763343      -2.8050042
       32.231369     -0.32557561     -0.20321608       12.627743       13.000499      -2.8672438
       32.705360     -0.33389151     -0.20559030       12.852346       13.240142      -2.9289396
       33.179350     -0.34176849     -0.20740132       13.079223       13.482345      -2.9899994
       33.653341     -0.34916861     -0.20859355       13.308458       13.727182      -3.0503249
       34.127332     -0.35605651     -0.20910734       13.540144       13.974731      -3.1098110
       34.601322     -0.36240024     -0.20887865       13.774373       14.225072      -3.1683453
       35.075313     -0.36817212     -0.20783865       14.011245       14.478287      -3.2258066
       35.549304     -0.37334960     -0.20591335       14.250866       14.734461      -3.2820649
       36.023295     -0.37791613     -0.20302312       14.493345       14.993681      -3.3369798
       36.497285     -0.38186196     -0.19908216       14.738799       15.256040      -3.3903997
       36.971276     -0.38518492     -0.19399792       14.987350       15.521630      -3.4421608
       37.445267     -0.38789092     -0.18767044       15.239129       15.790549      -3.4920856
       37.919257     -0.38999428     -0.17999157       15.494273       16.062896      -3.5399818
       38.393248     -0.39151761     -0.17084411       15.752927       16.338777      -3.5856410
       38.867239     -0.39249117     -0.16010084       16.015248       16.618299      -3.6288372
       39.341230     -0.39295143     -0.14762332       16.281400       16.901574      -3.6693252
       39.815220     -0.39293870     -0.13326065       16.551558       17.188716      -3.7068394
       40.289211     -0.39249331     -0.11684791       16.825910       17.479847      -3.7410920
       40.763202     -0.39165005    -0.098204420       17.104654       17.775090      -3.7717715
       41.237192     -0.39043033    -0.077131770       17.388004       18.074574      -3.7985414
       41.711183     -0.38883136    -0.053411450       17.676187       18.378434      -3.8210382
       42.185174     -0.38681146    -0.026802176       17.969446       18.686808      -3.8388707
       42.659165     -0.38427068  2.9632270E-003       18.268040       18.999841      -3.8516185
       43.133155     -0.38102514     0.036181440       18.572247       19.317684      -3.8588308
       43.607146     -0.37677387     0.073182834       18.882363       19.640492      -3.8600262
       44.081137     -0.37105601      0.11433632       19.198706       19.968427      -3.8546921
       44.555127     -0.36319613      0.16005500       19.521613       20.301660      -3.8422848
       45.029118     -0.35223502      0.21080264       19.851444       20.640366      -3.8222301
       45.503109     -0.33684253      0.26710133       20.188584       20.984729      -3.7939246
       45.977100     -0.31520873      0.32954024       20.533442       21.334940      -3.7567373
       46.451090     -0.28490885      0.39878584       20.886452       21.691198      -3.7100118
       46.925081     -0.24273675      0.47559392       21.248074       22.053711      -3.6530689
       47.399072     -0.18450076      0.56082350       21.618797       22.422698      -3.5852092
