Results for:	
File:	C:\Users\User\OneDrive - Massachusetts Institute of Technology\Documents\MIT\Grad School\Classes\2.156\Lens Project\Prime Lenses\US07715116-2.zmx
Title:	
Date:	11/7/2025 5:48:47 PM

0 message(s) in output.
3 series table(s) in output.

Table series: Data for wavelength : 0.486133 µm.
        Y Height       Tan Shift       Sag Shift     Real Height     Ref. Height      Distortion
  --------------  --------------  --------------  --------------  --------------  --------------
      0.00000000      0.17078775      0.17078775      0.00000000      0.00000000      0.00000000
      0.21000000      0.17075649      0.17077784      0.20980149      0.20980122  1.2690746E-004
      0.42000000      0.17066575      0.17074811      0.41960458      0.41960245  5.0763382E-004
      0.63000000      0.17051555      0.17069859      0.62941086      0.62940367  1.1421898E-003
      0.84000000      0.17030596      0.17062927      0.83922194      0.83920490  2.0305936E-003
       1.0500000      0.17003707      0.17054020       1.0490394       1.0490061  3.1728704E-003
       1.2600000      0.16970898      0.17043139       1.2588649       1.2588073  4.5690530E-003
       1.4700000      0.16932184      0.17030290       1.4686999       1.4686086  6.2191810E-003
       1.6800000      0.16887580      0.17015476       1.6785461       1.6784098  8.1233017E-003
       1.8900000      0.16837105      0.16998703       1.8884052       1.8882110     0.010281469
       2.1000000      0.16780781      0.16979977       2.0982786       2.0980122     0.012693745
       2.3100000      0.16718631      0.16959305       2.3081680       2.3078135     0.015360199
       2.5200000      0.16650681      0.16936694       2.5180749       2.5176147     0.018280906
       2.7300000      0.16576961      0.16912153       2.7280011       2.7274159     0.021455950
       2.9400000      0.16497500      0.16885690       2.9379481       2.9372171     0.024885422
       3.1500000      0.16412333      0.16857315       3.1479175       3.1470184     0.028569420
       3.3600000      0.16321496      0.16827039       3.3579108       3.3568196     0.032508049
       3.5700000      0.16225028      0.16794873       3.5679298       3.5666208     0.036701422
       3.7800000      0.16122970      0.16760828       3.7779760       3.7764220     0.041149658
       3.9900000      0.16015367      0.16724916       3.9880511       3.9862233     0.045852886
       4.2000000      0.15902263      0.16687152       4.1981565       4.1960245     0.050811239
       4.4100000      0.15783710      0.16647550       4.4082941       4.4058257     0.056024860
       4.6200000      0.15659757      0.16606123       4.6184653       4.6156269     0.061493898
       4.8300000      0.15530459      0.16562887       4.8286718       4.8254282     0.067218510
       5.0400000      0.15395873      0.16517860       5.0389151       5.0352294     0.073198860
       5.2500000      0.15256058      0.16471056       5.2491970       5.2450306     0.079435121
       5.4600000      0.15111077      0.16422495       5.4595190       5.4548318     0.085927470
       5.6700000      0.14960993      0.16372195       5.6698828       5.6646331     0.092676095
       5.8800000      0.14805874      0.16320174       5.8802900       5.8744343     0.099681190
       6.0900000      0.14645790      0.16266452       6.0907422       6.0842355      0.10694296
       6.3000000      0.14480813      0.16211051       6.3012410       6.2940367      0.11446160
       6.5100000      0.14311018      0.16153992       6.5117881       6.5038380      0.12223734
       6.7200000      0.14136484      0.16095296       6.7223851       6.7136392      0.13027041
       6.9300000      0.13957290      0.16034987       6.9330336       6.9234404      0.13856102
       7.1400000      0.13773521      0.15973088       7.1437353       7.1332416      0.14710943
       7.3500000      0.13585262      0.15909624       7.3544918       7.3430429      0.15591588
       7.5600000      0.13392602      0.15844620       7.5653048       7.5528441      0.16498062
       7.7700000      0.13195632      0.15778101       7.7761759       7.7626453      0.17430392
       7.9800000      0.12994447      0.15710095       7.9871068       7.9724465      0.18388604
       8.1900000      0.12789144      0.15640629       8.1980990       8.1822478      0.19372727
       8.4000000      0.12579822      0.15569731       8.4091543       8.3920490      0.20382788
       8.6100000      0.12366585      0.15497430       8.6202744       8.6018502      0.21418818
       8.8200000      0.12149539      0.15423756       8.8314608       8.8116514      0.22480846
       9.0300000      0.11928790      0.15348739       9.0427152       9.0214527      0.23568904
       9.2400000      0.11704452      0.15272412       9.2540394       9.2312539      0.24683022
       9.4500000      0.11476637      0.15194805       9.4654350       9.4410551      0.25823234
       9.6600000      0.11245465      0.15115952       9.6769036       9.6508563      0.26989572
       9.8700000      0.11011053      0.15035888       9.8884469       9.8606576      0.28182072
       10.080000      0.10773527      0.14954645       10.100067       10.070459      0.29400766
       10.290000      0.10533011      0.14872260       10.311765       10.280260      0.30645692
       10.500000      0.10289635      0.14788769       10.523542       10.490061      0.31916886
       10.710000      0.10043531      0.14704209       10.735401       10.699862      0.33214385
       10.920000     0.097948353      0.14618618       10.947344       10.909664      0.34538227
       11.130000     0.095436851      0.14532034       11.159371       11.119465      0.35888451
       11.340000     0.092902222      0.14444497       11.371485       11.329266      0.37265097
       11.550000     0.090345915      0.14356047       11.583687       11.539067      0.38668205
       11.760000     0.087769407      0.14266726       11.795979       11.748869      0.40097817
       11.970000     0.085174210      0.14176575       12.008363       11.958670      0.41553975
       12.180000     0.082561866      0.14085637       12.220840       12.168471      0.43036722
       12.390000     0.079933950      0.13993955       12.433413       12.378272      0.44546102
       12.600000     0.077292072      0.13901576       12.646082       12.588073      0.46082160
       12.810000     0.074637874      0.13808543       12.858850       12.797875      0.47644941
       13.020000     0.071973032      0.13714904       13.071719       13.007676      0.49234492
       13.230000     0.069299256      0.13620705       13.284689       13.217477      0.50850860
       13.440000     0.066618288      0.13525994       13.497764       13.427278      0.52494094
       13.650000     0.063931909      0.13430821       13.710944       13.637080      0.54164243
       13.860000     0.061241931      0.13335236       13.924231       13.846881      0.55861355
       14.070000     0.058550205      0.13239288       14.137628       14.056682      0.57585483
       14.280000     0.055858614      0.13143031       14.351136       14.266483      0.59336679
       14.490000     0.053169079      0.13046516       14.564756       14.476285      0.61114994
       14.700000     0.050483560      0.12949797       14.778491       14.686086      0.62920482
       14.910000     0.047804048      0.12852928       14.992343       14.895887      0.64753197
       15.120000     0.045132577      0.12755966       15.206312       15.105688      0.66613196
       15.330000     0.042471215      0.12658965       15.420401       15.315489      0.68500534
       15.540000     0.039822072      0.12561984       15.634612       15.525291      0.70415268
       15.750000     0.037187292      0.12465081       15.848947       15.735092      0.72357457
       15.960000     0.034569060      0.12368315       16.063407       15.944893      0.74327160
       16.170000     0.031969603      0.12271746       16.277994       16.154694      0.76324436
       16.380000     0.029391184      0.12175435       16.492710       16.364496      0.78349346
       16.590000     0.026836108      0.12079445       16.707557       16.574297      0.80401953
       16.800000     0.024306721      0.11983839       16.922537       16.784098      0.82482318
       17.010000     0.021805413      0.11888681       17.137651       16.993899      0.84590507
       17.220000     0.019334610      0.11794035       17.352902       17.203700      0.86726584
       17.430000     0.016896787      0.11699970       17.568291       17.413502      0.88890614
       17.640000     0.014494455      0.11606550       17.783821       17.623303      0.91082664
       17.850000     0.012130176      0.11513846       17.999492       17.833104      0.93302802
       18.060000  9.8065510E-003      0.11421926       18.215307       18.042905      0.95551097
       18.270000  7.5262275E-003      0.11330861       18.431268       18.252707      0.97827618
       18.480000  5.2918968E-003      0.11240722       18.647377       18.462508       1.0013244
       18.690000  3.1062987E-003      0.11151582       18.863636       18.672309       1.0246562
       18.900000  9.7221652E-004      0.11063514       19.080046       18.882110       1.0482725
       19.110000 -1.1075180E-003      0.10976593       19.296610       19.091911       1.0721740
       19.320000 -3.1300250E-003      0.10890896       19.513329       19.301713       1.0963613
       19.530000 -5.0923777E-003      0.10806499       19.730206       19.511514       1.1208354
       19.740000 -6.9915993E-003      0.10723479       19.947242       19.721315       1.1455968
       19.950000 -8.8246628E-003      0.10641918       20.164439       19.931116       1.1706465
       20.160000    -0.010588493      0.10561894       20.381800       20.140918       1.1959852
       20.370000    -0.012279961      0.10483490       20.599326       20.350719       1.2216137
       20.580000    -0.013895888      0.10406788       20.817019       20.560520       1.2475328
       20.790000    -0.015433041      0.10331872       21.034882       20.770321       1.2737433
       21.000000    -0.016888137      0.10258828       21.252916       20.980122       1.3002462

Table series: Data for wavelength : 0.587562 µm.
        Y Height       Tan Shift       Sag Shift     Real Height     Ref. Height      Distortion
  --------------  --------------  --------------  --------------  --------------  --------------
      0.00000000      0.21356220      0.21356220      0.00000000      0.00000000      0.00000000
      0.21000000      0.21352459      0.21354965      0.20969212      0.20969185  1.2668476E-004
      0.42000000      0.21341303      0.21351198      0.41938583      0.41938370  5.0674303E-004
      0.63000000      0.21322756      0.21344921      0.62908273      0.62907556  1.1401854E-003
      0.84000000      0.21296824      0.21336137      0.83878441      0.83876741  2.0270299E-003
       1.0500000      0.21263515      0.21324846       1.0484925       1.0484593  3.1673017E-003
       1.2600000      0.21222840      0.21311053       1.2582085       1.2581511  4.5610329E-003
       1.4700000      0.21174812      0.21294760       1.4679341       1.4678430  6.2082633E-003
       1.6800000      0.21119446      0.21275974       1.6776708       1.6775348  8.1090394E-003
       1.8900000      0.21056761      0.21254698       1.8874204       1.8872267     0.010263415
       2.1000000      0.20986775      0.21230939       2.0971842       2.0969185     0.012671452
       2.3100000      0.20909512      0.21204702       2.3069641       2.3066104     0.015333217
       2.5200000      0.20824996      0.21175997       2.5167614       2.5163022     0.018248787
       2.7300000      0.20733256      0.21144829       2.7265779       2.7259941     0.021418245
       2.9400000      0.20634319      0.21111209       2.9364152       2.9356859     0.024841680
       3.1500000      0.20528219      0.21075145       3.1462748       3.1453778     0.028519189
       3.3600000      0.20414990      0.21036647       3.3561584       3.3550696     0.032450877
       3.5700000      0.20294669      0.20995726       3.5660675       3.5647615     0.036636856
       3.7800000      0.20167295      0.20952394       3.7760038       3.7744533     0.041077245
       3.9900000      0.20032909      0.20906663       3.9859688       3.9841452     0.045772170
       4.2000000      0.19891556      0.20858545       4.1959642       4.1938370     0.050721764
       4.4100000      0.19743283      0.20808054       4.4059916       4.4035289     0.055926168
       4.6200000      0.19588138      0.20755204       4.6160526       4.6132207     0.061385531
       4.8300000      0.19426173      0.20700011       4.8261488       4.8229126     0.067100009
       5.0400000      0.19257442      0.20642489       5.0362818       5.0326045     0.073069763
       5.2500000      0.19082001      0.20582656       5.2464532       5.2422963     0.079294964
       5.4600000      0.18899909      0.20520528       5.4566646       5.4519882     0.085775790
       5.6700000      0.18711227      0.20456123       5.6669178       5.6616800     0.092512426
       5.8800000      0.18516020      0.20389460       5.8772142       5.8713719     0.099505064
       6.0900000      0.18314353      0.20320558       6.0875555       6.0810637      0.10675390
       6.3000000      0.18106296      0.20249436       6.2979433       6.2907556      0.11425915
       6.5100000      0.17891919      0.20176116       6.5083793       6.5004474      0.12202103
       6.7200000      0.17671298      0.20100619       6.7188651       6.7101393      0.13003975
       6.9300000      0.17444508      0.20022966       6.9294023       6.9198311      0.13831554
       7.1400000      0.17211629      0.19943182       7.1399926       7.1295230      0.14684865
       7.3500000      0.16972742      0.19861289       7.3506375       7.3392148      0.15563932
       7.5600000      0.16727932      0.19777312       7.5613388       7.5489067      0.16468780
       7.7700000      0.16477285      0.19691276       7.7720981       7.7585985      0.17399435
       7.9800000      0.16220892      0.19603206       7.9829169       7.9682904      0.18355924
       8.1900000      0.15958845      0.19513130       8.1937970       8.1779822      0.19338275
       8.4000000      0.15691237      0.19421074       8.4047401       8.3876741      0.20346515
       8.6100000      0.15418168      0.19327067       8.6157477       8.5973659      0.21380674
       8.8200000      0.15139737      0.19231137       8.8268215       8.8070578      0.22440781
       9.0300000      0.14856047      0.19133314       9.0379632       9.0167496      0.23526868
       9.2400000      0.14567205      0.19033629       9.2491745       9.2264415      0.24638966
       9.4500000      0.14273319      0.18932112       9.4604570       9.4361333      0.25777106
       9.6600000      0.13974499      0.18828795       9.6718123       9.6458252      0.26941323
       9.8700000      0.13670860      0.18723711       9.8832422       9.8555171      0.28131649
       10.080000      0.13362520      0.18616893       10.094748       10.065209      0.29348119
       10.290000      0.13049598      0.18508377       10.306332       10.274901      0.30590769
       10.500000      0.12732216      0.18398195       10.517996       10.484593      0.31859635
       10.710000      0.12410500      0.18286385       10.729741       10.694284      0.33154753
       10.920000      0.12084579      0.18172983       10.941569       10.903976      0.34476162
       11.130000      0.11754585      0.18058026       11.153482       11.113668      0.35823901
       11.340000      0.11420650      0.17941552       11.365481       11.323360      0.37198007
       11.550000      0.11082913      0.17823601       11.577568       11.533052      0.38598523
       11.760000      0.10741515      0.17704212       11.789745       11.742744      0.40025488
       11.970000      0.10396598      0.17583426       12.002013       11.952436      0.41478945
       12.180000      0.10048310      0.17461284       12.214375       12.162127      0.42958936
       12.390000     0.096967990      0.17337829       12.426831       12.371819      0.44465505
       12.600000     0.093422186      0.17213104       12.639384       12.581511      0.45998696
       12.810000     0.089847247      0.17087152       12.852036       12.791203      0.47558555
       13.020000     0.086244761      0.16960018       13.064788       13.000895      0.49145128
       13.230000     0.082616353      0.16831748       13.277642       13.210587      0.50758461
       13.440000     0.078963678      0.16702389       13.490599       13.420279      0.52398602
       13.650000     0.075288423      0.16571988       13.703662       13.629970      0.54065601
       13.860000     0.071592311      0.16440593       13.916832       13.839662      0.55759506
       14.070000     0.067877095      0.16308253       14.130110       14.049354      0.57480368
       14.280000     0.064144566      0.16175018       14.343500       14.259046      0.59228238
       14.490000     0.060396545      0.16040939       14.557002       14.468738      0.61003168
       14.700000     0.056634890      0.15906068       14.770618       14.678430      0.62805212
       14.910000     0.052861493      0.15770457       14.984350       14.888122      0.64634423
       15.120000     0.049078283      0.15634160       15.198200       15.097813      0.66490857
       15.330000     0.045287222      0.15497232       15.412170       15.307505      0.68374568
       15.540000     0.041490310      0.15359727       15.626261       15.517197      0.70285615
       15.750000     0.037689582      0.15221703       15.840475       15.726889      0.72224053
       15.960000     0.033887112      0.15083216       16.054814       15.936581      0.74189942
       16.170000     0.030085011      0.14944324       16.269280       16.146273      0.76183341
       16.380000     0.026285424      0.14805087       16.483875       16.355964      0.78204311
       16.590000     0.022490540      0.14665566       16.698601       16.565656      0.80252913
       16.800000     0.018702583      0.14525820       16.913458       16.775348      0.82329209
       17.010000     0.014923817      0.14385911       17.128450       16.985040      0.84433263
       17.220000     0.011156546      0.14245904       17.343578       17.194732      0.86565138
       17.430000  7.4031130E-003      0.14105862       17.558844       17.404424      0.88724899
       17.640000  3.6659035E-003      0.13965850       17.774250       17.614116      0.90912614
       17.850000 -5.2659176E-005      0.13825934       17.989798       17.823807      0.93128349
       18.060000 -3.7501053E-003      0.13686181       18.205489       18.033499      0.95372172
       18.270000 -7.4239272E-003      0.13546659       18.421325       18.243191      0.97644152
       18.480000    -0.011071573      0.13407438       18.637309       18.452883      0.99944360
       18.690000    -0.014690447      0.13268587       18.853442       18.662575       1.0227287
       18.900000    -0.018277909      0.13130177       19.069727       18.872267       1.0462974
       19.110000    -0.021831278      0.12992281       19.286164       19.081959       1.0701506
       19.320000    -0.025347824      0.12854972       19.502757       19.291650       1.0942890
       19.530000    -0.028824775      0.12718325       19.719506       19.501342       1.1187133
       19.740000    -0.032259308      0.12582415       19.936415       19.711034       1.1434244
       19.950000    -0.035648558      0.12447319       20.153484       19.920726       1.1684228
       20.160000    -0.038989608      0.12313114       20.370717       20.130418       1.1937096
       20.370000    -0.042279498      0.12179879       20.588114       20.340110       1.2192854
       20.580000    -0.045515218      0.12047695       20.805678       20.549802       1.2451510
       20.790000    -0.048693702      0.11916642       21.023410       20.759493       1.2713074
       21.000000    -0.051811843      0.11786803       21.241314       20.969185       1.2977552

Table series: Data for wavelength : 0.656273 µm.
        Y Height       Tan Shift       Sag Shift     Real Height     Ref. Height      Distortion
  --------------  --------------  --------------  --------------  --------------  --------------
      0.00000000      0.34000454      0.34000454      0.00000000      0.00000000      0.00000000
      0.21000000      0.33996499      0.33999111      0.20956344      0.20956317  1.2647186E-004
      0.42000000      0.33984689      0.33995081      0.41912846      0.41912634  5.0589138E-004
      0.63000000      0.33965029      0.33988366      0.62869667      0.62868951  1.1382691E-003
      0.84000000      0.33937524      0.33978967      0.83826964      0.83825268  2.0236230E-003
       1.0500000      0.33902181      0.33966887       1.0478490       1.0478159  3.1619780E-003
       1.2600000      0.33859012      0.33952129       1.2574363       1.2573790  4.5533662E-003
       1.4700000      0.33808030      0.33934697       1.4670331       1.4669422  6.1978270E-003
       1.6800000      0.33749249      0.33914594       1.6766411       1.6765054  8.0954067E-003
       1.8900000      0.33682687      0.33891827       1.8862618       1.8860685     0.010246159
       2.1000000      0.33608363      0.33866400       2.0958968       2.0956317     0.012650145
       2.3100000      0.33526300      0.33838321       2.3055477       2.3051949     0.015307432
       2.5200000      0.33436522      0.33807597       2.5152162       2.5147580     0.018218095
       2.7300000      0.33339056      0.33774234       2.7249037       2.7243212     0.021382217
       2.9400000      0.33233932      0.33738243       2.9346120       2.9338844     0.024799888
       3.1500000      0.33121179      0.33699632       3.1443425       3.1434476     0.028471203
       3.3600000      0.33000833      0.33658411       3.3540970       3.3530107     0.032396267
       3.5700000      0.32872930      0.33614590       3.5638769       3.5625739     0.036575191
       3.7800000      0.32737508      0.33568182       3.7736839       3.7721371     0.041008093
       3.9900000      0.32594608      0.33519197       3.9835197       3.9817002     0.045695098
       4.2000000      0.32444273      0.33467649       4.1933857       4.1912634     0.050636341
       4.4100000      0.32286550      0.33413551       4.4032836       4.4008266     0.055831960
       4.6200000      0.32121486      0.33356917       4.6132151       4.6103897     0.061282103
       4.8300000      0.31949131      0.33297762       4.8231817       4.8199529     0.066986926
       5.0400000      0.31769540      0.33236102       5.0331849       5.0295161     0.072946588
       5.2500000      0.31582766      0.33171951       5.2432266       5.2390793     0.079161261
       5.4600000      0.31388869      0.33105328       5.4533082       5.4486424     0.085631121
       5.6700000      0.31187908      0.33036250       5.6634313       5.6582056     0.092356351
       5.8800000      0.30979945      0.32964736       5.8735976       5.8677688     0.099337143
       6.0900000      0.30765047      0.32890803       6.0838088       6.0773319      0.10657370
       6.3000000      0.30543281      0.32814472       6.2940663       6.2868951      0.11406622
       6.5100000      0.30314717      0.32735764       6.5043719       6.4964583      0.12181492
       6.7200000      0.30079427      0.32654699       6.7147272       6.7060214      0.12982002
       6.9300000      0.29837488      0.32571299       6.9251338       6.9155846      0.13808175
       7.1400000      0.29588975      0.32485588       7.1355933       7.1251478      0.14660035
       7.3500000      0.29333971      0.32397587       7.3461073       7.3347110      0.15537606
       7.5600000      0.29072557      0.32307322       7.5566776       7.5442741      0.16440913
       7.7700000      0.28804820      0.32214817       7.7673057       7.7538373      0.17369982
       7.9800000      0.28530846      0.32120098       7.9779933       7.9634005      0.18324839
       8.1900000      0.28250727      0.32023190       8.1887420       8.1729636      0.19305513
       8.4000000      0.27964556      0.31924121       8.3995534       8.3825268      0.20312030
       8.6100000      0.27672428      0.31822918       8.6104293       8.5920900      0.21344421
       8.8200000      0.27374443      0.31719611       8.8213712       8.8016531      0.22402715
       9.0300000      0.27070701      0.31614227       9.0323809       9.0112163      0.23486941
       9.2400000      0.26761306      0.31506798       9.2434600       9.2207795      0.24597132
       9.4500000      0.26446365      0.31397353       9.4546101       9.4303427      0.25733320
       9.6600000      0.26125987      0.31285925       9.6658329       9.6399058      0.26895536
       9.8700000      0.25800285      0.31172545       9.8771301       9.8494690      0.28083816
       10.080000      0.25469372      0.31057247       10.088503       10.059032      0.29298193
       10.290000      0.25133368      0.30940064       10.299954       10.268595      0.30538702
       10.500000      0.24792391      0.30821032       10.511485       10.478159      0.31805380
       10.710000      0.24446566      0.30700184       10.723096       10.687722      0.33098262
       10.920000      0.24096018      0.30577558       10.934790       10.897285      0.34417388
       11.130000      0.23740877      0.30453190       11.146569       11.106848      0.35762794
       11.340000      0.23381275      0.30327118       11.358434       11.316411      0.37134521
       11.550000      0.23017346      0.30199381       11.570387       11.525974      0.38532608
       11.760000      0.22649228      0.30070018       11.782429       11.735538      0.39957096
       11.970000      0.22277062      0.29939068       11.994563       11.945101      0.41408027
       12.180000      0.21900993      0.29806574       12.206790       12.154664      0.42885443
       12.390000      0.21521166      0.29672576       12.419111       12.364227      0.44389387
       12.600000      0.21137731      0.29537117       12.631529       12.573790      0.45919904
       12.810000      0.20750843      0.29400241       12.844045       12.783353      0.47477039
       13.020000      0.20360656      0.29261992       13.056661       12.992917      0.49060837
       13.230000      0.19967331      0.29122415       13.269378       13.202480      0.50671345
       13.440000      0.19571029      0.28981556       13.482199       13.412043      0.52308610
       13.650000      0.19171917      0.28839461       13.695126       13.621606      0.53972682
       13.860000      0.18770164      0.28696179       13.908159       13.831169      0.55663609
       14.070000      0.18365940      0.28551757       14.121300       14.040732      0.57381441
       14.280000      0.17959424      0.28406246       14.334552       14.250296      0.59126230
       14.490000      0.17550792      0.28259695       14.547916       14.459859      0.60898027
       14.700000      0.17140228      0.28112155       14.761395       14.669422      0.62696884
       14.910000      0.16727917      0.27963679       14.974989       14.878985      0.64522857
       15.120000      0.16314048      0.27814319       15.188700       15.088548      0.66375998
       15.330000      0.15898815      0.27664130       15.402531       15.298111      0.68256364
       15.540000      0.15482413      0.27513165       15.616483       15.507675      0.70164011
       15.750000      0.15065042      0.27361481       15.830557       15.717238      0.72098996
       15.960000      0.14646905      0.27209134       16.044757       15.926801      0.74061378
       16.170000      0.14228210      0.27056181       16.259083       16.136364      0.76051214
       16.380000      0.13809168      0.26902682       16.473538       16.345927      0.78068567
       16.590000      0.13389993      0.26748695       16.688122       16.555490      0.80113496
       16.800000      0.12970903      0.26594280       16.902839       16.765054      0.82186063
       17.010000      0.12552120      0.26439499       17.117690       16.974617      0.84286331
       17.220000      0.12133871      0.26284415       17.332676       17.184180      0.86414365
       17.430000      0.11716386      0.26129090       17.547800       17.393743      0.88570228
       17.640000      0.11299897      0.25973589       17.763063       17.603306      0.90753987
       17.850000      0.10884645      0.25817976       17.978468       17.812869      0.92965708
       18.060000      0.10470870      0.25662318       18.194016       18.022433      0.95205460
       18.270000      0.10058818      0.25506683       18.409709       18.231996      0.97473310
       18.480000     0.096487406      0.25351138       18.625549       18.441559      0.99769328
       18.690000     0.092408918      0.25195753       18.841538       18.651122       1.0209359
       18.900000     0.088355304      0.25040598       19.057678       18.860685       1.0444615
       19.110000     0.084329198      0.24885744       19.273970       19.070248       1.0682711
       19.320000     0.080333277      0.24731264       19.490418       19.279812       1.0923652
       19.530000     0.076370261      0.24577232       19.707021       19.489375       1.1167446
       19.740000     0.072442917      0.24423721       19.923784       19.698938       1.1414101
       19.950000     0.068554057      0.24270808       20.140706       19.908501       1.1663624
       20.160000     0.064706538      0.24118570       20.357792       20.118064       1.1916024
       20.370000     0.060903268      0.23967083       20.575041       20.327627       1.2171308
       20.580000     0.057147199      0.23816428       20.792457       20.537191       1.2429485
       20.790000     0.053441335      0.23666683       21.010042       20.746754       1.2690561
       21.000000     0.049788726      0.23517932       21.227797       20.956317       1.2954546
