Results for:	
File:	C:\Users\User\OneDrive - Massachusetts Institute of Technology\Documents\MIT\Grad School\Classes\2.156\Lens Project\Prime Lenses\JP1987-249119_Example04P.zmx
Title:	JP 1987-249119 Example 4 (Konica Minolta AF 20mm F2.8)
Date:	11/7/2025 5:25:31 PM

0 message(s) in output.
3 series table(s) in output.

Table series: Data for wavelength : 0.486133 µm.
   Y Angle (deg)       Tan Shift       Sag Shift     Real Height     Ref. Height      Distortion
  --------------  --------------  --------------  --------------  --------------  --------------
      0.00000000    -0.021442890    -0.021442890      0.00000000      0.00000000      0.00000000
      0.48140865    -0.021506320    -0.021508395      0.16703496      0.16703638 -8.5400128E-004
      0.96281730    -0.021711084    -0.021704907      0.33408518      0.33409635 -3.3435127E-003
       1.4442260    -0.022057159    -0.022032410      0.50116596      0.50120351 -7.4919552E-003
       1.9256346    -0.022544500    -0.022490878      0.66829260      0.66838148    -0.013298212
       2.4070433    -0.023173048    -0.023080277      0.83548045      0.83565393    -0.020760717
       2.8884519    -0.023942725    -0.023800560       1.0027449       1.0030446    -0.029877447
       3.3698606    -0.024853434    -0.024651670       1.1701014       1.1705772    -0.040645924
       3.8512692    -0.025905060    -0.025633538       1.3375656       1.3382757    -0.053063200
       4.3326779    -0.027097473    -0.026746084       1.5051530       1.5061641    -0.067125858
       4.8140865    -0.028430521    -0.027989215       1.6728795       1.6742663    -0.082829998
       5.2954952    -0.029904038    -0.029362823       1.8407608       1.8426066     -0.10017123
       5.7769038    -0.031517840    -0.030866789       2.0088130       2.0112093     -0.11914467
       6.2583125    -0.033271726    -0.032500975       2.1770523       2.1800989     -0.13974490
       6.7397211    -0.035165478    -0.034265230       2.3454949       2.3493000     -0.16196599
       7.2211298    -0.037198861    -0.036159385       2.5141574       2.5188375     -0.18580148
       7.7025384    -0.039371626    -0.038183251       2.6830565       2.6887363     -0.21124433
       8.1839471    -0.041683505    -0.040336620       2.8522091       2.8590218     -0.23828693
       8.6653557    -0.044134218    -0.042619262       3.0216323       3.0297193     -0.26692109
       9.1467644    -0.046723468    -0.045030924       3.1913435       3.2008545     -0.29713797
       9.6281730    -0.049450944    -0.047571329       3.3613604       3.3724534     -0.32892813
       10.109582    -0.052316321    -0.050240171       3.5317009       3.5445421     -0.36228145
       10.590990    -0.055319259    -0.053037116       3.7023833       3.7171473     -0.39718711
       11.072399    -0.058459408    -0.055961797       3.8734261       3.8902957     -0.43363358
       11.553808    -0.061736403    -0.059013813       4.0448482       4.0640145     -0.47160859
       12.035216    -0.065149870    -0.062192729       4.2166690       4.2383310     -0.51109909
       12.516625    -0.068699421    -0.065498064       4.3889079       4.4132732     -0.55209120
       12.998034    -0.072384661    -0.068929299       4.5615853       4.5888693     -0.59457019
       13.479442    -0.076205184    -0.072485866       4.7347214       4.7651479     -0.63852045
       13.960851    -0.080160577    -0.076167145       4.9083374       4.9421379     -0.68392541
       14.442260    -0.084250419    -0.079972461       5.0824546       5.1198689     -0.73076754
       14.923668    -0.088474284    -0.083901082       5.2570950       5.2983708     -0.77902826
       15.405077    -0.092831740    -0.087952209       5.4322812       5.4776740     -0.82868792
       15.886485    -0.097322355    -0.092124972       5.6080361       5.6578093     -0.87972572
       16.367894     -0.10194569    -0.096418428       5.7843835       5.8388082     -0.93211967
       16.849303     -0.10670131     -0.10083155       5.9613478       6.0207027     -0.98584649
       17.330711     -0.11158879     -0.10536322       6.1389539       6.2035253      -1.0408816
       17.812120     -0.11660768     -0.11001223       6.3172276       6.3873091      -1.0971990
       18.293529     -0.12175758     -0.11477726       6.4961954       6.5720879      -1.1547711
       18.774937     -0.12703805     -0.11965689       6.6758844       6.7578961      -1.2135690
       19.256346     -0.13244871     -0.12464955       6.8563229       6.9447689      -1.2735618
       19.737755     -0.13798915     -0.12975356       7.0375399       7.1327418      -1.3347171
       20.219163     -0.14365900     -0.13496710       7.2195653       7.3218516      -1.3970005
       20.700572     -0.14945792     -0.14028817       7.4024301       7.5121355      -1.4603756
       21.181981     -0.15538557     -0.14571461       7.5861663       7.7036316      -1.5248042
       21.663389     -0.16144165     -0.15124408       7.7708069       7.8963787      -1.5902453
       22.144798     -0.16762590     -0.15687404       7.9563864       8.0904168      -1.6566562
       22.626207     -0.17393809     -0.16260172       8.1429402       8.2857864      -1.7239911
       23.107615     -0.18037804     -0.16842412       8.3305052       8.4825293      -1.7922019
       23.589024     -0.18694563     -0.17433798       8.5191197       8.6806879      -1.8612375
       24.070433     -0.19364077     -0.18033976       8.7088234       8.8803060      -1.9310437
       24.551841     -0.20046346     -0.18642560       8.8996577       9.0814283      -2.0015633
       25.033250     -0.20741378     -0.19259132       9.0916656       9.2841004      -2.0727354
       25.514658     -0.21449188     -0.19883237       9.2848917       9.4883694      -2.1444955
       25.996067     -0.22169801     -0.20514381       9.4793829       9.6942833      -2.2167751
       26.477476     -0.22903253     -0.21152024       9.6751877       9.9018916      -2.2895016
       26.958884     -0.23649594     -0.21795581       9.8723570       10.111245      -2.3625978
       27.440293     -0.24408884     -0.22444414       10.070944       10.322395      -2.4359815
       27.921702     -0.25181203     -0.23097827       10.271004       10.535396      -2.5095655
       28.403110     -0.25966646     -0.23755062       10.472595       10.750303      -2.5832571
       28.884519     -0.26765328     -0.24415294       10.675778       10.967171      -2.6569572
       29.365928     -0.27577389     -0.25077619       10.880617       11.186059      -2.7305605
       29.847336     -0.28402991     -0.25741055       11.087179       11.407027      -2.8039549
       30.328745     -0.29242327     -0.26404525       11.295534       11.630136      -2.8770204
       30.810154     -0.30095621     -0.27066852       11.505757       11.855449      -2.9496292
       31.291562     -0.30963135     -0.27726750       11.717925       12.083031      -3.0216446
       31.772971     -0.31845172     -0.28382810       11.932120       12.312950      -3.0929204
       32.254380     -0.32742081     -0.29033486       12.148430       12.545275      -3.1633003
       32.735788     -0.33654267     -0.29677083       12.366945       12.780076      -3.2326166
       33.217197     -0.34582194     -0.30311741       12.587763       13.017428      -3.3006898
       33.698606     -0.35526396     -0.30935413       12.810986       13.257406      -3.3673269
       34.180014     -0.36487488     -0.31545849       13.036722       13.500088      -3.4323209
       34.661423     -0.37466173     -0.32140567       13.265087       13.745556      -3.4954490
       35.142832     -0.38463261     -0.32716833       13.496204       13.993893      -3.5564712
       35.624240     -0.39479679     -0.33271623       13.730203       14.245185      -3.6151291
       36.105649     -0.40516493     -0.33801595       13.967223       14.499521      -3.6711435
       36.587057     -0.41574931     -0.34303047       14.207412       14.756994      -3.7242130
       37.068466     -0.42656400     -0.34771873       14.450929       15.017699      -3.7740112
       37.549875     -0.43762527     -0.35203508       14.697944       15.281734      -3.8201845
       38.031283     -0.44895184     -0.35592874       14.948638       15.549203      -3.8623491
       38.512692     -0.46056537     -0.35934308       15.203208       15.820210      -3.9000881
       38.994101     -0.47249095     -0.36221481       15.461864       16.094866      -3.9329474
       39.475509     -0.48475765     -0.36447313       15.724832       16.373285      -3.9604317
       39.956918     -0.49739935     -0.36603855       15.992358       16.655584      -3.9820000
       40.438327     -0.51045552     -0.36682173       16.264708       16.941885      -3.9970600
       40.919735     -0.52397237     -0.36672195       16.542169       17.232316      -4.0049621
       41.401144     -0.53800415     -0.36562540       16.825054       17.527009      -4.0049922
       41.882553     -0.55261474     -0.36340310       17.113705       17.826101      -3.9963634
       42.363961     -0.56787970     -0.35990845       17.408496       18.129734      -3.9782068
       42.845370     -0.58388876     -0.35497436       17.709834       18.438056      -3.9495601
       43.326779     -0.60074897     -0.34840968       18.018170       18.751222      -3.9093550
       43.808187     -0.61858866     -0.33999500       18.333998       19.069391      -3.8564018
       44.289596     -0.63756247     -0.32947749       18.657868       19.392730      -3.7893715
       44.771005     -0.65785787     -0.31656469       18.990386       19.721414      -3.7067749
       45.252413     -0.67970350     -0.30091672       19.332230       20.055623      -3.6069367
       45.733822     -0.70338008     -0.28213682       19.684158       20.395547      -3.4879653
       46.215230     -0.72923488     -0.25975946       20.047020       20.741382      -3.3477163
       46.696639     -0.75770079     -0.23323541       20.421777       21.093335      -3.1837471
       47.178048     -0.78932222     -0.20191287       20.809516       21.451620      -2.9932625
       47.659456     -0.82479021     -0.16501333       21.211480       21.816460      -2.7730468
       48.140865     -0.86499102     -0.12160039       21.629090       22.188092      -2.5193785

Table series: Data for wavelength : 0.587562 µm.
   Y Angle (deg)       Tan Shift       Sag Shift     Real Height     Ref. Height      Distortion
  --------------  --------------  --------------  --------------  --------------  --------------
      0.00000000  3.2810272E-003  3.2810272E-003      0.00000000      0.00000000      0.00000000
      0.48140865  3.2200312E-003  3.2158250E-003      0.16724104      0.16724244 -8.4080106E-004
      0.96281730  3.0247811E-003  3.0202240E-003      0.33449726      0.33450850 -3.3629817E-003
       1.4442260  2.6953206E-003  2.6942414E-003      0.50178384      0.50182181 -7.5658888E-003
       1.9256346  2.2317244E-003  2.2379060E-003      0.66911602      0.66920602    -0.013448430
       2.4070433  1.6340983E-003  1.6512576E-003      0.83650905      0.83668483    -0.021009071
       2.8884519  9.0257951E-004  9.3434878E-004       1.0039782       1.0042820    -0.030245834
       3.3698606  3.7336575E-005  8.7244145E-005       1.1715389       1.1720213    -0.041156292
       3.8512692 -9.6143063E-004 -8.8997877E-004       1.3392066       1.3399267    -0.053737561
       4.3326779 -2.0934908E-003 -1.9972291E-003       1.5069969       1.5080221    -0.067986297
       4.8140865 -3.3585809E-003 -3.2344018E-003       1.6749253       1.6763317    -0.083898683
       5.2954952 -4.7564064E-003 -4.6013772E-003       1.8430077       1.8448797     -0.10147042
       5.7769038 -6.2866410E-003 -6.0980200E-003       2.0112599       2.0136904     -0.12069673
       6.2583125 -7.9489261E-003 -7.7241784E-003       2.1796981       2.1827883     -0.14157232
       6.7397211 -9.7428714E-003 -9.4796827E-003       2.3483384       2.3521982     -0.16409137
       7.2211298    -0.011668054    -0.011364345       2.5171973       2.5219448     -0.18824757
       7.7025384    -0.013724019    -0.013377956       2.6862913       2.6920532     -0.21403402
       8.1839471    -0.015910278    -0.015520287       2.8556373       2.8625488     -0.24144327
       8.6653557    -0.018226310    -0.017791084       3.0252523       3.0334568     -0.27046731
       9.1467644    -0.020671561    -0.020190071       3.1951536       3.2048032     -0.30109750
       9.6281730    -0.023245445    -0.022716942       3.3653587       3.3766137     -0.33332458
       10.109582    -0.025947339    -0.025371364       3.5358854       3.5489148     -0.36713865
       10.590990    -0.028776588    -0.028152975       3.7067519       3.7217329     -0.40252912
       11.072399    -0.031732503    -0.031061376       3.8779766       3.8950949     -0.43948472
       11.553808    -0.034814361    -0.034096134       4.0495783       4.0690280     -0.47799342
       12.035216    -0.038021400    -0.037256779       4.2215761       4.2435596     -0.51804244
       12.516625    -0.041352827    -0.040542796       4.3939897       4.4187176     -0.55961820
       12.998034    -0.044807812    -0.043953627       4.5668388       4.5945303     -0.60270630
       13.479442    -0.048385486    -0.047488664       4.7401439       4.7710263     -0.64729143
       13.960851    -0.052084947    -0.051147248       4.9139258       4.9482347     -0.69335739
       14.442260    -0.055905252    -0.054928661       5.0882057       5.1261850     -0.74088701
       14.923668    -0.059845424    -0.058832126       5.2630056       5.3049071     -0.78986212
       15.405077    -0.063904445    -0.062856796       5.4383477       5.4844314     -0.84026346
       15.886485    -0.068081257    -0.067001757       5.6142550       5.6647890     -0.89207068
       16.367894    -0.072374766    -0.071266012       5.7907510       5.8460112     -0.94526224
       16.849303    -0.076783835    -0.075648484       5.9678599       6.0281300     -0.99981538
       17.330711    -0.081307287    -0.080148003       6.1456064       6.2111782      -1.0557060
       17.812120    -0.085943901    -0.084763302       6.3240161       6.3951887      -1.1129087
       18.293529    -0.090692417    -0.089493004       6.5031153       6.5801955      -1.1713964
       18.774937    -0.095551529    -0.094335621       6.6829311       6.7662329      -1.2311408
       19.256346     -0.10051989    -0.099289538       6.8634913       6.9533362      -1.2921118
       19.737755     -0.10559610     -0.10435300       7.0448247       7.1415410      -1.3542776
       20.219163     -0.11077872     -0.10952412       7.2269612       7.3308841      -1.4176045
       20.700572     -0.11606627     -0.11480083       7.4099313       7.5214027      -1.4820569
       21.181981     -0.12145721     -0.12018091       7.5937668       7.7131350      -1.5475973
       21.663389     -0.12694995     -0.12566194       7.7785005       7.9061200      -1.6141859
       22.144798     -0.13254286     -0.13124129       7.9641665       8.1003974      -1.6817804
       22.626207     -0.13823426     -0.13691613       8.1508000       8.2960081      -1.7503365
       23.107615     -0.14402240     -0.14268338       8.3384375       8.4929936      -1.8198068
       23.589024     -0.14990549     -0.14853969       8.5271171       8.6913967      -1.8901413
       24.070433     -0.15588169     -0.15448144       8.7168779       8.8912611      -1.9612872
       24.551841     -0.16194910     -0.16050468       8.9077611       9.0926314      -2.0331883
       25.033250     -0.16810575     -0.16660515       9.0998092       9.2955536      -2.1057851
       25.514658     -0.17434962     -0.17277821       9.2930665       9.5000745      -2.1790145
       25.996067     -0.18067865     -0.17901880       9.4875794       9.7062425      -2.2528096
       26.477476     -0.18709069     -0.18532146       9.6833958       9.9141070      -2.3270992
       26.958884     -0.19358354     -0.19168023       9.8805663       10.123719      -2.4018078
       27.440293     -0.20015494     -0.19808862       10.079143       10.335130      -2.4768553
       27.921702     -0.20680256     -0.20453958       10.279182       10.548393      -2.5521561
       28.403110     -0.21352403     -0.21102543       10.480739       10.763565      -2.6276197
       28.884519     -0.22031689     -0.21753780       10.683876       10.980701      -2.7031492
       29.365928     -0.22717863     -0.22406758       10.888655       11.199859      -2.7786418
       29.847336     -0.23410666     -0.23060481       11.095142       11.421099      -2.8539877
       30.328745     -0.24109836     -0.23713863       11.303408       11.644483      -2.9290699
       30.810154     -0.24815103     -0.24365717       11.513525       11.870074      -3.0037633
       31.291562     -0.25526191     -0.25014746       11.725571       12.097937      -3.0779346
       31.772971     -0.26242821     -0.25659530       11.939626       12.328140      -3.1514408
       32.254380     -0.26964707     -0.26298515       12.155776       12.560751      -3.2241294
       32.735788     -0.27691560     -0.26929997       12.374112       12.795842      -3.2958366
       33.217197     -0.28423088     -0.27552105       12.594729       13.033487      -3.3663872
       33.698606     -0.29158998     -0.28162787       12.817728       13.273761      -3.4355930
       34.180014     -0.29898997     -0.28759782       13.043217       13.516743      -3.5032519
       34.661423     -0.30642791     -0.29340606       13.271309       13.762513      -3.5691466
       35.142832     -0.31390094     -0.29902517       13.502125       14.011156      -3.6330432
       35.624240     -0.32140624     -0.30442490       13.735794       14.262758      -3.6946896
       36.105649     -0.32894113     -0.30957184       13.972452       14.517408      -3.7538139
       36.587057     -0.33650308     -0.31442898       14.212246       14.775199      -3.8101224
       37.068466     -0.34408977     -0.31895531       14.455331       15.036225      -3.8632972
       37.549875     -0.35169919     -0.32310530       14.701875       15.300587      -3.9129941
       38.031283     -0.35932972     -0.32682831       14.952058       15.568385      -3.9588396
       38.512692     -0.36698025     -0.33006792       15.206070       15.839727      -4.0004282
       38.994101     -0.37465032     -0.33276113       15.464119       16.114722      -4.0373181
       39.475509     -0.38234032     -0.33483751       15.726428       16.393483      -4.0690283
       39.956918     -0.39005173     -0.33621807       15.993237       16.676130      -4.0950330
       40.438327     -0.39778739     -0.33681410       16.264808       16.962785      -4.1147573
       40.919735     -0.40555190     -0.33652566       16.541421       17.253575      -4.1275706
       41.401144     -0.41335208     -0.33523993       16.823385       17.548631      -4.1327806
       41.882553     -0.42119761     -0.33282919       17.111033       17.848092      -4.1296244
       42.363961     -0.42910176     -0.32914842       17.404730       18.152099      -4.1172604
       42.845370     -0.43708246     -0.32403244       17.704877       18.460802      -4.0947574
       43.326779     -0.44516354     -0.31729252       18.011912       18.774354      -4.0610819
       43.808187     -0.45337649     -0.30871229       18.326319       19.092915      -4.0150843
       44.289596     -0.46176267     -0.29804268       18.648632       19.416654      -3.9554815
       44.771005     -0.47037627     -0.28499593       18.979443       19.745743      -3.8808367
       45.252413     -0.47928823     -0.26923807       19.319412       20.080365      -3.7895354
       45.733822     -0.48859157     -0.25037978       19.669275       20.420708      -3.6797567
       46.215230     -0.49840850     -0.22796489       20.029859       20.766970      -3.5494385
       46.696639     -0.50890029     -0.20145610       20.402093       21.119356      -3.3962351
       47.178048     -0.52028083     -0.17021685       20.787033       21.478083      -3.2174657
       47.659456     -0.53283562     -0.13348819       21.185877       21.843374      -3.0100507
       48.140865     -0.54694873    -0.090359082       21.600000       22.215464      -2.7704321

Table series: Data for wavelength : 0.656273 µm.
   Y Angle (deg)       Tan Shift       Sag Shift     Real Height     Ref. Height      Distortion
  --------------  --------------  --------------  --------------  --------------  --------------
      0.00000000     0.047494601     0.047494601      0.00000000      0.00000000      0.00000000
      0.48140865     0.047435086     0.047429622      0.16739807      0.16739957 -8.9774240E-004
      0.96281730     0.047245100     0.047234692      0.33481128      0.33482277 -3.4322260E-003
       1.4442260     0.046924694     0.046909830      0.50225482      0.50229327 -7.6556441E-003
       1.9256346     0.046473960     0.046455065      0.66974386      0.66983474    -0.013566913
       2.4070433     0.045893026     0.045870441      0.83729364      0.83747089    -0.021164513
       2.8884519     0.045182056     0.045156014       1.0049194       1.0052255    -0.030446481
       3.3698606     0.044341256     0.044311853       1.1726366       1.1731224    -0.041410410
       3.8512692     0.043370865     0.043338042       1.3404606       1.3411855    -0.054053443
       4.3326779     0.042271164     0.042234676       1.5084069       1.5094389    -0.068372260
       4.8140865     0.041042471     0.041001869       1.6764911       1.6779066    -0.084363079
       5.2954952     0.039685142     0.039639747       1.8447290       1.8466129     -0.10202164
       5.7769038     0.038199572     0.038148455       2.0131365       2.0155822     -0.12134319
       6.2583125     0.036586197     0.036528155       2.1817295       2.1848390     -0.14232250
       6.7397211     0.034845490     0.034779026       2.3505244       2.3544081     -0.16495379
       7.2211298     0.032977966     0.032901269       2.5195374       2.5243142     -0.18923080
       7.7025384     0.030984178     0.030895104       2.6887851       2.6945824     -0.21514669
       8.1839471     0.028864723     0.028760774       2.8582844       2.8652381     -0.24269408
       8.6653557     0.026620237     0.026498546       3.0280521       3.0363067     -0.27186501
       9.1467644     0.024251399     0.024108714       3.1981056       3.2078141     -0.30265092
       9.6281730     0.021758929     0.021591597       3.3684623       3.3797861     -0.33504263
       10.109582     0.019143593     0.018947547       3.5391401       3.5522490     -0.36903031
       10.590990     0.016406198     0.016176944       3.7101571       3.7252295     -0.40460348
       11.072399     0.013547597     0.013280207       3.8815316       3.8987544     -0.44175095
       11.553808     0.010568687     0.010257787       4.0532824       4.0728508     -0.48046079
       12.035216  7.4704147E-003  7.1101789E-003       4.2254286       4.2475464     -0.52072033
       12.516625  4.2537703E-003  3.8379180E-003       4.3979896       4.4228690     -0.56251610
       12.998034  9.1979395E-004  4.4158704E-004       4.5709855       4.5988469     -0.60583382
       13.479442 -2.5304250E-003 -3.0781817E-003       4.7444364       4.7755087     -0.65065831
       13.960851 -6.0957468E-003 -6.7207018E-003       4.9183633       4.9528836     -0.69697350
       14.442260 -9.7749800E-003    -0.010485229       5.0927872       5.1310010     -0.74476237
       14.923668    -0.013566880    -0.014370956       5.2677301       5.3098910     -0.79400688
       15.405077    -0.017470148    -0.018377007       5.4432142       5.4895840     -0.84468795
       15.886485    -0.021483430    -0.022502435       5.6192623       5.6701110     -0.89678540
       16.367894    -0.025605311    -0.026746212       5.7958979       5.8515035     -0.95027786
       16.849303    -0.029834321    -0.031107224       5.9731452       6.0337935      -1.0051428
       17.330711    -0.034168926    -0.035584267       6.1510289       6.2170136      -1.0613562
       17.812120    -0.038607529    -0.040176033       6.3295744       6.4011970      -1.1188929
       18.293529    -0.043148469    -0.044881110       6.5088080       6.5863776      -1.1777263
       18.774937    -0.047790016    -0.049697966       6.6887568       6.7725898      -1.2378281
       19.256346    -0.052530370    -0.054624943       6.8694484       6.9598688      -1.2991684
       19.737755    -0.057367657    -0.059660245       7.0509116       7.1482505      -1.3617157
       20.219163    -0.062299931    -0.064801929       7.2331762       7.3377714      -1.4254367
       20.700572    -0.067325162    -0.070047889       7.4162726       7.5284691      -1.4902960
       21.181981    -0.072441242    -0.075395844       7.6002326       7.7203815      -1.5562565
       21.663389    -0.077645976    -0.080843325       7.7850888       7.9135477      -1.6232786
       22.144798    -0.082937080    -0.086387656       7.9708753       8.1080077      -1.6913205
       22.626207    -0.088312177    -0.092025938       8.1576271       8.3038021      -1.7603382
       23.107615    -0.093768790    -0.097755028       8.3453808       8.5009728      -1.8302846
       23.589024    -0.099304343     -0.10357152       8.5341740       8.6995623      -1.9011104
       24.070433     -0.10491615     -0.10947172       8.7240461       8.8996144      -1.9727631
       24.551841     -0.11060141     -0.11545163       8.9150379       9.1011739      -2.0451868
       25.033250     -0.11635722     -0.12150690       9.1071919       9.3042867      -2.1183228
       25.514658     -0.12218052     -0.12763281       9.3005522       9.5089998      -2.1921084
       25.996067     -0.12806815     -0.13382424       9.4951651       9.7153615      -2.2664772
       26.477476     -0.13401679     -0.14007563       9.6910783       9.9234212      -2.3413588
       26.958884     -0.14002299     -0.14638094       9.8883422       10.133230      -2.4166783
       27.440293     -0.14608314     -0.15273360       10.087009       10.344839      -2.4923561
       27.921702     -0.15219344     -0.15912647       10.287134       10.558303      -2.5683078
       28.403110     -0.15834997     -0.16555176       10.488773       10.773677      -2.6444432
       28.884519     -0.16454858     -0.17200100       10.691988       10.991017      -2.7206666
       29.365928     -0.17078493     -0.17846498       10.896840       11.210381      -2.7968760
       29.847336     -0.17705450     -0.18493362       11.103397       11.431829      -2.8729626
       30.328745     -0.18335253     -0.19139595       11.311727       11.655423      -2.9488104
       30.810154     -0.18967402     -0.19783999       11.521903       11.881226      -3.0242956
       31.291562     -0.19601373     -0.20425262       11.734001       12.109303      -3.0992859
       31.772971     -0.20236616     -0.21061953       11.948104       12.339722      -3.1736399
       32.254380     -0.20872551     -0.21692503       12.164295       12.572552      -3.2472063
       32.735788     -0.21508571     -0.22315193       12.382665       12.807864      -3.3198231
       33.217197     -0.22144033     -0.22928139       12.603309       13.045731      -3.3913165
       33.698606     -0.22778263     -0.23529270       12.826328       13.286231      -3.4615003
       34.180014     -0.23410549     -0.24116313       13.051829       13.529441      -3.5301742
       34.661423     -0.24040142     -0.24686763       13.279923       13.775443      -3.5971232
       35.142832     -0.24666251     -0.25237863       13.510733       14.024320      -3.6621157
       35.624240     -0.25288042     -0.25766570       13.744385       14.276158      -3.7249021
       36.105649     -0.25904633     -0.26269522       13.981016       14.531047      -3.7852132
       36.587057     -0.26515098     -0.26742998       14.220772       14.789080      -3.8427584
       37.068466     -0.27118457     -0.27182880       14.463806       15.050352      -3.8972232
       37.549875     -0.27713676     -0.27584591       14.710286       15.314961      -3.9482669
       38.031283     -0.28299668     -0.27943048       14.960389       15.583011      -3.9955202
       38.512692     -0.28875290     -0.28252586       15.214307       15.854608      -4.0385818
       38.994101     -0.29439338     -0.28506887       15.472244       16.129861      -4.0770151
       39.475509     -0.29990553     -0.28698882       15.734423       16.408885      -4.1103442
       39.956918     -0.30527622     -0.28820656       16.001083       16.691798      -4.1380496
       40.438327     -0.31049175     -0.28863315       16.272481       16.978722      -4.1595629
       40.919735     -0.31553803     -0.28816848       16.548898       17.269784      -4.1742612
       41.401144     -0.32040057     -0.28669959       16.830640       17.565118      -4.1814604
       41.882553     -0.32506475     -0.28409861       17.118036       17.864860      -4.1804072
       42.363961     -0.32951598     -0.28022045       17.411450       18.169153      -4.1702707
       42.845370     -0.33374012     -0.27489992       17.711279       18.478146      -4.1501314
       43.326779     -0.33772393     -0.26794838       18.017956       18.791992      -4.1189698
       43.808187     -0.34145584     -0.25914962       18.331961       19.110853      -4.0756518
       44.289596     -0.34492693     -0.24825493       18.653824       19.434896      -4.0189119
       44.771005     -0.34813238     -0.23497708       18.984131       19.764294      -3.9473340
       45.252413     -0.35107346     -0.21898296       19.323535       20.099230      -3.8593271
       45.733822     -0.35376041     -0.19988440       19.672764       20.439893      -3.7530979
       46.215230     -0.35621651     -0.17722694       20.032634       20.786480      -3.6266162
       46.696639     -0.35848381     -0.15047561       20.404067       21.139198      -3.4775738
       47.178048     -0.36063151     -0.11899705       20.788102       21.498262      -3.3033344
       47.659456     -0.36276804    -0.082036732       21.185925       21.863896      -3.1008709
       48.140865     -0.36505871    -0.038689667       21.598889       22.236336      -2.8666886
