Results for:	
File:	C:\Users\User\OneDrive - Massachusetts Institute of Technology\Documents\MIT\Grad School\Classes\2.156\Lens Project\Prime Lenses\US08493664-2.ZMX
Title:	
Date:	11/7/2025 5:50:25 PM

0 message(s) in output.
3 series table(s) in output.

Table series: Data for wavelength : 0.486133 µm.
   Y Angle (deg)       Tan Shift       Sag Shift     Real Height     Ref. Height      Distortion
  --------------  --------------  --------------  --------------  --------------  --------------
      0.00000000     0.028861921     0.028861921      0.00000000      0.00000000      0.00000000
      0.19152772     0.028771483     0.028806092      0.19387419      0.19387412  3.6403248E-005
      0.38305544     0.028482303     0.028638857      0.38775288      0.38775258  7.8371409E-005
      0.57458315     0.027997822     0.028360974      0.58164056      0.58163970  1.4793406E-004
      0.76611087     0.027323825     0.027973701      0.77554172      0.77553983  2.4451948E-004
      0.95763859     0.026468384     0.027478786      0.96946085      0.96945729  3.6733112E-004
       1.1491663     0.025441786     0.026878459       1.1634024       1.1633964  5.1537904E-004
       1.3406940     0.024256431     0.026175415       1.3573709       1.3573616  6.8745830E-004
       1.5322217     0.022926717     0.025372798       1.5513707       1.5513571  8.8218571E-004
       1.7237495     0.021468900     0.024474182       1.7454064       1.7453872  1.0980109E-003
       1.9152772     0.019900941     0.023483545       1.9394823       1.9394565  1.3332356E-003
       2.1068049     0.018242333     0.022405246       2.1336029       2.1335691  1.5860341E-003
       2.2983326     0.016513911     0.021243996       2.3277726       2.3277295  1.8544775E-003
       2.4898603     0.014737654     0.020004828       2.5219958       2.5219419  2.1365580E-003
       2.6813880     0.012936470     0.018693068       2.7162769       2.7162109  2.4302161E-003
       2.8729158     0.011133972     0.017314293       2.9106202       2.9105407  2.7333690E-003
       3.0644435  9.3542442E-003     0.015874305       3.1050302       3.1049357  3.0439407E-003
       3.2559712  7.6216063E-003     0.014379088       3.2995111       3.2994002  3.3598925E-003
       3.4474989  5.9603673E-003     0.012834772       3.4940674       3.4939388  3.6792554E-003
       3.6390266  4.3945817E-003     0.011247593       3.6887033       3.6885557  4.0001634E-003
       3.8305544  2.9478029E-003  9.6238559E-003       3.8834232       3.8832554  4.3208861E-003
       4.0220821  1.6428394E-003  7.9698928E-003       4.0782315       4.0780423  4.6398635E-003
       4.2136098  5.0151439E-004  6.2920221E-003       4.2731325       4.2729207  4.9557397E-003
       4.4051375 -4.5556825E-004  4.5965126E-003       4.4681306       4.4678952  5.2673970E-003
       4.5966652 -1.2092503E-003  2.8895417E-003       4.6632300       4.6629701  5.5739900E-003
       4.7881929 -1.7420357E-003  1.1771573E-003       4.8584353       4.8581499  5.8749790E-003
       4.9797207 -2.0382945E-003 -5.3475869E-004       5.0537509       5.0534391  6.1701628E-003
       5.1712484 -2.0844546E-003 -2.2405273E-003       5.2491810       5.2488420  6.4597107E-003
       5.3627761 -1.8691767E-003 -3.9347064E-003       5.4447304       5.4443632  6.7441935E-003
       5.5543038 -1.3835133E-003 -5.6121240E-003       5.6404033       5.6400071  7.0246132E-003
       5.7458315 -6.2104909E-004 -7.2679088E-003       5.8362045       5.8357783  7.3024316E-003
       5.9373592  4.2197852E-004 -8.8975190E-003       6.0321384       6.0316812  7.5795966E-003
       6.1288870  1.7465790E-003    -0.010496768       6.2282098       6.2277204  7.8585679E-003
       6.3204147  3.3509317E-003    -0.012061850       6.4244234       6.4239004  8.1423395E-003
       6.5119424  5.2303295E-003    -0.013589358       6.6207840       6.6202257  8.4344617E-003
       6.7034701  7.3771476E-003    -0.015076304       6.8172965       6.8167008  8.7390593E-003
       6.8949978  9.7808358E-003    -0.016520135       7.0139659       7.0133305  9.0608490E-003
       7.0865255     0.012427935    -0.017918741       7.2107972       7.2101191  9.4051540E-003
       7.2780533     0.015302118    -0.019270468       7.4077956       7.4070714  9.7779157E-003
       7.4695810     0.018384256    -0.020574120       7.6049664       7.6041919     0.010185703
       7.6611087     0.021652508    -0.021828966       7.8023150       7.8014853     0.010635722
       7.8526364     0.025082436    -0.023034732       7.9998469       7.9989562     0.011135815
       8.0441641     0.028647142    -0.024191600       8.1975678       8.1966092     0.011694471
       8.2356919     0.032317431    -0.025300201       8.3954834       8.3944491     0.012320815
       8.4272196     0.036061992    -0.026361601       8.5935997       8.5924805     0.013024614
       8.6187473     0.039847607    -0.027377287       8.7919228       8.7907082     0.013816267
       8.8102750     0.043639369    -0.028349149       8.9904589       8.9891369     0.014706798
       9.0018027     0.047400936    -0.029279458       9.1892144       9.1877712     0.015707845
       9.1933304     0.051094783    -0.030170841       9.3881960       9.3866161     0.016831647
       9.3848582     0.054682490    -0.031026258       9.5874104       9.5856762     0.018091031
       9.5763859     0.058125025    -0.031848964       9.7868645       9.7849564     0.019499394
       9.7679136     0.061383060    -0.032642482       9.9865654       9.9844616     0.021070682
       9.9594413     0.064417283    -0.033410564       10.186520       10.184196     0.022819372
       10.150969     0.067188727    -0.034157157       10.386737       10.384166     0.024760446
       10.342497     0.069659105    -0.034886356       10.587223       10.584375     0.026909371
       10.534024     0.071791149    -0.035602368       10.787986       10.784828     0.029282066
       10.725552     0.073548956    -0.036309464       10.989035       10.985531     0.031894882
       10.917080     0.074898335    -0.037011933       11.190377       11.186488     0.034764567
       11.108608     0.075807147    -0.037714038       11.392022       11.387705     0.037908242
       11.300135     0.076245653    -0.038419963       11.593977       11.589185     0.041343365
       11.491663     0.076186846    -0.039133767       11.796252       11.790935     0.045087703
       11.683191     0.075606787    -0.039859330       11.998856       11.992960     0.049159298
       11.874718     0.074484917    -0.040600307       12.201798       12.195264     0.053576438
       12.066246     0.072804374    -0.041360071       12.405088       12.397852     0.058357617
       12.257774     0.070552280    -0.042141665       12.608735       12.600731     0.063521512
       12.449302     0.067720022    -0.042947752       12.812750       12.803904     0.069086941
       12.640829     0.064303509    -0.043780560       13.017142       13.007377     0.075072835
       12.832357     0.060303408    -0.044641838       13.221923       13.211156     0.081498208
       13.023885     0.055725358    -0.045532800       13.427102       13.415245     0.088382120
       13.215413     0.050580156    -0.046454083       13.632690       13.619650     0.095743650
       13.406940     0.044883911    -0.047405699       13.838699       13.824376      0.10360186
       13.598468     0.038658175    -0.048386987       14.045139       14.029429      0.11197579
       13.789996     0.031930031    -0.049396575       14.252021       14.234814      0.12088437
       13.981523     0.024732150    -0.050432336       14.459358       14.440535      0.13034649
       14.173051     0.017102801    -0.051491352       14.667161       14.646600      0.14038087
       14.364579  9.0858319E-003    -0.052569878       14.875442       14.853013      0.15100611
       14.556107  7.3059136E-004    -0.053663310       15.084213       15.059779      0.16224064
       14.747634 -7.9081893E-003    -0.054766155       15.293485       15.266905      0.17410270
       14.939162    -0.016770568    -0.055872006       15.503273       15.474396      0.18661034
       15.130690    -0.025791616    -0.056973524       15.713587       15.682257      0.19978138
       15.322217    -0.034901706    -0.058062412       15.924442       15.890494      0.21363340
       15.513745    -0.044026854    -0.059129412       16.135849       16.099113      0.22818375
       15.705273    -0.053089129    -0.060164288       16.347822       16.308120      0.24344952
       15.896801    -0.062007135    -0.061155829       16.560374       16.517519      0.25944753
       16.088328    -0.070696563    -0.062091846       16.773518       16.727318      0.27619435
       16.279856    -0.079070822    -0.062959182       16.987269       16.937522      0.29370627
       16.471384    -0.087041759    -0.063743722       17.201639       17.148137      0.31199933
       16.662911    -0.094520455    -0.064430415       17.416642       17.359168      0.33108929
       16.854439     -0.10141813    -0.065003298       17.632294       17.570622      0.35099165
       17.045967     -0.10764715    -0.065445527       17.848606       17.782505      0.37172168
       17.237495     -0.11312211    -0.065739418       18.065595       17.994823      0.39329437
       17.429022     -0.11776110    -0.065866490       18.283274       18.207581      0.41572452
       17.620550     -0.12148705    -0.065807523       18.501659       18.420786      0.43902668
       17.812078     -0.12422919    -0.065542616       18.720763       18.634445      0.46321522
       18.003605     -0.12592472    -0.065051255       18.940602       18.848563      0.48830429
       18.195133     -0.12652061    -0.064312399       19.161190       19.063147      0.51430788
       18.386661     -0.12597556    -0.063304559       19.382544       19.278203      0.54123982
       18.578189     -0.12426219    -0.062005898       19.604679       19.493737      0.56911380
       18.769716     -0.12136940    -0.060394338       19.827610       19.709757      0.59794335
       18.961244     -0.11730495    -0.058447676       20.051353       19.926267      0.62774189
       19.152772     -0.11209838    -0.056143709       20.275924       20.143276      0.65852271

Table series: Data for wavelength : 0.587562 µm.
   Y Angle (deg)       Tan Shift       Sag Shift     Real Height     Ref. Height      Distortion
  --------------  --------------  --------------  --------------  --------------  --------------
      0.00000000     0.084864484     0.084864484      0.00000000      0.00000000      0.00000000
      0.19152772     0.084772983     0.084807335      0.19382206      0.19382203  1.4651339E-005
      0.38305544     0.084484567     0.084636141      0.38764862      0.38764840  5.8439649E-005
      0.57458315     0.084002683     0.084351660      0.58148419      0.58148343  1.3104213E-004
      0.76611087     0.083333127     0.083955148      0.77533325      0.77533145  2.3189649E-004
      0.95763859     0.082483988     0.083448353      0.96920030      0.96919681  3.6020785E-004
       1.1491663     0.081465568     0.082833500       1.1630898       1.1630838  5.1502715E-004
       1.3406940     0.080290288     0.082113284       1.3570063       1.3569969  6.9515945E-004
       1.5322217     0.078972565     0.081290844       1.5509542       1.5509402  8.9924778E-004
       1.7237495     0.077528675     0.080369749       1.7449379       1.7449183  1.1257728E-003
       1.9152772     0.075976599     0.079353971       1.9389620       1.9389354  1.3730722E-003
       2.1068049     0.074335843     0.078247860       2.1330308       2.1329958  1.6393619E-003
       2.2983326     0.072627255     0.077056119       2.3271488       2.3271040  1.9227600E-003
       2.4898603     0.070872817     0.075783769       2.5213203       2.5212643  2.2213123E-003
       2.6813880     0.069095436     0.074436120       2.7155499       2.7154811  2.5330191E-003
       2.8729158     0.067318711     0.073018735       2.9098418       2.9097587  2.8558647E-003
       3.0644435     0.065566705     0.071537395       3.1042004       3.1041014  3.1878473E-003
       3.2559712     0.063863704     0.069998062       3.2986301       3.2985137  3.5270105E-003
       3.4474989     0.062233969     0.068406839       3.4931353       3.4930000  3.8714761E-003
       3.6390266     0.060701495     0.066769932       3.6877203       3.6875647  4.2194773E-003
       3.8305544     0.059289759     0.065093614       3.8823894       3.8822120  4.5693926E-003
       4.0220821     0.058021477     0.063384177       4.0771472       4.0769466  4.9197803E-003
       4.2136098     0.056918367     0.061647899       4.2719978       4.2717727  5.2694133E-003
       4.4051375     0.056000909     0.059891003       4.4669457       4.4666948  5.6173131E-003
       4.5966652     0.055288124     0.058119613       4.6619952       4.6617173  5.9627849E-003
       4.7881929     0.054797355     0.056339723       4.8571509       4.8568446  6.3054506E-003
       4.9797207     0.054544065     0.054557154       5.0524170       5.0520813  6.6452828E-003
       5.1712484     0.054541647     0.052777520       5.2477981       5.2474317  6.9826367E-003
       5.3627761     0.054801251     0.051006193       5.4432987       5.4429004  7.3182817E-003
       5.5543038     0.055331626     0.049248272       5.6389233       5.6384917  7.6534312E-003
       5.7458315     0.056138983     0.047508549       5.8346765       5.8342103  7.9897714E-003
       5.9373592     0.057226878     0.045791483       6.0305629       6.0300606  8.3294884E-003
       6.1288870     0.058596115     0.044101173       6.2265872       6.2260471  8.6752932E-003
       6.3204147     0.060244673     0.042441336       6.4227543       6.4221744  9.0304455E-003
       6.5119424     0.062167651     0.040815285       6.6190690       6.6184469  9.3987748E-003
       6.7034701     0.064357247     0.039225912       6.8155361       6.8148693  9.7846997E-003
       6.8949978     0.066802750     0.037675671       7.0121608       7.0114461     0.010193245
       7.0865255     0.069490567     0.036166570       7.2089481       7.2081819     0.010630055
       7.2780533     0.072404264     0.034700163       7.4059033       7.4050812     0.011101409
       7.4695810     0.075524645     0.033277541       7.6030317       7.6021488     0.011614227
       7.6611087     0.078829841     0.031899335       7.8003388       7.7993891     0.012176078
       7.8526364     0.082295437     0.030565716       7.9978302       7.9968070     0.012795189
       8.0441641     0.085894617     0.029276401       8.1955116       8.1944069     0.013480438
       8.2356919     0.089598328     0.028030660       8.3933888       8.3921937     0.014241363
       8.4272196     0.093375474     0.026827334       8.5914680       8.5901719     0.015088153
       8.6187473     0.097193128     0.025664843       8.7897552       8.7883463     0.016031646
       8.8102750      0.10101676     0.024541212       8.9882569       8.9867216     0.017083317
       9.0018027      0.10481051     0.023454088       9.1869794       9.1853026     0.018255272
       9.1933304      0.10853742     0.022400768       9.3859296       9.3840941     0.019560232
       9.3848582      0.11215976     0.021378228       9.5851143       9.5831007     0.021011521
       9.5763859      0.11563929     0.020383154       9.7845404       9.7823274     0.022623047
       9.7679136      0.11893762     0.019411973       9.9842154       9.9817789     0.024409284
       9.9594413      0.12201649     0.018460895       10.184147       10.181460     0.026385249
       10.150969      0.12483814     0.017525946       10.384341       10.381376     0.028566485
       10.342497      0.12736562     0.016603016       10.584808       10.581531     0.030969029
       10.534024      0.12956317     0.015687896       10.785554       10.781931     0.033609394
       10.725552      0.13139655     0.014776328       10.986589       10.982580     0.036504538
       10.917080      0.13283341     0.013864048       11.187919       11.183483     0.039671834
       11.108608      0.13384362     0.012946837       11.389555       11.384645     0.043129047
       11.300135      0.13439964     0.012020571       11.591505       11.586072     0.046894300
       11.491663      0.13447685     0.011081269       11.793778       11.787767     0.050986043
       11.683191      0.13405389     0.010125144       11.996383       11.989738     0.055423025
       11.874718      0.13311299  9.1486582E-003       12.199330       12.191987     0.060224261
       12.066246      0.13164029  8.1485712E-003       12.402628       12.394521     0.065409002
       12.257774      0.12962613  7.1219943E-003       12.606289       12.597345     0.070996700
       12.449302      0.12706534  6.0664413E-003       12.810321       12.800464     0.077006983
       12.640829      0.12395750  4.9798800E-003       13.014735       13.003882     0.083459621
       12.832357      0.12030718  3.8607829E-003       13.219542       13.207606     0.090374494
       13.023885      0.11612418  2.7081762E-003       13.424753       13.411641     0.097771570
       13.215413      0.11142370  1.5216891E-003       13.630379       13.615991      0.10567087
       13.406940      0.10622653  3.0159989E-004       13.836430       13.820662      0.11409244
       13.598468      0.10055915 -9.5111871E-004       14.042919       14.025659      0.12305633
       13.789996     0.094453879 -2.2347563E-003       14.249857       14.230989      0.13258257
       13.981523     0.087948881 -3.5468242E-003       14.457255       14.436655      0.14269115
       14.173051     0.081088245 -4.8840168E-003       14.665127       14.642665      0.15340199
       14.364579     0.073921942 -6.2421763E-003       14.873484       14.849022      0.16473493
       14.556107     0.066505773 -7.6162601E-003       15.082338       15.055733      0.17670969
       14.747634     0.058901268 -9.0003115E-003       15.291703       15.262803      0.18934590
       14.939162     0.051175528    -0.010387434       15.501591       15.470238      0.20266306
       15.130690     0.043401020    -0.011769770       15.712015       15.678043      0.21668053
       15.322217     0.035655318    -0.013138482       15.922988       15.886225      0.23141750
       15.513745     0.028020779    -0.014483741       16.134524       16.094788      0.24689306
       15.705273     0.020584164    -0.015794715       16.346637       16.303738      0.26312612
       15.896801     0.013436190    -0.017059567       16.559340       16.513081      0.28013544
       16.088328  6.6710140E-003    -0.018265458       16.772648       16.722824      0.29793967
       16.279856  3.8563954E-004    -0.019398549       16.986574       16.932971      0.31655729
       16.471384 -5.3207511E-003    -0.020444017       17.201133       17.143529      0.33600669
       16.662911    -0.010347549    -0.021386072       17.416339       17.354504      0.35630612
       16.854439    -0.014593560    -0.022207980       17.632208       17.565901      0.37747377
       17.045967    -0.017957940    -0.022892098       17.848754       17.777727      0.39952775
       17.237495    -0.020341237    -0.023419907       18.065993       17.989988      0.42248612
       17.429022    -0.021646530    -0.023772059       18.283940       18.202689      0.44636694
       17.620550    -0.021780700    -0.023928428       18.502610       18.415837      0.47118826
       17.812078    -0.020655814    -0.023868170       18.722021       18.629438      0.49696821
       18.003605    -0.018190657    -0.023569791       18.942187       18.843499      0.52372496
       18.195133    -0.014312405    -0.023011218       19.163126       19.058025      0.55147685
       18.386661 -8.9584625E-003    -0.022169890       19.384853       19.273023      0.58024233
       18.578189 -2.0784771E-003    -0.021022844       19.607387       19.488500      0.61004009
       18.769716  6.3634538E-003    -0.019546819       19.830745       19.704461      0.64088905
       18.961244     0.016386362    -0.017718366       20.054943       19.920913      0.67280839
       19.152772     0.027989757    -0.015513973       20.280000       20.137863      0.70581764

Table series: Data for wavelength : 0.656273 µm.
   Y Angle (deg)       Tan Shift       Sag Shift     Real Height     Ref. Height      Distortion
  --------------  --------------  --------------  --------------  --------------  --------------
      0.00000000      0.15353686      0.15353686      0.00000000      0.00000000      0.00000000
      0.19152772      0.15344585      0.15347947      0.19381015      0.19381035 -1.0218799E-004
      0.38305544      0.15316054      0.15330755      0.38762480      0.38762502 -5.8789049E-005
      0.57458315      0.15268438      0.15302185      0.58144844      0.58144836  1.3166594E-005
      0.76611087      0.15202319      0.15262364      0.77528558      0.77528470  1.1311986E-004
      0.95763859      0.15118507      0.15211467      0.96914070      0.96913837  2.4026604E-004
       1.1491663      0.15018033      0.15149715       1.1630183       1.1630137  3.9369075E-004
       1.3406940      0.14902143      0.15077380       1.3569228       1.3569150  5.7219213E-004
       1.5322217      0.14772281      0.14994774       1.5508587       1.5508467  7.7442221E-004
       1.7237495      0.14630076      0.14902256       1.7448305       1.7448131  9.9887235E-004
       1.9152772      0.14477331      0.14800222       1.9388426       1.9388185  1.2438927E-003
       2.1068049      0.14315998      0.14689107       2.1328994       2.1328672  1.5077136E-003
       2.2983326      0.14148165      0.14569384       2.3270053       2.3269637  1.7884697E-003
       2.4898603      0.13976034      0.14441552       2.5211649       2.5211123  2.0842255E-003
       2.6813880      0.13801897      0.14306144       2.7153823       2.7153173  2.3930026E-003
       2.8729158      0.13628118      0.14163717       2.9096621       2.9095832  2.7128088E-003
       3.0644435      0.13457104      0.14014847       3.1040087       3.1039142  3.0416688E-003
       3.2559712      0.13291285      0.13860131       3.2984263       3.2983149  3.3776558E-003
       3.4474989      0.13133089      0.13700178       3.4929193       3.4927894  3.7189239E-003
       3.6390266      0.12984915      0.13535610       3.6874922       3.6873423  4.0637421E-003
       3.8305544      0.12849112      0.13367053       3.8821492       3.8819780  4.4105283E-003
       4.0220821      0.12727948      0.13195135       4.0768947       4.0767008  4.7578837E-003
       4.2136098      0.12623596      0.13020483       4.2717331       4.2715151  5.1046279E-003
       4.4051375      0.12538099      0.12843718       4.4666688       4.4664254  5.4498333E-003
       4.5966652      0.12473357      0.12665452       4.6617062       4.6614362  5.7928598E-003
       4.7881929      0.12431100      0.12486281       4.8568496       4.8565518  6.1333888E-003
       4.9797207      0.12412870      0.12306788       5.0521036       5.0517767  6.4714563E-003
       5.1712484      0.12420000      0.12127530       5.2474725       5.2471153  6.8074861E-003
       5.3627761      0.12453599      0.11949044       5.4429609       5.4425722  7.1423203E-003
       5.5543038      0.12514534      0.11771836       5.6385733       5.6381518  7.4772502E-003
       5.7458315      0.12603420      0.11596383       5.8343144       5.8338585  7.8140447E-003
       5.9373592      0.12720604      0.11423128       6.0301887       6.0296970  8.1549776E-003
       6.1288870      0.12866158      0.11252479       6.2262011       6.2256717  8.5028528E-003
       6.3204147      0.13039873      0.11084804       6.4223562       6.4217871  8.8610278E-003
       6.5119424      0.13241250      0.10920430       6.6186589       6.6180478  9.2334352E-003
       6.7034701      0.13469500      0.10759644       6.8151142       6.8144584  9.6246018E-003
       6.8949978      0.13723545      0.10602686       7.0117272       7.0110233     0.010039666
       7.0865255      0.14002019      0.10449756       7.2085029       7.2077472     0.010484391
       7.2780533      0.14303274      0.10301002       7.4054466       7.4046347     0.010965178
       7.4695810      0.14625383      0.10156532       7.6025637       7.6016904     0.011489079
       7.6611087      0.14966158      0.10016403       7.7998597       7.7989189     0.012063796
       7.8526364      0.15323155     0.098806298       7.9973401       7.9963248     0.012697693
       8.0441641      0.15693694     0.097491791       8.1950108       8.1939128     0.013399797
       8.2356919      0.16074871     0.096219744       8.3928776       8.3916876     0.014179792
       8.4272196      0.16463583     0.094988957       8.5909465       8.5896539     0.015048024
       8.6187473      0.16856547     0.093797815       8.7892238       8.7878164     0.016015488
       8.8102750      0.17250321     0.092644305       8.9877158       8.9861798     0.017093825
       9.0018027      0.17641334     0.091526041       9.1864292       9.1847488     0.018295309
       9.1933304      0.18025910     0.090440291       9.3853705       9.3835282     0.019632838
       9.3848582      0.18400302     0.089384001       9.5845467       9.5825229     0.021119914
       9.5763859      0.18760713     0.088353832       9.7839649       9.7817375     0.022770628
       9.7679136      0.19103338     0.087346190       9.9836324       9.9811770     0.024599643
       9.9594413      0.19424391     0.086357267       10.183557       10.180846     0.026622173
       10.150969      0.19720141     0.085383077       10.383745       10.380750     0.028853958
       10.342497      0.19986944     0.084419503       10.584206       10.580893     0.031311240
       10.534024      0.20221282     0.083462332       10.784947       10.781281     0.034010741
       10.725552      0.20419796     0.082507311       10.985977       10.981917     0.036969635
       10.917080      0.20579320     0.081550185       11.187304       11.182808     0.040205517
       11.108608      0.20696922     0.080586753       11.388937       11.383958     0.043736377
       11.300135      0.20769933     0.079612912       11.590885       11.585373     0.047580572
       11.491663      0.20795986     0.078624713       11.793157       11.787057     0.051756792
       11.683191      0.20773048     0.077618407       11.995763       11.989015     0.056284033
       11.874718      0.20699453     0.076590504       12.198711       12.191252     0.061181563
       12.066246      0.20573935     0.075537818       12.402012       12.393774     0.066468896
       12.257774      0.20395657     0.074457523       12.605676       12.596586     0.072165755
       12.449302      0.20164240     0.073347208       12.809713       12.799692     0.078292048
       12.640829      0.19879790     0.072204922       13.014134       13.003098     0.084867834
       12.832357      0.19542922     0.071029228       13.218949       13.206810     0.091913296
       13.023885      0.19154786     0.069819256       13.424169       13.410832     0.099448711
       13.215413      0.18717078     0.068574745       13.629805       13.615170      0.10749443
       13.406940      0.18232068     0.067296097       13.835869       13.819828      0.11607083
       13.598468      0.17702603     0.065984414       14.042373       14.024814      0.12519832
       13.789996      0.17132127     0.064641552       14.249327       14.230131      0.13489731
       13.981523      0.16524681     0.063270152       14.456744       14.435785      0.14518816
       14.173051      0.15884909     0.061873682       14.664636       14.641782      0.15609121
       14.364579      0.15218055     0.060456478       14.873016       14.848127      0.16762671
       14.556107      0.14529962     0.059023765       15.081896       15.054825      0.17981486
       14.747634      0.13827057     0.057581699       15.291289       15.261883      0.19267576
       14.939162      0.13116339     0.056137384       15.501208       15.469305      0.20622940
       15.130690      0.12405359     0.054698895       15.711665       15.677098      0.22049566
       15.322217      0.11702193     0.053275301       15.922676       15.885267      0.23549434
       15.513745      0.11015413     0.051876672       16.134252       16.093817      0.25124509
       15.705273      0.10354047     0.050514091       16.346408       16.302755      0.26776748
       15.896801     0.097275394     0.049199659       16.559159       16.512086      0.28508095
       16.088328     0.091456967     0.047946490       16.772517       16.721816      0.30320486
       16.279856     0.086186314     0.046768709       16.986498       16.931950      0.32215847
       16.471384     0.081566968     0.045681435       17.201116       17.142496      0.34196100
       16.662911     0.077704131     0.044700769       17.416387       17.353458      0.36263158
       16.854439     0.074703853     0.043843762       17.632324       17.564842      0.38418934
       17.045967     0.072672123     0.043128393       17.848944       17.776655      0.40665340
       17.237495     0.071713850     0.042573523       18.066263       17.988903      0.43004291
       17.429022     0.071931749     0.042198858       18.284295       18.201591      0.45437710
       17.620550     0.073425111     0.042024894       18.503057       18.414727      0.47967526
       17.812078     0.076288441     0.042072858       18.722566       18.628315      0.50595685
       18.003605     0.080609978     0.042364643       18.942838       18.842363      0.53324151
       18.195133     0.086470061     0.042922734       19.163890       19.056876      0.56154911
       18.386661     0.093939340     0.043770123       19.385738       19.271861      0.59089978
       18.578189      0.10307682     0.044930220       19.608402       19.487325      0.62131399
       18.769716      0.11392770     0.046426751       19.831898       19.703273      0.65281260
       18.961244      0.12652104     0.048283650       20.056245       19.919712      0.68541689
       19.152772      0.14086717     0.050524942       20.281462       20.136649      0.71914863
