Results for:	
File:	C:\Users\User\OneDrive - Massachusetts Institute of Technology\Documents\MIT\Grad School\Classes\2.156\Lens Project\Prime Lenses\US02662447-1.zmx
Title:	
Date:	11/7/2025 5:43:14 PM

0 message(s) in output.
3 series table(s) in output.

Table series: Data for wavelength : 0.486133 µm.
   Y Angle (deg)       Tan Shift       Sag Shift     Real Height     Ref. Height      Distortion
  --------------  --------------  --------------  --------------  --------------  --------------
      0.00000000     0.018800189     0.018800189      0.00000000      0.00000000      0.00000000
      0.24000000     0.018778862     0.018758301      0.10644039      0.10644052 -1.2148408E-004
      0.48000000     0.018709002     0.018632677      0.21288371      0.21288478 -5.0389571E-004
      0.72000000     0.018590648     0.018423444      0.31933287      0.31933651 -1.1416249E-003
      0.96000000     0.018423865     0.018130808      0.42579078      0.42579945 -2.0351974E-003
       1.2000000     0.018208748     0.017755059      0.53226038      0.53227733 -3.1853926E-003
       1.4400000     0.017945417     0.017296574      0.63874456      0.63877390 -4.5931993E-003
       1.6800000     0.017634023     0.016755809      0.74524625      0.74529290 -6.2598277E-003
       1.9200000     0.017274738     0.016133307      0.85176834      0.85183808 -8.1867103E-003
       2.1600000     0.016867765     0.015429694      0.95831375      0.95841319    -0.010375503
       2.4000000     0.016413330     0.014645680       1.0648853       1.0650220    -0.012828088
       2.6400000     0.015911687     0.013782062       1.1714860       1.1716682    -0.015546572
       2.8800000     0.015363111     0.012839721       1.2781187       1.2783556    -0.018533291
       3.1200000     0.014767904     0.011819625       1.3847862       1.3850880    -0.021790813
       3.3600000     0.014126389     0.010722827       1.4914914       1.4918692    -0.025321935
       3.6000000     0.013438915  9.5504700E-003       1.5982372       1.5987029    -0.029129692
       3.8400000     0.012705847  8.3037828E-003       1.7050263       1.7055929    -0.033217355
       4.0800000     0.011927576  6.9840842E-003       1.8118617       1.8125430    -0.037588435
       4.3200000     0.011104508  5.5927816E-003       1.9187461       1.9195571    -0.042246685
       4.5600000     0.010237071  4.1313738E-003       2.0256824       2.0266389    -0.047196108
       4.8000000  9.3257080E-003  2.6014503E-003       2.1326733       2.1337923    -0.052440952
       5.0400000  8.3708773E-003  1.0046935E-003       2.2397216       2.2410211    -0.057985722
       5.2800000  7.3730527E-003 -6.5712076E-004       2.3468300       2.3483291    -0.063835178
       5.5200000  6.3327202E-003 -2.3821235E-003       2.4540014       2.4557203    -0.069994341
       5.7600000  5.2503770E-003 -4.1683484E-003       2.5612384       2.5631984    -0.076468498
       6.0000000  4.1265297E-003 -6.0137329E-003       2.6685436       2.6707674    -0.083263207
       6.2400000  2.9616921E-003 -7.9161162E-003       2.7759199       2.7784312    -0.090384298
       6.4800000  1.7563839E-003 -9.8732379E-003       2.8833698       2.8861936    -0.097837882
       6.7200000  5.1112759E-004    -0.011882737       2.9908960       2.9940586     -0.10563036
       6.9600000 -7.7355295E-004    -0.013942148       3.0985010       3.1020302     -0.11376840
       7.2000000 -2.0971352E-003    -0.016048906       3.2061875       3.2101122     -0.12225901
       7.4400000 -3.4591007E-003    -0.018200334       3.3139580       3.3183087     -0.13110946
       7.6800000 -4.8589378E-003    -0.020393653       3.4218151       3.4266236     -0.14032734
       7.9200000 -6.2961441E-003    -0.022625972       3.5297611       3.5350609     -0.14992056
       8.1600000 -7.7702303E-003    -0.024894290       3.6377986       3.6436247     -0.15989735
       8.4000000 -9.2807228E-003    -0.027195493       3.7459301       3.7523190     -0.17026627
       8.6400000    -0.010827168    -0.029526350       3.8541577       3.8611478     -0.18103620
       8.8800000    -0.012409134    -0.031883515       3.9624841       3.9701153     -0.19221640
       9.1200000    -0.014026218    -0.034263522       4.0709113       4.0792255     -0.20381644
       9.3600000    -0.015678048    -0.036662782       4.1794418       4.1884825     -0.21584628
       9.6000000    -0.017364287    -0.039077585       4.2880777       4.2978905     -0.22831623
       9.8400000    -0.019084640    -0.041504092       4.3968212       4.4074536     -0.24123699
       10.080000    -0.020838857    -0.043938334       4.5056745       4.5171761     -0.25461965
       10.320000    -0.022626738    -0.046376213       4.6146395       4.6270621     -0.26847569
       10.560000    -0.024448142    -0.048813494       4.7237185       4.7371158     -0.28281698
       10.800000    -0.026302988    -0.051245805       4.8329132       4.8473416     -0.29765585
       11.040000    -0.028191269    -0.053668636       4.9422256       4.9577436     -0.31300502
       11.280000    -0.030113048    -0.056077329       5.0516577       5.0683263     -0.32887766
       11.520000    -0.032068478    -0.058467084       5.1612111       5.1790939     -0.34528739
       11.760000    -0.034057800    -0.060832946       5.2708876       5.2900508     -0.36224831
       12.000000    -0.036081356    -0.063169811       5.3806889       5.4012013     -0.37977498
       12.240000    -0.038139596    -0.065472415       5.4906165       5.5125500     -0.39788244
       12.480000    -0.040233091    -0.067735334       5.6006720       5.6241012     -0.41658624
       12.720000    -0.042362538    -0.069952980       5.7108568       5.7358595     -0.43590245
       12.960000    -0.044528775    -0.072119595       5.8211721       5.8478293     -0.45584767
       13.200000    -0.046732792    -0.074229250       5.9316194       5.9600152     -0.47643902
       13.440000    -0.048975743    -0.076275837       6.0421996       6.0724217     -0.49769422
       13.680000    -0.051258960    -0.078253069       6.1529141       6.1850535     -0.51963152
       13.920000    -0.053583965    -0.080154471       6.2637636       6.2979153     -0.54226979
       14.160000    -0.055952490    -0.081973379       6.3747490       6.4110116     -0.56562849
       14.400000    -0.058366490    -0.083702934       6.4858713       6.5243471     -0.58972770
       14.640000    -0.060828162    -0.085336074       6.5971309       6.6379268     -0.61458816
       14.880000    -0.063339967    -0.086865535       6.7085284       6.7517553     -0.64023124
       15.120000    -0.065904644    -0.088283841       6.8200643       6.8658374     -0.66667900
       15.360000    -0.068525242    -0.089583297       6.9317389       6.9801781     -0.69395420
       15.600000    -0.071205134    -0.090755991       7.0435522       7.0947822     -0.72208030
       15.840000    -0.073948053    -0.091793779       7.1555043       7.2096547     -0.75108149
       16.080000    -0.076758114    -0.092688286       7.2675951       7.3248005     -0.78098272
       16.320000    -0.079639846    -0.093430896       7.3798243       7.4402248     -0.81180969
       16.560000    -0.082598227    -0.094012747       7.4921915       7.5559326     -0.84358891
       16.800000    -0.085638720    -0.094424725       7.6046961       7.6719289     -0.87634770
       17.040000    -0.088767312    -0.094657454       7.7173373       7.7882190     -0.91011419
       17.280000    -0.091990556    -0.094701295       7.8301142       7.9048081     -0.94491737
       17.520000    -0.095315623    -0.094546334       7.9430256       8.0217014     -0.98078711
       17.760000    -0.098750349    -0.094182377       8.0560703       8.1389043      -1.0177541
       18.000000     -0.10230329    -0.093598940       8.1692467       8.2564221      -1.0558501
       18.240000     -0.10598379    -0.092785245       8.2825531       8.3742603      -1.0951077
       18.480000     -0.10980205    -0.091730212       8.3959876       8.4924242      -1.1355602
       18.720000     -0.11376920    -0.090422446       8.5095480       8.6109194      -1.1772423
       18.960000     -0.11789737    -0.088850235       8.6232320       8.7297515      -1.2201894
       19.200000     -0.12219980    -0.087001539       8.7370369       8.8489261      -1.2644380
       19.440000     -0.12669096    -0.084863982       8.8509599       8.9684489      -1.3100254
       19.680000     -0.13138661    -0.082424843       8.9649980       9.0883256      -1.3569901
       19.920000     -0.13630397    -0.079671047       9.0791476       9.2085621      -1.4053716
       20.160000     -0.14146185    -0.076589158       9.1934052       9.3291641      -1.4552103
       20.400000     -0.14688083    -0.073165369       9.3077669       9.4501377      -1.5065476
       20.640000     -0.15258340    -0.069385493       9.4222284       9.5714887      -1.5594261
       20.880000     -0.15859418    -0.065234955       9.5367854       9.6932233      -1.6138892
       21.120000     -0.16494017    -0.060698782       9.6514331       9.8153476      -1.6699812
       21.360000     -0.17165099    -0.055761595       9.7661664       9.9378676      -1.7277474
       21.600000     -0.17875919    -0.050407598       9.8809800       10.060790      -1.7872338
       21.840000     -0.18630057    -0.044620574       9.9958682       10.184120      -1.8484875
       22.080000     -0.19431463    -0.038383872       10.110825       10.307866      -1.9115560
       22.320000     -0.20284494    -0.031680399       10.225845       10.432032      -1.9764874
       22.560000     -0.21193977    -0.024492617       10.340920       10.556627      -2.0433304
       22.800000     -0.22165261    -0.016802529       10.456045       10.681656      -2.1121338
       23.040000     -0.23204298 -8.5916737E-003       10.571212       10.807125      -2.1829465
       23.280000     -0.24317724  1.5887781E-004       10.686414       10.933043      -2.2558171
       23.520000     -0.25512961  9.4685318E-003       10.801643       11.059416      -2.3307938
       23.760000     -0.26798341     0.019357175       10.916893       11.186250      -2.4079235
       24.000000     -0.28183252     0.029845181       11.032156       11.313552      -2.4872520

Table series: Data for wavelength : 0.587562 µm.
   Y Angle (deg)       Tan Shift       Sag Shift     Real Height     Ref. Height      Distortion
  --------------  --------------  --------------  --------------  --------------  --------------
      0.00000000     0.040932626     0.040932626      0.00000000      0.00000000      0.00000000
      0.24000000     0.040913089     0.040889859      0.10646760      0.10646774 -1.2673413E-004
      0.48000000     0.040847897     0.040761600      0.21293813      0.21293921 -5.0711725E-004
      0.72000000     0.040737091     0.040547971      0.31941451      0.31941816 -1.1414736E-003
      0.96000000     0.040580743     0.040249178      0.42589967      0.42590832 -2.0302940E-003
       1.2000000     0.040378953     0.039865508      0.53239653      0.53241343 -3.1743602E-003
       1.4400000     0.040131851     0.039397333      0.63890800      0.63893723 -4.5746462E-003
       1.6800000     0.039839597     0.038845105      0.74543700      0.74548347 -6.2323444E-003
       1.9200000     0.039502376     0.038209360      0.85198645      0.85205589 -8.1488662E-003
       2.1600000     0.039120405     0.037490717      0.95855925      0.95865824    -0.010325843
       2.4000000     0.038693927     0.036689880       1.0651583       1.0652943    -0.012765129
       2.6400000     0.038223213     0.035807636       1.1717865       1.1719678    -0.015468801
       2.8800000     0.037708560     0.034844856       1.2784467       1.2786825    -0.018439159
       3.1200000     0.037150292     0.033802498       1.3851418       1.3854422    -0.021678732
       3.3600000     0.036548756     0.032681603       1.4918747       1.4922506    -0.025190277
       3.6000000     0.035904327     0.031483302       1.5986483       1.5991116    -0.028976783
       3.8400000     0.035217402     0.030208810       1.7054653       1.7060290    -0.033041472
       4.0800000     0.034488399     0.028859431       1.8123286       1.8130065    -0.037387802
       4.3200000     0.033717762     0.027436557       1.9192411       1.9200479    -0.042019472
       4.5600000     0.032905951     0.025941669       2.0262055       2.0271571    -0.046940420
       4.8000000     0.032053450     0.024376341       2.1332247       2.1343379    -0.052154835
       5.0400000     0.031160758     0.022742236       2.2403014       2.2415941    -0.057667149
       5.2800000     0.030228392     0.021041109       2.3474384       2.3489295    -0.063482052
       5.5200000     0.029256884     0.019274808       2.4546384       2.4563482    -0.069604488
       5.7600000     0.028246782     0.017445279       2.5619042       2.5638538    -0.076039663
       6.0000000     0.027198643     0.015554559       2.6692385       2.6714503    -0.082793049
       6.2400000     0.026113037     0.013604786       2.7766439       2.7791416    -0.089870386
       6.4800000     0.024990542     0.011598195       2.8841232       2.8869316    -0.097277691
       6.7200000     0.023831743  9.5371197E-003       2.9916789       2.9948241     -0.10502126
       6.9600000     0.022637227  7.4239960E-003       3.0993138       3.1028233     -0.11310767
       7.2000000     0.021407586  5.2613628E-003       3.2070303       3.2109330     -0.12154381
       7.4400000     0.020143411  3.0518631E-003       3.3148310       3.3191571     -0.13033683
       7.6800000     0.018845291  7.9824585E-004       3.4227185       3.4274997     -0.13949420
       7.9200000     0.017513807 -1.4966318E-003       3.5306953       3.5359648     -0.14902372
       8.1600000     0.016149534 -3.8298032E-003       3.6387639       3.6445563     -0.15893348
       8.4000000     0.014753034 -6.1981900E-003       3.7469267       3.7532784     -0.16923189
       8.6400000     0.013324856 -8.5986004E-003       3.8551860       3.8621351     -0.17992771
       8.8800000     0.011865529    -0.011027727       3.9635443       3.9711304     -0.19103003
       9.1200000     0.010375560    -0.013482143       4.0720040       4.0802685     -0.20254828
       9.3600000  8.8554311E-003    -0.015958305       4.1805672       4.1895534     -0.21449224
       9.6000000  7.3055939E-003    -0.018452543       4.2892362       4.2989894     -0.22687206
       9.8400000  5.7264656E-003    -0.020961064       4.3980133       4.4085806     -0.23969827
       10.080000  4.1184238E-003    -0.023479949       4.5069005       4.5183311     -0.25298176
       10.320000  2.4818020E-003    -0.026005146       4.6159001       4.6282452     -0.26673382
       10.560000  8.1688422E-004    -0.028532473       4.7250139       4.7383270     -0.28096615
       10.800000 -8.7610108E-004    -0.031057610       4.8342442       4.8485810     -0.29569083
       11.040000 -2.5969866E-003    -0.033576100       4.9435927       4.9590113     -0.31092038
       11.280000 -4.3456729E-003    -0.036083343       5.0530614       5.0696222     -0.32666776
       11.520000 -6.1221352E-003    -0.038574596       5.1626520       5.1804181     -0.34294635
       11.760000 -7.9264307E-003    -0.041044967       5.2723665       5.2914034     -0.35977000
       12.000000 -9.7587061E-003    -0.043489411       5.3822063       5.4025823     -0.37715302
       12.240000    -0.011619206    -0.045902732       5.4921733       5.5139595     -0.39511019
       12.480000    -0.013508284    -0.048279570       5.6022688       5.6255392     -0.41365679
       12.720000    -0.015426406    -0.050614408       5.7124944       5.7373261     -0.43280861
       12.960000    -0.017374169    -0.052901560       5.8228515       5.8493245     -0.45258196
       13.200000    -0.019352303    -0.055135168       5.9333414       5.9615391     -0.47299366
       13.440000    -0.021361690    -0.057309204       6.0439652       6.0739744     -0.49406109
       13.680000    -0.023403373    -0.059417456       6.1547242       6.1866350     -0.51580221
       13.920000    -0.025478568    -0.061453534       6.2656193       6.2995255     -0.53823553
       14.160000    -0.027588681    -0.063410855       6.3766514       6.4126508     -0.56138017
       14.400000    -0.029735322    -0.065282648       6.4878214       6.5260153     -0.58525586
       14.640000    -0.031920321    -0.067061941       6.5991301       6.6396240     -0.60988294
       14.880000    -0.034145746    -0.068741561       6.7105779       6.7534816     -0.63528241
       15.120000    -0.036413924    -0.070314126       6.8221654       6.8675929     -0.66147594
       15.360000    -0.038727457    -0.071772041       6.9338930       6.9819628     -0.68848586
       15.600000    -0.041089249    -0.073107493       7.0457608       7.0965962     -0.71633521
       15.840000    -0.043502525    -0.074312445       7.1577690       7.2114981     -0.74504775
       16.080000    -0.045970862    -0.075378625       7.2699175       7.3266734     -0.77464795
       16.320000    -0.048498214    -0.076297529       7.3822061       7.4421272     -0.80516108
       16.560000    -0.051088939    -0.077060408       7.4946344       7.5578645     -0.83661316
       16.800000    -0.053747839    -0.077658263       7.6072020       7.6738905     -0.86903101
       17.040000    -0.056480189    -0.078081839       7.7199082       7.7902103     -0.90244225
       17.280000    -0.059291781    -0.078321619       7.8327521       7.9068292     -0.93687538
       17.520000    -0.062188963    -0.078367814       7.9457327       8.0237525     -0.97235971
       17.760000    -0.065178683    -0.078210360       8.0588488       8.1409853      -1.0089255
       18.000000    -0.068268547    -0.077838904       8.1720991       8.2585332      -1.0466037
       18.240000    -0.071466866    -0.077242805       8.2854817       8.3764014      -1.0854265
       18.480000    -0.074782722    -0.076411118       8.3989951       8.4945956      -1.1254268
       18.720000    -0.078226032    -0.075332592       8.5126371       8.6131211      -1.1666385
       18.960000    -0.081807623    -0.073995658       8.6264055       8.7319836      -1.2090965
       19.200000    -0.085539311    -0.072388423       8.7402977       8.8511887      -1.2528366
       19.440000    -0.089433994    -0.070498659       8.8543111       8.9707420      -1.2978958
       19.680000    -0.093505750    -0.068313797       8.9684427       9.0906494      -1.3443118
       19.920000    -0.097769946    -0.065820916       9.0826892       9.2109166      -1.3921236
       20.160000     -0.10224336    -0.063006735       9.1970472       9.3315495      -1.4413712
       20.400000     -0.10694434    -0.059857604       9.3115128       9.4525539      -1.4920954
       20.640000     -0.11189291    -0.056359493       9.4260821       9.5739360      -1.5443382
       20.880000     -0.11711101    -0.052497985       9.5407506       9.6957017      -1.5981426
       21.120000     -0.12262263    -0.048258265       9.6555138       9.8178572      -1.6535527
       21.360000     -0.12845408    -0.043625111       9.7703667       9.9404086      -1.7106133
       21.600000     -0.13463421    -0.038582882       9.8853041       10.063362      -1.7693703
       21.840000     -0.14119473    -0.033115514       10.000320       10.186724      -1.8298705
       22.080000     -0.14817052    -0.027206504       10.115410       10.310501      -1.8921616
       22.320000     -0.15560000    -0.020838904       10.230567       10.434700      -1.9562917
       22.560000     -0.16352561    -0.013995311       10.345784       10.559326      -2.0223099
       22.800000     -0.17199427 -6.6578567E-003       10.461055       10.684387      -2.0902657
       23.040000     -0.18105802  1.1918010E-003       10.576373       10.809889      -2.1602087
       23.280000     -0.19077470  9.5724871E-003       10.691730       10.935839      -2.2321889
       23.520000     -0.20120877     0.018503519       10.807120       11.062243      -2.3062560
       23.760000     -0.21243231     0.028004713       10.922534       11.189110      -2.3824592
       24.000000     -0.22452616     0.038096397       11.037965       11.316445      -2.4608469

Table series: Data for wavelength : 0.656273 µm.
   Y Angle (deg)       Tan Shift       Sag Shift     Real Height     Ref. Height      Distortion
  --------------  --------------  --------------  --------------  --------------  --------------
      0.00000000     0.067286171     0.067286171      0.00000000      0.00000000      0.00000000
      0.24000000     0.067267325     0.067243024      0.10647247      0.10647258 -1.0937797E-004
      0.48000000     0.067203917     0.067113622      0.21294786      0.21294890 -4.8885961E-004
      0.72000000     0.067095992     0.066898089      0.31942911      0.31943270 -1.1217268E-003
      0.96000000     0.066943621     0.066596630      0.42591915      0.42592770 -2.0084354E-003
       1.2000000     0.066746908     0.066209530      0.53242089      0.53243766 -3.1497775E-003
       1.4400000     0.066505985     0.065737159      0.63893725      0.63896631 -4.5467209E-003
       1.6800000     0.066221014     0.065179968      0.74547117      0.74551739 -6.2004499E-003
       1.9200000     0.065892188     0.064538490      0.85202554      0.85209466 -8.1123666E-003
       2.1600000     0.065519726     0.063813342      0.95860327      0.95870187    -0.010284092
       2.4000000     0.065103878     0.063005225       1.0652073       1.0653428    -0.012717466
       2.6400000     0.064644921     0.062114921       1.1718404       1.1720211    -0.015414552
       2.8800000     0.064143158     0.061143301       1.2785057       1.2787407    -0.018377636
       3.1200000     0.063598922     0.060091315       1.3852058       1.3855052    -0.021609230
       3.3600000     0.063012569     0.058960003       1.4919438       1.4923185    -0.025112071
       3.6000000     0.062384482     0.057750489       1.5987224       1.5991844    -0.028889127
       3.8400000     0.061715067     0.056463984       1.7055446       1.7061066    -0.032943600
       4.0800000     0.061004757     0.055101785       1.8124131       1.8130890    -0.037278924
       4.3200000     0.060254002     0.053665279       1.9193307       1.9201353    -0.041898772
       4.5600000     0.059463280     0.052155942       2.0263004       2.0272493    -0.046807056
       4.8000000     0.058633084     0.050575339       2.1333249       2.1344350    -0.052007935
       5.0400000     0.057763929     0.048925127       2.2404070       2.2416961    -0.057505812
       5.2800000     0.056856347     0.047207053       2.3475494       2.3490364    -0.063305344
       5.5200000     0.055910887     0.045422958       2.4547549       2.4564599    -0.069411440
       5.7600000     0.054928111     0.043574777       2.5620262       2.5639705    -0.075829271
       6.0000000     0.053908598     0.041664541       2.6693661       2.6715719    -0.082564270
       6.2400000     0.052852936     0.039694378       2.7767772       2.7792680    -0.089622137
       6.4800000     0.051761721     0.037666512       2.8842622       2.8870629    -0.097008847
       6.7200000     0.050635561     0.035583267       2.9918238       2.9949604     -0.10473065
       6.9600000     0.049475067     0.033447068       3.0994645       3.1029645     -0.11279408
       7.2000000     0.048280854     0.031260443       3.2071871       3.2110791     -0.12120597
       7.4400000     0.047053538     0.029026024       3.3149939       3.3193082     -0.12997343
       7.6800000     0.045793733     0.026746546       3.4228877       3.4276557     -0.13910388
       7.9200000     0.044502051     0.024424854       3.5308708       3.5361257     -0.14860504
       8.1600000     0.043179095     0.022063901       3.6389458       3.6447222     -0.15848495
       8.4000000     0.041825458     0.019666752       3.7471152       3.7534492     -0.16875198
       8.6400000     0.040441723     0.017236583       3.8553813       3.8623108     -0.17941480
       8.8800000     0.039028452     0.014776689       3.9637465       3.9713111     -0.19048245
       9.1200000     0.037586190     0.012290477       4.0722131       4.0804542     -0.20196427
       9.3600000     0.036115457  9.7814775E-003       4.1807835       4.1897441     -0.21387000
       9.6000000     0.034616745  7.2533416E-003       4.2894599       4.2991850     -0.22620969
       9.8400000     0.033090515  4.7098443E-003       4.3982445       4.4087812     -0.23899380
       10.080000     0.031537188  2.1548877E-003       4.5071394       4.5185367     -0.25223314
       10.320000     0.029957147 -4.0749671E-004       4.6161469       4.6284558     -0.26593891
       10.560000     0.028350724 -2.9731455E-003       4.7252689       4.7385427     -0.28012272
       10.800000     0.026718203 -5.5377603E-003       4.8345075       4.8488016     -0.29479656
       11.040000     0.025059805 -8.0969050E-003       4.9438647       4.9592369     -0.30997286
       11.280000     0.023375689    -0.010646002       5.0533422       5.0698529     -0.32566447
       11.520000     0.021665943    -0.013180332       5.1629420       5.1806539     -0.34188468
       11.760000     0.019930576    -0.015695025       5.2726658       5.2916442     -0.35864722
       12.000000     0.018169510    -0.018185062       5.3825154       5.4028282     -0.37596629
       12.240000     0.016382574    -0.020645272       5.4924924       5.5142104     -0.39385656
       12.480000     0.014569495    -0.023070323       5.6025982       5.6257953     -0.41233320
       12.720000     0.012729887    -0.025454723       5.7128346       5.7375872     -0.43141185
       12.960000     0.010863243    -0.027792815       5.8232027       5.8495907     -0.45110870
       13.200000  8.9689248E-003    -0.030078773       5.9337040       5.9618104     -0.47144045
       13.440000  7.0461495E-003    -0.032306595       6.0443397       6.0742508     -0.49242434
       13.680000  5.0939802E-003    -0.034470105       6.1551109       6.1869165     -0.51407816
       13.920000  3.1113115E-003    -0.036562943       6.2660188       6.2998122     -0.53642030
       14.160000  1.0968566E-003    -0.038578560       6.3770641       6.4129426     -0.55946971
       14.400000 -9.5086795E-004    -0.040510219       6.4882479       6.5263123     -0.58324596
       14.640000 -3.0335576E-003    -0.042350985       6.5995708       6.6399262     -0.60776923
       14.880000 -5.1531372E-003    -0.044093722       6.7110334       6.7537890     -0.63306036
       15.120000 -7.3117789E-003    -0.045731087       6.8226363       6.8679055     -0.65914082
       15.360000 -9.5119223E-003    -0.047255524       6.9343798       6.9822806     -0.68603278
       15.600000    -0.011756295    -0.048659261       7.0462643       7.0969192     -0.71375907
       15.840000    -0.014047936    -0.049934301       7.1582898       7.2118263     -0.74234327
       16.080000    -0.016390221    -0.051072420       7.2704563       7.3270068     -0.77180966
       16.320000    -0.018786886    -0.052065155       7.3827636       7.4424659     -0.80218328
       16.560000    -0.021242061    -0.052903805       7.4952115       7.5582085     -0.83348996
       16.800000    -0.023760297    -0.053579419       7.6077995       7.6742397     -0.86575628
       17.040000    -0.026346603    -0.054082791       7.7205269       7.7905649     -0.89900966
       17.280000    -0.029006482    -0.054404453       7.8333930       7.9071891     -0.93327836
       17.520000    -0.031745969    -0.054534670       7.9463967       8.0241176     -0.96859145
       17.760000    -0.034571680    -0.054463429       8.0595369       8.1413558      -1.0049789
       18.000000    -0.037490854    -0.054180435       8.1728122       8.2589090      -1.0424716
       18.240000    -0.040511411    -0.053675100       8.2862211       8.3767826      -1.0811013
       18.480000    -0.043642004    -0.052936540       8.3997618       8.4949821      -1.1209007
       18.720000    -0.046892087    -0.051953561       8.5134324       8.6135131      -1.1619035
       18.960000    -0.050271983    -0.050714656       8.6272305       8.7323810      -1.2041442
       19.200000    -0.053792959    -0.049207993       8.7411538       8.8515915      -1.2476585
       19.440000    -0.057467312    -0.047421408       8.8551997       8.9711503      -1.2924830
       19.680000    -0.061308462    -0.045342396       8.9693651       9.0910631      -1.3386554
       19.920000    -0.065331059    -0.042958102       9.0836469       9.2113358      -1.3862142
       20.160000    -0.069551096    -0.040255312       9.1980417       9.3319741      -1.4351991
       20.400000    -0.073986038    -0.037220443       9.3125458       9.4529841      -1.4856509
       20.640000    -0.078654972    -0.033839536       9.4271551       9.5743717      -1.5376113
       20.880000    -0.083578765    -0.030098241       9.5418654       9.6961430      -1.5911230
       21.120000    -0.088780246    -0.025981813       9.6566721       9.8183040      -1.6462300
       21.360000    -0.094284420    -0.021475099       9.7715704       9.9408610      -1.7029768
       21.600000     -0.10011870    -0.016562531       9.8865551       10.063820      -1.7614094
       21.840000     -0.10631317    -0.011228112       10.001621       10.187188      -1.8215744
       22.080000     -0.11290090 -5.4554088E-003       10.116761       10.310971      -1.8835193
       22.320000     -0.11991829  7.7245982E-004       10.231971       10.435175      -1.9472925
       22.560000     -0.12740548  7.4728311E-003       10.347244       10.559806      -2.0129430
       22.800000     -0.13540681     0.014663510       10.462572       10.684873      -2.0805205
       23.040000     -0.14397139     0.022362778       10.577949       10.810381      -2.1500750
       23.280000     -0.15315370     0.030589405       10.693368       10.936336      -2.2216569
       23.520000     -0.16301436     0.039362656       10.808822       11.062747      -2.2953164
       23.760000     -0.17362105     0.048702303       10.924302       11.189619      -2.3711037
       24.000000     -0.18504951     0.058628637       11.039800       11.316960      -2.4490681
