Results for:	
File:	C:\Users\User\OneDrive - Massachusetts Institute of Technology\Documents\MIT\Grad School\Classes\2.156\Lens Project\Prime Lenses\US03012476-1.zmx
Title:	
Date:	11/7/2025 5:45:10 PM

0 message(s) in output.
3 series table(s) in output.

Table series: Data for wavelength : 0.486133 µm.
   Y Angle (deg)       Tan Shift       Sag Shift     Real Height     Ref. Height      Distortion
  --------------  --------------  --------------  --------------  --------------  --------------
      0.00000000  4.5388764E-003  4.5388764E-003      0.00000000      0.00000000      0.00000000
      0.27000000  4.5084893E-003  4.4845882E-003      0.12016138      0.12016140 -1.5551326E-005
      0.54000000  4.4175702E-003  4.3218055E-003      0.24032802      0.24032813 -4.7853726E-005
      0.81000000  4.2662661E-003  4.0507748E-003      0.36050518      0.36050554 -1.0193270E-004
       1.0800000  4.0548205E-003  3.6719066E-003      0.48069811      0.48069897 -1.7814250E-004
       1.3500000  3.7835732E-003  3.1857764E-003      0.60091209      0.60091375 -2.7698808E-004
       1.6200000  3.4529603E-003  2.5931253E-003      0.72115236      0.72115524 -3.9911552E-004
       1.8900000  3.0635140E-003  1.8948604E-003      0.84142419      0.84142878 -5.4531443E-004
       2.1600000  2.6158618E-003  1.0920557E-003      0.96173284      0.96173973 -7.1651781E-004
       2.4300000  2.1107266E-003  1.8595379E-004       1.0820836       1.0820935 -9.1380203E-004
       2.7000000  1.5489261E-003 -8.2203374E-004       1.2024816       1.2024953 -1.1383867E-003
       2.9700000  9.3137204E-004 -1.9303243E-003       1.3229323       1.3229507 -1.3916346E-003
       3.2400000  2.5906980E-004 -3.1371628E-003       1.4434409       1.4434651 -1.6750513E-003
       3.5100000 -4.6688239E-004 -4.4406201E-003       1.5640126       1.5640437 -1.9902851E-003
       3.7800000 -1.2452942E-003 -5.8385909E-003       1.6846526       1.6846920 -2.3391268E-003
       4.0500000 -2.0748842E-003 -7.3287913E-003       1.8053664       1.8054156 -2.7235092E-003
       4.3200000 -2.9542805E-003 -8.9087571E-003       1.9261591       1.9262196 -3.1455068E-003
       4.5900000 -3.8820224E-003    -0.010575841       2.0470359       2.0471098 -3.6073350E-003
       4.8600000 -4.8565610E-003    -0.012327208       2.1680023       2.1680914 -4.1113500E-003
       5.1300000 -5.8762608E-003    -0.014159837       2.2890634       2.2891701 -4.6600474E-003
       5.4000000 -6.9394013E-003    -0.016070514       2.4102245       2.4103512 -5.2560620E-003
       5.6700000 -8.0441783E-003    -0.018055827       2.5314909       2.5316403 -5.9021662E-003
       5.9400000 -9.1887056E-003    -0.020112168       2.6528679       2.6530430 -6.6012691E-003
       6.2100000    -0.010371017    -0.022235725       2.7743607       2.7745648 -7.3564151E-003
       6.4800000    -0.011589069    -0.024422479       2.8959746       2.8962113 -8.1707819E-003
       6.7500000    -0.012840742    -0.026668199       3.0177150       3.0179880 -9.0476792E-003
       7.0200000    -0.014123844    -0.028968438       3.1395870       3.1399007 -9.9905461E-003
       7.2900000    -0.015436111    -0.031318531       3.2615960       3.2619550    -0.011002949
       7.5600000    -0.016775213    -0.033713582       3.3837474       3.3841565    -0.012088578
       7.8300000    -0.018138755    -0.036148467       3.5060463       3.5065109    -0.013251245
       8.1000000    -0.019524283    -0.038617825       3.6284980       3.6290240    -0.014494878
       8.3700000    -0.020929284    -0.041116049       3.7511080       3.7517016    -0.015823521
       8.6400000    -0.022351194    -0.043637285       3.8738814       3.8745494    -0.017241324
       8.9100000    -0.023787400    -0.046175420       3.9968237       3.9975733    -0.018752542
       9.1800000    -0.025235248    -0.048724080       4.1199400       4.1207791    -0.020361528
       9.4500000    -0.026692043    -0.051276618       4.2432359       4.2441727    -0.022072725
       9.7200000    -0.028155063    -0.053826108       4.3667165       4.3677600    -0.023890661
       9.9900000    -0.029621558    -0.056365338       4.4903873       4.4915470    -0.025819941
       10.260000    -0.031088761    -0.058886799       4.6142535       4.6155396    -0.027865234
       10.530000    -0.032553895    -0.061382675       4.7383206       4.7397440    -0.030031270
       10.800000    -0.034014183    -0.063844839       4.8625939       4.8641662    -0.032322822
       11.070000    -0.035466854    -0.066264835       4.9870789       4.9888122    -0.034744696
       11.340000    -0.036909158    -0.068633872       5.1117808       5.1136883    -0.037301720
       11.610000    -0.038338373    -0.070942814       5.2367052       5.2388007    -0.039998726
       11.880000    -0.039751818    -0.073182163       5.3618575       5.3641556    -0.042840533
       12.150000    -0.041146870    -0.075342051       5.4872431       5.4897592    -0.045831932
       12.420000    -0.042520975    -0.077412225       5.6128676       5.6156180    -0.048977661
       12.690000    -0.043871667    -0.079382033       5.7387363       5.7417383    -0.052282386
       12.960000    -0.045196583    -0.081240411       5.8648550       5.8681265    -0.055750675
       13.230000    -0.046493486    -0.082975865       5.9912290       5.9947891    -0.059386969
       13.500000    -0.047760285    -0.084576459       6.1178641       6.1217327    -0.063195558
       13.770000    -0.048995060    -0.086029794       6.2447658       6.2489639    -0.067180541
       14.040000    -0.050196087    -0.087322993       6.3719400       6.3764893    -0.071345792
       14.310000    -0.051361869    -0.088442678       6.4993922       6.5043156    -0.075694923
       14.580000    -0.052491167    -0.089374958       6.6271283       6.6324496    -0.080231238
       14.850000    -0.053583037    -0.090105400       6.7551542       6.7608981    -0.084957683
       15.120000    -0.054636868    -0.090619013       6.8834758       6.8896680    -0.089876797
       15.390000    -0.055652427    -0.090900220       7.0120990       7.0187662    -0.094990651
       15.660000    -0.056629909    -0.090932840       7.1410301       7.1481998     -0.10030079
       15.930000    -0.057569989    -0.090700054       7.2702751       7.2779758     -0.10580815
       16.200000    -0.058473882    -0.090184388       7.3998403       7.4081013     -0.11151299
       16.470000    -0.059343413    -0.089367676       7.5297323       7.5385837     -0.11741483
       16.740000    -0.060181090    -0.088231033       7.6599574       7.6694301     -0.12351230
       17.010000    -0.060990188    -0.086754825       7.7905225       7.8006480     -0.12980310
       17.280000    -0.061774842    -0.084918636       7.9214344       7.9322448     -0.13628386
       17.550000    -0.062540155    -0.082701229       8.0527002       8.0642280     -0.14295001
       17.820000    -0.063292311    -0.080080512       8.1843270       8.1966051     -0.14979567
       18.090000    -0.064038712    -0.077033500       8.3163224       8.3293840     -0.15681349
       18.360000    -0.064788125    -0.073536269       8.4486940       8.4625722     -0.16399446
       18.630000    -0.065550850    -0.069563920       8.5814500       8.5961777     -0.17132780
       18.900000    -0.066338912    -0.065090527       8.7145987       8.7302084     -0.17880068
       19.170000    -0.067166274    -0.060089093       8.8481486       8.8646722     -0.18639808
       19.440000    -0.068049081    -0.054531495       8.9821090       8.9995774     -0.19410249
       19.710000    -0.069005940    -0.048388438       9.1164892       9.1349321     -0.20189371
       19.980000    -0.070058233    -0.041629391       9.2512993       9.2707445     -0.20974850
       20.250000    -0.071230483    -0.034222533       9.3865497       9.4070231     -0.21764031
       20.520000    -0.072550757    -0.026134693       9.5222515       9.5437765     -0.22553889
       20.790000    -0.074051149    -0.017331280       9.6584166       9.6810130     -0.23340995
       21.060000    -0.075768322 -7.7762193E-003       9.7950573       9.8187415     -0.24121469
       21.330000    -0.077744128  2.5681167E-003       9.9321869       9.9569708     -0.24890934
       21.600000    -0.080026345     0.013740984       10.069820       10.095710     -0.25644467
       21.870000    -0.082669507     0.025783342       10.207971       10.234967     -0.26376537
       22.140000    -0.085735885     0.038737930       10.346657       10.374753     -0.27080941
       22.410000    -0.089296627     0.052649349       10.485895       10.515075     -0.27750736
       22.680000    -0.093433090     0.067564139       10.625705       10.655944     -0.28378161
       22.950000    -0.098238403     0.083530867       10.766106       10.797369     -0.28954543
       23.220000     -0.10381931      0.10060020       10.907121       10.939359     -0.29470208
       23.490000     -0.11029836      0.11882499       11.048774       11.081925     -0.29914367
       23.760000     -0.11781648      0.13826034       11.191092       11.225076     -0.30274998
       24.030000     -0.12653606      0.15896369       11.334103       11.368822     -0.30538714
       24.300000     -0.13664469      0.18099485       11.477839       11.513173     -0.30690609
       24.570000     -0.14835956      0.20441605       11.622333       11.658140     -0.30714095
       24.840000     -0.16193288      0.22929198       11.767625       11.803733     -0.30590715
       25.110000     -0.17765840      0.25568974       11.913754       11.949962     -0.30299936
       25.380000     -0.19587947      0.28367883       12.060768       12.096839     -0.29818917
       25.650000     -0.21699886      0.31333102       12.208716       12.244374     -0.29122253
       25.920000     -0.24149101      0.34472018       12.357654       12.392579     -0.28181690
       26.190000     -0.26991725      0.37792198       12.507644       12.541463     -0.26965803
       26.460000     -0.30294507      0.41301350       12.658754       12.691040     -0.25439650
       26.730000     -0.34137234      0.45007257       12.811060       12.841319     -0.23564383
       27.000000     -0.38615855      0.48917696       12.964645       12.992314     -0.21296835

Table series: Data for wavelength : 0.587562 µm.
   Y Angle (deg)       Tan Shift       Sag Shift     Real Height     Ref. Height      Distortion
  --------------  --------------  --------------  --------------  --------------  --------------
      0.00000000     0.016670856     0.016670856      0.00000000      0.00000000      0.00000000
      0.27000000     0.016640109     0.016614394      0.12016156      0.12016158 -1.2596750E-005
      0.54000000     0.016548208     0.016445087      0.24032837      0.24032849 -5.0485470E-005
      0.81000000     0.016395304     0.016163179      0.36050566      0.36050607 -1.1388781E-004
       1.0800000     0.016181645     0.015769071      0.48069870      0.48069968 -2.0315451E-004
       1.3500000     0.015907574     0.015263330      0.60091272      0.60091464 -3.1881041E-004
       1.6200000     0.015573535     0.014646683      0.72115297      0.72115630 -4.6151889E-004
       1.8900000     0.015180071     0.013920020      0.84142470      0.84143002 -6.3209078E-004
       2.1600000     0.014727817     0.013084398      0.96173315      0.96174115 -8.3148439E-004
       2.4300000     0.014217510     0.012141035       1.0820836       1.0820951 -1.0608056E-003
       2.7000000     0.013649981     0.011091319       1.2024812       1.2024971 -1.3213076E-003
       2.9700000     0.013026157  9.9368025E-003       1.3229313       1.3229527 -1.6143913E-003
       3.2400000     0.012347061  8.6792095E-003       1.4434391       1.4434672 -1.9416050E-003
       3.5100000     0.011613810  7.3204341E-003       1.5640099       1.5640460 -2.3046443E-003
       3.7800000     0.010827616  5.8625433E-003       1.6846489       1.6846945 -2.7053521E-003
       4.0500000  9.9897824E-003  4.3077790E-003       1.8053614       1.8054182 -3.1457185E-003
       4.3200000  9.1017066E-003  2.6585606E-003       1.9261526       1.9262225 -3.6278806E-003
       4.5900000  8.1648760E-003  9.1748675E-004       2.0470278       2.0471128 -4.1541220E-003
       4.8600000  7.1808682E-003 -9.1266120E-004       2.1679921       2.1680946 -4.7268726E-003
       5.1300000  6.1513496E-003 -2.8289169E-003       2.2890510       2.2891734 -5.3487084E-003
       5.4000000  5.0780741E-003 -4.8281258E-003       2.4102096       2.4103547 -6.0223503E-003
       5.6700000  3.9628813E-003 -6.9069417E-003       2.5314731       2.5316440 -6.7506642E-003
       5.9400000  2.8076951E-003 -9.0618234E-003       2.6528469       2.6530469 -7.5366595E-003
       6.2100000  1.6145217E-003    -0.011289031       2.7743362       2.7745689 -8.3834885E-003
       6.4800000  3.8544794E-004    -0.013584622       2.8959463       2.8962155 -9.2944450E-003
       6.7500000 -8.7736129E-004    -0.015944447       3.0176824       3.0179925    -0.010272963
       7.0200000 -2.1716651E-003    -0.018364146       3.1395498       3.1399053    -0.011322615
       7.2900000 -3.4951493E-003    -0.020839141       3.2615537       3.2619597    -0.012447110
       7.5600000 -4.8454292E-003    -0.023364634       3.3836995       3.3841614    -0.013650293
       7.8300000 -6.2200529E-003    -0.025935602       3.5059923       3.5065161    -0.014936137
       8.1000000 -7.6165041E-003    -0.028546788       3.6284375       3.6290294    -0.016308749
       8.3700000 -9.0322064E-003    -0.031192699       3.7510404       3.7517071    -0.017772358
       8.6400000    -0.010464527    -0.033867597       3.8738061       3.8745551    -0.019331316
       8.9100000    -0.011910781    -0.036565495       3.9967401       3.9975792    -0.020990093
       9.1800000    -0.013368236    -0.039280147       4.1198475       4.1207851    -0.022753272
       9.4500000    -0.014834119    -0.042005044       4.2431338       4.2441789    -0.024625542
       9.7200000    -0.016305620    -0.044733403       4.3666041       4.3677664    -0.026611695
       9.9900000    -0.017779897    -0.047458164       4.4902637       4.4915536    -0.028716616
       10.260000    -0.019254088    -0.050171975       4.6141181       4.6155464    -0.030945277
       10.530000    -0.020725313    -0.052867189       4.7381725       4.7397510    -0.033302729
       10.800000    -0.022190685    -0.055535853       4.8624322       4.8641733    -0.035794090
       11.070000    -0.023647319    -0.058169694       4.9869026       4.9888196    -0.038424539
       11.340000    -0.025092341    -0.060760116       5.1115890       5.1136958    -0.041199296
       11.610000    -0.026522897    -0.063298185       5.2364968       5.2388084    -0.044123620
       11.880000    -0.027936169    -0.065774615       5.3616314       5.3641634    -0.047202783
       12.150000    -0.029329383    -0.068179763       5.4869981       5.4897673    -0.050442063
       12.420000    -0.030699827    -0.070503611       5.6126024       5.6156262    -0.053846720
       12.690000    -0.032044864    -0.072735753       5.7384497       5.7417467    -0.057421982
       12.960000    -0.033361952    -0.074865386       5.8645454       5.8681351    -0.061173016
       13.230000    -0.034648657    -0.076881288       5.9908950       5.9947979    -0.065104911
       13.500000    -0.035902681    -0.078771809       6.1175041       6.1217417    -0.069222649
       13.770000    -0.037121878    -0.080524852       6.2443782       6.2489731    -0.073531072
       14.040000    -0.038304285    -0.082127857       6.3715228       6.3764987    -0.078034858
       14.310000    -0.039448144    -0.083567781       6.4989436       6.5043252    -0.082738479
       14.580000    -0.040551935    -0.084831082       6.6266463       6.6324594    -0.087646163
       14.850000    -0.041614413    -0.085903698       6.7546365       6.7609080    -0.092761856
       15.120000    -0.042634638    -0.086771027       6.8829201       6.8896781    -0.098089171
       15.390000    -0.043612022    -0.087417902       7.0115029       7.0187765     -0.10363134
       15.660000    -0.044546373    -0.087828573       7.1403908       7.1482103     -0.10939114
       15.930000    -0.045437946    -0.087986679       7.2695898       7.2779864     -0.11537087
       16.200000    -0.046287500    -0.087875225       7.3991060       7.4081122     -0.12157225
       16.470000    -0.047096357    -0.087476551       7.5289456       7.5385948     -0.12799634
       16.740000    -0.047866478    -0.086772310       7.6591150       7.6694414     -0.13464349
       17.010000    -0.048600537    -0.085743433       7.7896205       7.8006595     -0.14151324
       17.280000    -0.049302010    -0.084370100       7.9204688       7.9322565     -0.14860419
       17.550000    -0.049975273    -0.082631706       8.0516666       8.0642398     -0.15591393
       17.820000    -0.050625709    -0.080506828       8.1832207       8.1966172     -0.16343892
       18.090000    -0.051259831    -0.077973187       8.3151384       8.3293962     -0.17117431
       18.360000    -0.051885426    -0.075007609       8.4474270       8.4625846     -0.17911388
       18.630000    -0.052511699    -0.071585988       8.5800940       8.5961903     -0.18724979
       18.900000    -0.053149462    -0.067683240       8.7131473       8.7302212     -0.19557249
       19.170000    -0.053811318    -0.063273258       8.8465950       8.8646853     -0.20407046
       19.440000    -0.054511898    -0.058328869       8.9804458       8.9995906     -0.21273006
       19.710000    -0.055268104    -0.052821782       9.1147084       9.1349455     -0.22153526
       19.980000    -0.056099407    -0.046722534       9.2493921       9.2707581     -0.23046740
       20.250000    -0.057028170    -0.040000443       9.3845067       9.4070370     -0.23950493
       20.520000    -0.058080026    -0.032623546       9.5200624       9.5437905     -0.24862307
       20.790000    -0.059284308    -0.024558539       9.6560702       9.6810272     -0.25779350
       21.060000    -0.060674538    -0.015770721       9.7925414       9.8187559     -0.26698398
       21.330000    -0.062288999 -6.2239255E-003       9.9294884       9.9569854     -0.27615794
       21.600000    -0.064171381  4.1195431E-003       10.066924       10.095725     -0.28527403
       21.870000    -0.066371542     0.015298979       10.204862       10.234982     -0.29428564
       22.140000    -0.068946374     0.027355342       10.343318       10.374768     -0.30314032
       22.410000    -0.071960824     0.040331333       10.482307       10.515091     -0.31177919
       22.680000    -0.075489074     0.054271462       10.621846       10.655960     -0.32013629
       22.950000    -0.079615929     0.069222120       10.761955       10.797385     -0.32813781
       23.220000    -0.084438436     0.085231650       10.902652       10.939375     -0.33570127
       23.490000    -0.090067802      0.10235041       11.043960       11.081941     -0.34273466
       23.760000    -0.096631654      0.12063086       11.185902       11.225092     -0.34913539
       24.030000     -0.10427672      0.14012755       11.328503       11.368839     -0.35478919
       24.300000     -0.11317203      0.16089727       11.471792       11.513190     -0.35956893
       24.570000     -0.12351275      0.18299897       11.615799       11.658157     -0.36333319
       24.840000     -0.13552479      0.20649384       11.760557       11.803750     -0.36592482
       25.110000     -0.14947033      0.23144527       11.906103       11.949980     -0.36716928
       25.380000     -0.16565468      0.25791878       12.052477       12.096857     -0.36687278
       25.650000     -0.18443443      0.28598193       12.199722       12.244392     -0.36482031
       25.920000     -0.20622773      0.31570410       12.347888       12.392597     -0.36077343
       26.190000     -0.23152678      0.34715626       12.497026       12.541482     -0.35446789
       26.460000     -0.26091361      0.38041056       12.647197       12.691058     -0.34561102
       26.730000     -0.29507967      0.41553976       12.798464       12.841338     -0.33387896
       27.000000     -0.33485086      0.45261643       12.950899       12.992333     -0.31891379

Table series: Data for wavelength : 0.656273 µm.
   Y Angle (deg)       Tan Shift       Sag Shift     Real Height     Ref. Height      Distortion
  --------------  --------------  --------------  --------------  --------------  --------------
      0.00000000     0.038801626     0.038801626      0.00000000      0.00000000      0.00000000
      0.27000000     0.038770671     0.038744251      0.12015493      0.12015489  3.1368497E-005
      0.54000000     0.038678156     0.038572205      0.24031510      0.24031512 -9.0789859E-006
      0.81000000     0.038524232     0.038285729      0.36048575      0.36048603 -7.6760191E-005
       1.0800000     0.038309148     0.037885223      0.48067212      0.48067295 -1.7200591E-004
       1.3500000     0.038033251     0.037371249      0.60087945      0.60088122 -2.9535801E-004
       1.6200000     0.037696987     0.036744529      0.72111297      0.72111620 -4.4748656E-004
       1.8900000     0.037300899     0.036005949      0.84137794      0.84138323 -6.2921065E-004
       2.1600000     0.036845630     0.035156555      0.96167958      0.96168767 -8.4149844E-004
       2.4300000     0.036331918     0.034197560       1.0820231       1.0820349 -1.0854672E-003
       2.7000000     0.035760601     0.033130341       1.2024139       1.2024302 -1.3623833E-003
       2.9700000     0.035132611     0.031956440       1.3228570       1.3228791 -1.6736624E-003
       3.2400000     0.034448977     0.030677570       1.4433577       1.4433869 -2.0208694E-003
       3.5100000     0.033710823     0.029295610       1.5639214       1.5639590 -2.4057184E-003
       3.7800000     0.032919368     0.027812615       1.6845532       1.6846008 -2.8300725E-003
       4.0500000     0.032075924     0.026230810       1.8052583       1.8053178 -3.2959443E-003
       4.3200000     0.031181897     0.024552597       1.9260421       1.9261154 -3.8054951E-003
       4.5900000     0.030238785     0.022780558       2.0469097       2.0469990 -4.3610352E-003
       4.8600000     0.029248175     0.020917453       2.1678664       2.1679741 -4.9650235E-003
       5.1300000     0.028211745     0.018966228       2.2889175       2.2890461 -5.6200670E-003
       5.4000000     0.027131261     0.016930016       2.4100682       2.4102207 -6.3289208E-003
       5.6700000     0.026008575     0.014812138       2.5313237       2.5315033 -7.0944871E-003
       5.9400000     0.024845625     0.012616109       2.6526893       2.6528994 -7.9198147E-003
       6.2100000     0.023644432     0.010345644       2.7741702       2.7744146 -8.8080981E-003
       6.4800000     0.022407098  8.0046543E-003       2.8957717       2.8960545 -9.7626768E-003
       6.7500000     0.021135806  5.5972603E-003       3.0174991       3.0178246    -0.010787034
       7.0200000     0.019832814  3.1277902E-003       3.1393576       3.1397307    -0.011884794
       7.2900000     0.018500455  6.0078640E-004       3.2613524       3.2617784    -0.013059723
       7.5600000     0.017141133 -1.9789891E-003       3.3834888       3.3839733    -0.014315724
       7.8300000     0.015757324 -4.6065504E-003       3.5057721       3.5063211    -0.015656839
       8.1000000     0.014351565 -7.2766817E-003       3.6282075       3.6288276    -0.017087241
       8.3700000     0.012926457 -9.9839316E-003       3.7508003       3.7514985    -0.018611233
       8.6400000     0.011484659    -0.012722607       3.8735558       3.8743397    -0.020233249
       8.9100000     0.010028884    -0.015486767       3.9964792       3.9973569    -0.021957843
       9.1800000  8.5618931E-003    -0.018270216       4.1195758       4.1205560    -0.023789688
       9.4500000  7.0864910E-003    -0.021066497       4.2428508       4.2439429    -0.025733573
       9.7200000  5.6055214E-003    -0.023868881       4.3663096       4.3675235    -0.027794392
       9.9900000  4.1218600E-003    -0.026670366       4.4899575       4.4913038    -0.029977144
       10.260000  2.6384083E-003    -0.029463660       4.6137996       4.6152898    -0.032286921
       10.530000  1.1580858E-003    -0.032241181       4.7378415       4.7394874    -0.034728902
       10.800000 -3.1617759E-004    -0.034995040       4.8620882       4.8639029    -0.037308343
       11.070000 -1.7814501E-003    -0.037717038       4.9865452       4.9885422    -0.040030569
       11.340000 -3.2348080E-003    -0.040398650       5.1112178       5.1134115    -0.042900962
       11.610000 -4.6733459E-003    -0.043031020       5.2361113       5.2385171    -0.045924946
       11.880000 -6.0941878E-003    -0.045604945       5.3612311       5.3638652    -0.049107979
       12.150000 -7.4945003E-003    -0.048110867       5.4865825       5.4894620    -0.052455533
       12.420000 -8.8715058E-003    -0.050538858       5.6121709       5.6153140    -0.055973078
       12.690000    -0.010222498    -0.052878608       5.7380018       5.7414274    -0.059666065
       12.960000    -0.011544857    -0.055119413       5.8640804       5.8678088    -0.063539905
       13.230000    -0.012836071    -0.057250156       5.9904124       5.9944646    -0.067599947
       13.500000    -0.014093752    -0.059259299       6.1170030       6.1214014    -0.071851450
       13.770000    -0.015315661    -0.061134859       6.2438580       6.2486257    -0.076299558
       14.040000    -0.016499730    -0.062864400       6.3709827       6.3761441    -0.080949271
       14.310000    -0.017644093    -0.064435008       6.4983828       6.5039635    -0.085805408
       14.580000    -0.018747109    -0.065833277       6.6260638       6.6320906    -0.090872573
       14.850000    -0.019807400    -0.067045288       6.7540315       6.7605321    -0.096155114
       15.120000    -0.020823886    -0.068056589       6.8822916       6.8892950     -0.10165708
       15.390000    -0.021795824    -0.068852174       7.0108498       7.0183863     -0.10738216
       15.660000    -0.022722852    -0.069416460       7.1397119       7.1478128     -0.11333366
       15.930000    -0.023605041    -0.069733263       7.2688840       7.2775818     -0.11951441
       16.200000    -0.024442946    -0.069785775       7.3983720       7.4077003     -0.12592671
       16.470000    -0.025237670    -0.069556534       7.5281821       7.5381756     -0.13257227
       16.740000    -0.025990928    -0.069027401       7.6583204       7.6690150     -0.13945213
       17.010000    -0.026705128    -0.068179528       7.7887932       7.8002258     -0.14656655
       17.280000    -0.027383449    -0.066993328       7.9196072       7.9318154     -0.15391497
       17.550000    -0.028029941    -0.065448443       8.0507688       8.0637914     -0.16149585
       17.820000    -0.028649626    -0.063523710       8.1822848       8.1961614     -0.16930656
       18.090000    -0.029248620    -0.061197128       8.3141623       8.3289331     -0.17734332
       18.360000    -0.029834263    -0.058445816       8.4464083       8.4621141     -0.18560100
       18.630000    -0.030415270    -0.055245977       8.5790304       8.5957124     -0.19407298
       18.900000    -0.031001900    -0.051572856       8.7120361       8.7297358     -0.20275101
       19.170000    -0.031606146    -0.047400698       8.8454335       8.8641924     -0.21162504
       19.440000    -0.032241948    -0.042702699       8.9792308       8.9990902     -0.22068295
       19.710000    -0.032925440    -0.037450961       9.1134365       9.1344376     -0.22991043
       19.980000    -0.033675228    -0.031616443       9.2480598       9.2702427     -0.23929068
       20.250000    -0.034512699    -0.025168906       9.3831101       9.4065139     -0.24880415
       20.520000    -0.035462387    -0.018076860       9.5185973       9.5432598     -0.25842830
       20.790000    -0.036552379    -0.010307508       9.6545320       9.6804890     -0.26813721
       21.060000    -0.037814787 -1.8266839E-003       9.7909251       9.8182100     -0.27790130
       21.330000    -0.039286288  7.4012057E-003       9.9277884       9.9564318     -0.28768690
       21.600000    -0.041008745     0.017413246       10.065135       10.095163     -0.29745586
       21.870000    -0.043029922     0.028248081       10.202977       10.234413     -0.30716506
       22.140000    -0.045404318     0.039945977       10.341329       10.374191     -0.31676591
       22.410000    -0.048194126     0.052548892       10.480207       10.514506     -0.32620378
       22.680000    -0.051470354     0.066100545       10.619627       10.655367     -0.33541738
       22.950000    -0.055314137     0.080646482       10.759607       10.796784     -0.34433806
       23.220000    -0.059818265     0.096234144       10.900165       10.938767     -0.35288908
       23.490000    -0.065088991      0.11291293       11.041323       11.081325     -0.36098474
       23.760000    -0.071248152      0.13073425       11.183103       11.224468     -0.36852947
       24.030000    -0.078435692      0.14975158       11.325528       11.368206     -0.37541681
       24.300000    -0.086812658      0.17002052       11.468626       11.512550     -0.38152829
       24.570000    -0.096564774      0.19159878       11.612426       11.657509     -0.38673216
       24.840000     -0.10790674      0.21454622       11.756958       11.803094     -0.39088209
       25.110000     -0.12108740      0.23892481       11.902257       11.949316     -0.39381559
       25.380000     -0.13639602      0.26479858       12.048362       12.096184     -0.39535241
       25.650000     -0.15416994      0.29223349       12.195313       12.243712     -0.39529273
       25.920000     -0.17480393      0.32129729       12.343156       12.391908     -0.39341520
       26.190000     -0.19876175      0.35205922       12.491941       12.540784     -0.38947483
       26.460000     -0.22659051      0.38458962       12.641723       12.690353     -0.38320069
       26.730000     -0.25893859      0.41895944       12.792563       12.840624     -0.37429354
       27.000000     -0.29657828      0.45523945       12.944526       12.991611     -0.36242334
