Results for:	
File:	C:\Users\User\OneDrive - Massachusetts Institute of Technology\Documents\MIT\Grad School\Classes\2.156\Lens Project\Prime Lenses\US20090296231_Example01P.zmx
Title:	US 2009/0296231 Example 1 (Canon EF70-200mm f2.8L IS II USM)
Date:	11/7/2025 5:52:03 PM

0 message(s) in output.
3 series table(s) in output.

Table series: Data for wavelength : 0.486133 µm.
   Y Angle (deg)       Tan Shift       Sag Shift     Real Height     Ref. Height      Distortion
  --------------  --------------  --------------  --------------  --------------  --------------
      0.00000000    -0.033800315    -0.033800315      0.00000000      0.00000000      0.00000000
      0.17145048    -0.033834522    -0.033833801      0.21573797      0.21573863 -3.0373453E-004
      0.34290097    -0.033942563    -0.033934228      0.43147616      0.43148112 -1.1490815E-003
      0.51435145    -0.034124276    -0.034101501      0.64721478      0.64723133 -2.5580747E-003
      0.68580193    -0.034379391    -0.034335460      0.86295404      0.86299314 -4.5307796E-003
      0.85725241    -0.034707531    -0.034635881       1.0786942       1.0787704 -7.0673107E-003
       1.0287029    -0.035108212    -0.035002478       1.2944354       1.2945670    -0.010167815
       1.2001534    -0.035580839    -0.035434897       1.5101779       1.5103868    -0.013832473
       1.3716039    -0.036124710    -0.035932725       1.7259218       1.7262336    -0.018061496
       1.5430543    -0.036739013    -0.036495479       1.9416675       1.9421114    -0.022855130
       1.7145048    -0.037422826    -0.037122616       2.1574151       2.1580240    -0.028213653
       1.8859553    -0.038175113    -0.037813523       2.3731648       2.3739752    -0.034137375
       2.0574058    -0.038994730    -0.038567526       2.5889168       2.5899691    -0.040626640
       2.2288563    -0.039880417    -0.039383882       2.8046714       2.8060093    -0.047681825
       2.4003068    -0.040830801    -0.040261784       3.0204286       3.0220999    -0.055303337
       2.5717572    -0.041844391    -0.041200356       3.2361887       3.2382447    -0.063491618
       2.7432077    -0.042919581    -0.042198657       3.4519519       3.4544477    -0.072247142
       2.9146582    -0.044054647    -0.043255678       3.6677184       3.6707126    -0.081570417
       3.0861087    -0.045247743    -0.044370341       3.8834883       3.8870434    -0.091461982
       3.2575592    -0.046496903    -0.045541499       4.0992618       4.1034441     -0.10192241
       3.4290097    -0.047800037    -0.046767936       4.3150390       4.3199185     -0.11295230
       3.6004601    -0.049154930    -0.048048368       4.5308202       4.5364705     -0.12455230
       3.7719106    -0.050559240    -0.049381437       4.7466055       4.7531041     -0.13672307
       3.9433611    -0.052010494    -0.050765716       4.9623950       4.9698231     -0.14946532
       4.1148116    -0.053506089    -0.052199704       5.1781888       5.1866316     -0.16277978
       4.2862621    -0.055043290    -0.053681828       5.3939872       5.4035335     -0.17666722
       4.4577125    -0.056619223    -0.055210440       5.6097902       5.6205327     -0.19112845
       4.6291630    -0.058230878    -0.056783819       5.8255980       5.8376331     -0.20616428
       4.8006135    -0.059875103    -0.058400167       6.0414107       6.0548388     -0.22177559
       4.9720640    -0.061548602    -0.060057610       6.2572283       6.2721537     -0.23796327
       5.1435145    -0.063247935    -0.061754194       6.4730510       6.4895818     -0.25472826
       5.3149650    -0.064969510    -0.063487890       6.6888788       6.7071270     -0.27207151
       5.4864154    -0.066709585    -0.065256586       6.9047119       6.9247933     -0.28999402
       5.6578659    -0.068464263    -0.067058089       7.1205502       7.1425849     -0.30849680
       5.8293164    -0.070229488    -0.068890126       7.3363940       7.3605056     -0.32758093
       6.0007669    -0.072001045    -0.070750337       7.5522431       7.5785595     -0.34724747
       6.1722174    -0.073774552    -0.072636280       7.7680977       7.7967506     -0.36749756
       6.3436679    -0.075545461    -0.074545426       7.9839578       8.0150830     -0.38833234
       6.5151183    -0.077309052    -0.076475157       8.1998234       8.2335607     -0.40975299
       6.6865688    -0.079060431    -0.078422767       8.4156945       8.4521877     -0.43176072
       6.8580193    -0.080794525    -0.080385460       8.6315711       8.6709682     -0.45435677
       7.0294698    -0.082506079    -0.082360345       8.8474532       8.8899063     -0.47754241
       7.2009203    -0.084189655    -0.084344440       9.0633408       9.1090060     -0.50131894
       7.3723707    -0.085839622    -0.086334665       9.2792338       9.3282714     -0.52568769
       7.5438212    -0.087450157    -0.088327846       9.4951322       9.5477066     -0.55065001
       7.7152717    -0.089015240    -0.090320705       9.7110359       9.7673159     -0.57620730
       7.8867222    -0.090528650    -0.092309868       9.9269449       9.9871033     -0.60236095
       8.0581727    -0.091983960    -0.094291854       10.142859       10.207073     -0.62911242
       8.2296232    -0.093374534    -0.096263080       10.358778       10.427229     -0.65646316
       8.4010736    -0.094693523    -0.098219852       10.574702       10.647576     -0.68441467
       8.5725241    -0.095933857     -0.10015837       10.790631       10.868117     -0.71296846
       8.7439746    -0.097088249     -0.10207472       11.006565       11.088858     -0.74212607
       8.9154251    -0.098149181     -0.10396489       11.222503       11.309802     -0.77188907
       9.0868756    -0.099108907     -0.10582471       11.438445       11.530954     -0.80225903
       9.2583261    -0.099959445     -0.10764994       11.654392       11.752317     -0.83323757
       9.4297765     -0.10069257     -0.10943620       11.870343       11.973896     -0.86482631
       9.6012270     -0.10129983     -0.11117897       12.086297       12.195696     -0.89702690
       9.7726775     -0.10177249     -0.11287363       12.302255       12.417720     -0.92984100
       9.9441280     -0.10210161     -0.11451540       12.518216       12.639974     -0.96327029
       10.115578     -0.10227794     -0.11609941       12.734181       12.862460     -0.99731646
       10.287029     -0.10229202     -0.11762062       12.950148       13.085185      -1.0319812
       10.458479     -0.10213409     -0.11907385       13.166118       13.308151      -1.0672663
       10.629930     -0.10179413     -0.12045381       13.382089       13.531364      -1.1031734
       10.801380     -0.10126185     -0.12175504       13.598063       13.754828      -1.1397043
       10.972831     -0.10052668     -0.12297193       13.814039       13.978547      -1.1768607
       11.144281    -0.099577777     -0.12409874       14.030015       14.202525      -1.2146443
       11.315732    -0.098403994     -0.12512955       14.245993       14.426768      -1.2530570
       11.487182    -0.096993910     -0.12605830       14.461971       14.651280      -1.2921004
       11.658633    -0.095335806     -0.12687874       14.677949       14.876065      -1.3317763
       11.830083    -0.093417670     -0.12758449       14.893927       15.101128      -1.3720864
       12.001534    -0.091227189     -0.12816898       15.109905       15.326473      -1.4130325
       12.172984    -0.088751751     -0.12862546       15.325881       15.552104      -1.4546162
       12.344435    -0.085978439     -0.12894699       15.541856       15.778028      -1.4968392
       12.515885    -0.082894028     -0.12912648       15.757829       16.004247      -1.5397033
       12.687336    -0.079484988     -0.12915662       15.973800       16.230767      -1.5832100
       12.858786    -0.075737478     -0.12902992       16.189769       16.457593      -1.6273609
       13.030237    -0.071637348     -0.12873868       16.405734       16.684729      -1.6721577
       13.201687    -0.067170135     -0.12827500       16.621695       16.912179      -1.7176018
       13.373138    -0.062321068     -0.12763078       16.837653       17.139949      -1.7636948
       13.544588    -0.057075065     -0.12679768       17.053606       17.368043      -1.8104381
       13.716039    -0.051416735     -0.12576716       17.269554       17.596467      -1.8578330
       13.887489    -0.045330380     -0.12453045       17.485497       17.825224      -1.9058809
       14.058940    -0.038800000     -0.12307852       17.701434       18.054320      -1.9545830
       14.230390    -0.031809293     -0.12140213       17.917364       18.283760      -2.0039404
       14.401841    -0.024341665     -0.11949177       18.133288       18.513548      -2.0539543
       14.573291    -0.016380230     -0.11733769       18.349205       18.743690      -2.1046256
       14.744741 -7.9078235E-003     -0.11492987       18.565115       18.974190      -2.1559551
       14.916192  1.0929945E-003     -0.11225801       18.781016       19.205053      -2.2079435
       15.087642     0.010639926     -0.10931154       18.996909       19.436284      -2.2605916
       15.259093     0.020750923     -0.10607961       19.212794       19.667889      -2.3138997
       15.430543     0.031444177     -0.10255105       19.428670       19.899873      -2.3678681
       15.601994     0.042738100    -0.098714416       19.644537       20.132240      -2.4224970
       15.773444     0.054651307    -0.094557922       19.860394       20.364996      -2.4777863
       15.944895     0.067202598    -0.090069467       20.076242       20.598145      -2.5337359
       16.116345     0.080410932    -0.085236615       20.292081       20.831693      -2.5903451
       16.287796     0.094295400    -0.080046578       20.507909       21.065646      -2.6476133
       16.459246      0.10887520    -0.074486213       20.723728       21.300008      -2.7055394
       16.630697      0.12416959    -0.068542006       20.939537       21.534785      -2.7641224
       16.802147      0.14019788    -0.062200057       21.155337       21.769982      -2.8233605
       16.973598      0.15697935    -0.055446069       21.371127       22.005604      -2.8832519
       17.145048      0.17453322    -0.048265337       21.586909       22.241658      -2.9437943

Table series: Data for wavelength : 0.587562 µm.
   Y Angle (deg)       Tan Shift       Sag Shift     Real Height     Ref. Height      Distortion
  --------------  --------------  --------------  --------------  --------------  --------------
      0.00000000  1.8520592E-003  1.8520592E-003      0.00000000      0.00000000      0.00000000
      0.17145048  1.8161745E-003  1.8179122E-003      0.21584608      0.21584668 -2.8169608E-004
      0.34290097  1.7053322E-003  1.7155027E-003      0.43169237      0.43169724 -1.1268032E-003
      0.51435145  1.5196897E-003  1.5449255E-003      0.64753910      0.64755552 -2.5353650E-003
      0.68580193  1.2595090E-003  1.3063386E-003      0.86338648      0.86342540 -4.5074594E-003
      0.85725241  9.2515603E-004  9.9996331E-004       1.0792347       1.0793107 -7.0431945E-003
       1.0287029  5.1710200E-004  6.2608427E-004       1.2950840       1.2952154    -0.010142709
       1.2001534  3.5923169E-005  1.8504983E-004       1.5109347       1.5111433    -0.013806172
       1.3716039 -5.1769829E-004 -3.2272794E-004       1.7267868       1.7270983    -0.018033785
       1.5430543 -1.1429737E-003 -8.9677303E-004       1.9426406       1.9430842    -0.022825779
       1.7145048 -1.8390074E-003 -1.5365451E-003       2.1584964       2.1591049    -0.028182415
       1.8859553 -2.6047953E-003 -2.2414394E-003       2.3743543       2.3751643    -0.034103987
       2.0574058 -3.4392248E-003 -3.0107862E-003       2.5902145       2.5912663    -0.040590819
       2.2288563 -4.3410729E-003 -3.8438506E-003       2.8060773       2.8074148    -0.047643264
       2.4003068 -5.3090055E-003 -4.7398322E-003       3.0219427       3.0236136    -0.055261709
       2.5717572 -6.3415762E-003 -5.6978645E-003       3.2378111       3.2398667    -0.063446569
       2.7432077 -7.4372248E-003 -6.7170143E-003       3.4536826       3.4561779    -0.072198291
       2.9146582 -8.5942759E-003 -7.7962819E-003       3.6695574       3.6725512    -0.081517353
       3.0861087 -9.8109374E-003 -8.9345994E-003       3.8854357       3.8889904    -0.091404262
       3.2575592    -0.011085299    -0.010130831       4.1013176       4.1054994     -0.10185956
       3.4290097    -0.012415330    -0.011383773       4.3172033       4.3220822     -0.11288381
       3.6004601    -0.013798878    -0.012692152       4.5330930       4.5387427     -0.12447762
       3.7719106    -0.015233667    -0.014054622       4.7489868       4.7554848     -0.13664162
       3.9433611    -0.016717295    -0.015469771       4.9648849       4.9723124     -0.14937646
       4.1148116    -0.018247232    -0.016936111       5.1807875       5.1892295     -0.16268285
       4.2862621    -0.019820817    -0.018452085       5.3966947       5.4062400     -0.17656150
       4.4577125    -0.021435258    -0.020016060       5.6126066       5.6233479     -0.19101316
       4.6291630    -0.023087628    -0.021626330       5.8285233       5.8405571     -0.20603861
       4.8006135    -0.024774861    -0.023281115       6.0444450       6.0578716     -0.22163868
       4.9720640    -0.026493753    -0.024978558       6.2603717       6.2752953     -0.23781420
       5.1435145    -0.028240956    -0.026716725       6.4763037       6.4928322     -0.25456604
       5.3149650    -0.030012978    -0.028493604       6.6922409       6.7104864     -0.27189511
       5.4864154    -0.031806176    -0.030307103       6.9081836       6.9282618     -0.28980233
       5.6578659    -0.033616758    -0.032155052       7.1241316       7.1461624     -0.30828867
       5.8293164    -0.035440778    -0.034035196       7.3400852       7.3641923     -0.32735512
       6.0007669    -0.037274132    -0.035945201       7.5560444       7.5823554     -0.34700269
       6.1722174    -0.039112554    -0.037882646       7.7720093       7.8006558     -0.36723244
       6.3436679    -0.040951616    -0.039845025       7.9879798       8.0190975     -0.38804544
       6.5151183    -0.042786722    -0.041829747       8.2039561       8.2376847     -0.40944279
       6.6865688    -0.044613105    -0.043834130       8.4199381       8.4564212     -0.43142562
       6.8580193    -0.046425823    -0.045855405       8.6359259       8.6753113     -0.45399510
       7.0294698    -0.048219758    -0.047890709       8.8519194       8.8943591     -0.47715241
       7.2009203    -0.049989608    -0.049937087       9.0679187       9.1135685     -0.50089876
       7.3723707    -0.051729888    -0.051991491       9.2839238       9.3329437     -0.52523539
       7.5438212    -0.053434921    -0.054050773       9.4999346       9.5524889     -0.55016357
       7.7152717    -0.055098840    -0.056111690       9.7159510       9.7722081     -0.57568458
       7.8867222    -0.056715578    -0.058170898       9.9319731       9.9921056     -0.60179974
       8.0581727    -0.058278869    -0.060224950       10.148001       10.212185     -0.62851039
       8.2296232    -0.059782240    -0.062270296       10.364034       10.432452     -0.65581789
       8.4010736    -0.061219010    -0.064303279       10.580073       10.652909     -0.68372362
       8.5725241    -0.062582285    -0.066320136       10.796116       10.873561     -0.71222898
       8.7439746    -0.063864952    -0.068316990       11.012166       11.094412     -0.74133541
       8.9154251    -0.065059675    -0.070289855       11.228220       11.315467     -0.77104434
       9.0868756    -0.066158895    -0.072234628       11.444279       11.536729     -0.80135725
       9.2583261    -0.067154819    -0.074147088       11.660343       11.758203     -0.83227561
       9.4297765    -0.068039423    -0.076022895       11.876411       11.979894     -0.86380093
       9.6012270    -0.068804442    -0.077857586       12.092484       12.201804     -0.89593471
       9.7726775    -0.069441365    -0.079646575       12.308562       12.423940     -0.92867849
       9.9441280    -0.069941439    -0.081385145       12.524643       12.646305     -0.96203381
       10.115578    -0.070295653    -0.083068447       12.740728       12.868903     -0.99600221
       10.287029    -0.070494745    -0.084691503       12.956817       13.091739      -1.0305853
       10.458479    -0.070529189    -0.086249193       13.172909       13.314817      -1.0657845
       10.629930    -0.070389197    -0.087736260       13.389005       13.538141      -1.1016016
       10.801380    -0.070064710    -0.089147302       13.605103       13.761717      -1.1380380
       10.972831    -0.069545400    -0.090476772       13.821205       13.985548      -1.1750953
       11.144281    -0.068820660    -0.091718970       14.037308       14.209639      -1.2127752
       11.315732    -0.067879604    -0.092868044       14.253414       14.433994      -1.2510792
       11.487182    -0.066711063    -0.093917985       14.469521       14.658619      -1.2900088
       11.658633    -0.065303579    -0.094862620       14.685630       14.883516      -1.3295656
       11.830083    -0.063645407    -0.095695613       14.901740       15.108691      -1.3697512
       12.001534    -0.061724507    -0.096410457       15.117851       15.334149      -1.4105671
       12.172984    -0.059528543    -0.097000471       15.333962       15.559894      -1.4520147
       12.344435    -0.057044883    -0.097458797       15.550074       15.785931      -1.4940956
       12.515885    -0.054260593    -0.097778391       15.766185       16.012263      -1.5368113
       12.687336    -0.051162437    -0.097952024       15.982296       16.238897      -1.5801631
       12.858786    -0.047736876    -0.097972274       16.198406       16.465836      -1.6241524
       13.030237    -0.043970067    -0.097831521       16.414515       16.693086      -1.6687807
       13.201687    -0.039847862    -0.097521941       16.630622       16.920650      -1.7140491
       13.373138    -0.035355810    -0.097035502       16.846727       17.148534      -1.7599589
       13.544588    -0.030479155    -0.096363958       17.062830       17.376743      -1.8065114
       13.716039    -0.025202839    -0.095498842       17.278930       17.605281      -1.8537075
       13.887489    -0.019511503    -0.094431463       17.495027       17.834152      -1.9015485
       14.058940    -0.013389494    -0.093152894       17.711121       18.063363      -1.9500352
       14.230390 -6.8208627E-003    -0.091653971       17.927212       18.292918      -1.9991685
       14.401841  2.1062606E-004    -0.089925283       18.143298       18.522821      -2.0489491
       14.573291  7.7214902E-003    -0.087957166       18.359380       18.753078      -2.0993778
       14.744741     0.015728521    -0.085739694       18.575458       18.983693      -2.1504552
       14.916192     0.024248778    -0.083262675       18.791530       19.214672      -2.2021815
       15.087642     0.033299574    -0.080515637       19.007598       19.446020      -2.2545571
       15.259093     0.042898466    -0.077487825       19.223661       19.677741      -2.3075822
       15.430543     0.053063240    -0.074168189       19.439718       19.909840      -2.3612566
       15.601994     0.063811897    -0.070545377       19.655770       20.142324      -2.4155802
       15.773444     0.075162633    -0.066607724       19.871816       20.375196      -2.4705525
       15.944895     0.087133819    -0.062343241       20.087857       20.608462      -2.5261729
       16.116345     0.099743977    -0.057739607       20.303892       20.842128      -2.5824406
       16.287796      0.11301175    -0.052784156       20.519922       21.076197      -2.6393543
       16.459246      0.12695589    -0.047463866       20.735947       21.310677      -2.6969128
       16.630697      0.14159518    -0.041765349       20.951966       21.545571      -2.7551142
       16.802147      0.15694845    -0.035674833       21.167981       21.780886      -2.8139567
       16.973598      0.17303451    -0.029178154       21.383993       22.016627      -2.8734377
       17.145048      0.18987207    -0.022260740       21.600000       22.252798      -2.9335547

Table series: Data for wavelength : 0.656273 µm.
   Y Angle (deg)       Tan Shift       Sag Shift     Real Height     Ref. Height      Distortion
  --------------  --------------  --------------  --------------  --------------  --------------
      0.00000000      0.11482161      0.11482161      0.00000000      0.00000000      0.00000000
      0.17145048      0.11478565      0.11478737      0.21591453      0.21591533 -3.7044180E-004
      0.34290097      0.11467533      0.11468468      0.43182928      0.43183454 -1.2162806E-003
      0.51435145      0.11449080      0.11451364      0.64774446      0.64776147 -2.6259698E-003
      0.68580193      0.11423233      0.11427441      0.86366028      0.86370001 -4.5996403E-003
      0.85725241      0.11390027      0.11396720       1.0795770       1.0796540 -7.1373978E-003
       1.0287029      0.11349509      0.11359230       1.2954947       1.2956274    -0.010239378
       1.2001534      0.11301737      0.11315006       1.5114137       1.5116239    -0.013905747
       1.3716039      0.11246776      0.11264089       1.7273342       1.7276476    -0.018136700
       1.5430543      0.11184707      0.11206527       1.9432564       1.9437022    -0.022932465
       1.7145048      0.11115616      0.11142372       2.1591805       2.1597916    -0.028293297
       1.8859553      0.11039603      0.11071686       2.3751067       2.3759197    -0.034219483
       2.0574058      0.10956779      0.10994536       2.5910352       2.5920905    -0.040711340
       2.2288563      0.10867264      0.10910994       2.8069662       2.8083077    -0.047769214
       2.4003068      0.10771190      0.10821141       3.0228999       3.0245753    -0.055393483
       2.5717572      0.10668700      0.10725063       3.2388364       3.2408971    -0.063584554
       2.7432077      0.10559948      0.10622854       3.4547761       3.4572771    -0.072342862
       2.9146582      0.10445100      0.10514612       3.6707189       3.6737192    -0.081668876
       3.0861087      0.10324334      0.10400444       3.8866652       3.8902272    -0.091563093
       3.2575592      0.10197837      0.10280465       4.1026151       4.1068051     -0.10202604
       3.4290097      0.10065812      0.10154793       4.3185688       4.3234568     -0.11305827
       3.6004601     0.099284696      0.10023557       4.5345264       4.5401862     -0.12466038
       3.7719106     0.097860363     0.098868890       4.7504881       4.7569973     -0.13683297
       3.9433611     0.096387494     0.097449317       4.9664541       4.9738938     -0.14957671
       4.1148116     0.094868591     0.095978329       5.1824244       5.1908799     -0.16289225
       4.2862621     0.093306285     0.094457481       5.3983992       5.4079595     -0.17678032
       4.4577125     0.091703337     0.092888401       5.6143788       5.6251364     -0.19124163
       4.6291630     0.090062645     0.091272790       5.8303631       5.8424147     -0.20627697
       4.8006135     0.088387241     0.089612427       6.0463523       6.0597982     -0.22188711
       4.9720640     0.086680293     0.087909162       6.2623466       6.2772911     -0.23807289
       5.1435145     0.084945116     0.086164927       6.4783460       6.4948973     -0.25483516
       5.3149650     0.083185164     0.084381727       6.6943506       6.7126207     -0.27217480
       5.4864154     0.081404041     0.082561650       6.9103606       6.9304653     -0.29009271
       5.6578659     0.079605499     0.080706861       7.1263759       7.1484353     -0.30858984
       5.8293164     0.077793445     0.078819609       7.3423967       7.3665345     -0.32766715
       6.0007669     0.075971941     0.076902224       7.5584231       7.5847670     -0.34732563
       6.1722174     0.074145206     0.074957121       7.7744551       7.8031368     -0.36756632
       6.3436679     0.072317626     0.072986798       7.9904927       8.0216480     -0.38839025
       6.5151183     0.070493749     0.070993843       8.2065360       8.2403046     -0.40979851
       6.6865688     0.068678295     0.068980929       8.4225850       8.4591108     -0.43179220
       6.8580193     0.066876156     0.066950821       8.6386397       8.6780705     -0.45437245
       7.0294698     0.065092399     0.064906373       8.8547002       8.8971879     -0.47754041
       7.2009203     0.063332274     0.062850533       9.0707664       9.1164670     -0.50129727
       7.3723707     0.061601212     0.060786344       9.2868383       9.3359120     -0.52564424
       7.5438212     0.059904835     0.058716943       9.5029160       9.5555270     -0.55058255
       7.7152717     0.058248954     0.056645568       9.7189992       9.7753162     -0.57611345
       7.8867222     0.056639577     0.054575555       9.9350881       9.9952836     -0.60223822
       8.0581727     0.055082911     0.052510341       10.151183       10.215433     -0.62895817
       8.2296232     0.053585366     0.050453468       10.367283       10.435770     -0.65627462
       8.4010736     0.052153561     0.048408583       10.583388       10.656297     -0.68418891
       8.5725241     0.050794327     0.046379443       10.799499       10.877019     -0.71270242
       8.7439746     0.049514710     0.044369912       11.015614       11.097941     -0.74181653
       8.9154251     0.048321977     0.042383968       11.231736       11.319066     -0.77153264
       9.0868756     0.047223620     0.040425704       11.447861       11.540398     -0.80185217
       9.2583261     0.046227358     0.038499330       11.663992       11.761943     -0.83277657
       9.4297765     0.045341145     0.036609175       11.880128       11.983704     -0.86430729
       9.6012270     0.044573172     0.034759690       12.096268       12.205685     -0.89644580
       9.7726775     0.043931871     0.032955453       12.312412       12.427891     -0.92919358
       9.9441280     0.043425921     0.031201167       12.528561       12.650327     -0.96255211
       10.115578     0.043064250     0.029501669       12.744713       12.872996     -0.99652291
       10.287029     0.042856041     0.027861925       12.960870       13.095902      -1.0311075
       10.458479     0.042810736     0.026287041       13.177029       13.319051      -1.0663073
       10.629930     0.042938038     0.024782260       13.393193       13.542447      -1.1021240
       10.801380     0.043247918     0.023352972       13.609359       13.766094      -1.1385590
       10.972831     0.043750617     0.022004711       13.825528       13.989996      -1.1756139
       11.144281     0.044456650     0.020743159       14.041699       14.214158      -1.2132901
       11.315732     0.045376812     0.019574154       14.257873       14.438585      -1.2515892
       11.487182     0.046522177     0.018503692       14.474049       14.663281      -1.2905126
       11.658633     0.047904104     0.017537928       14.690227       14.888250      -1.3300620
       11.830083     0.049534243     0.016683181       14.906406       15.113497      -1.3702387
       12.001534     0.051424531     0.015945943       15.122586       15.339026      -1.4110443
       12.172984     0.053587201     0.015332876       15.338767       15.564843      -1.4524801
       12.344435     0.056034782     0.014850822       15.554948       15.790951      -1.4945475
       12.515885     0.058780101     0.014506804       15.771130       16.017356      -1.5372481
       12.687336     0.061836283     0.014308034       15.987311       16.244062      -1.5805830
       12.858786     0.065216757     0.014261913       16.203492       16.471073      -1.6245537
       13.030237     0.068935251     0.014376042       16.419672       16.698395      -1.6691613
       13.201687     0.073005798     0.014658224       16.635850       16.926032      -1.7144072
       13.373138     0.077442732     0.015116469       16.852028       17.153988      -1.7602925
       13.544588     0.082260687     0.015759001       17.068203       17.382269      -1.8068182
       13.716039     0.087474599     0.016594264       17.284377       17.610880      -1.8539854
       13.887489     0.093099701     0.017630928       17.500548       17.839825      -1.9017951
       14.058940     0.099151520     0.018877894       17.716716       18.069108      -1.9502481
       14.230390      0.10564587     0.020344301       17.932881       18.298736      -1.9993453
       14.401841      0.11259886     0.022039535       18.149043       18.528712      -2.0490872
       14.573291      0.12002688     0.023973235       18.365201       18.759042      -2.0994746
       14.744741      0.12794656     0.026155298       18.581355       18.989731      -2.1505077
       14.916192      0.13637484     0.028595891       18.797506       19.220783      -2.2021870
       15.087642      0.14532889     0.031305454       19.013652       19.452204      -2.2545126
       15.259093      0.15482611     0.034294715       19.229794       19.683999      -2.3074845
       15.430543      0.16488415     0.037574692       19.445931       19.916173      -2.3611026
       15.601994      0.17552085     0.041156707       19.662064       20.148730      -2.4153666
       15.773444      0.18675425     0.045052393       19.878193       20.381676      -2.4702759
       15.944895      0.19860258     0.049273705       20.094316       20.615017      -2.5258297
       16.116345      0.21108420     0.053832931       20.310436       20.848756      -2.5820270
       16.287796      0.22421759     0.058742701       20.526551       21.082901      -2.6388667
       16.459246      0.23802133     0.064016001       20.742662       21.317455      -2.6963471
       16.630697      0.25251404     0.069666183       20.958770       21.552424      -2.7544665
       16.802147      0.26771440     0.075706979       21.174874       21.787814      -2.8132227
       16.973598      0.28364101     0.082152514       21.390975       22.023629      -2.8726132
       17.145048      0.30031244     0.089017321       21.607075       22.259875      -2.9326351
