Results for:	
File:	C:\Users\User\OneDrive - Massachusetts Institute of Technology\Documents\MIT\Grad School\Classes\2.156\Lens Project\Prime Lenses\JP2019-144441_Example01P.zmx
Title:	JP 2019-144441 Example 1 (Sigma 70mm F2.8 DG Macro Art)
Date:	11/7/2025 5:32:44 PM

0 message(s) in output.
3 series table(s) in output.

Table series: Data for wavelength : 0.486133 µm.
   Y Angle (deg)       Tan Shift       Sag Shift     Real Height     Ref. Height      Distortion
  --------------  --------------  --------------  --------------  --------------  --------------
      0.00000000     0.048249928     0.048249928      0.00000000      0.00000000      0.00000000
      0.17697329     0.048210777     0.048215707      0.20980693      0.20980692  2.9303697E-006
      0.35394658     0.048079452     0.048113139      0.41961748      0.41961785 -8.9322780E-005
      0.53091987     0.047857141     0.047942512      0.62943526      0.62943679 -2.4287713E-004
      0.70789316     0.047545799     0.047704306      0.83926390      0.83926773 -4.5743224E-004
      0.88486645     0.047148137     0.047399186       1.0491070       1.0491147 -7.3256927E-004
       1.0618397     0.046667601     0.047028009       1.2589682       1.2589817 -1.0677601E-003
       1.2388130     0.046108355     0.046591812       1.4688512       1.4688727 -1.4623403E-003
       1.4157863     0.045475254     0.046091813       1.6787596       1.6787918 -1.9155560E-003
       1.5927596     0.044773812     0.045529409       1.8886970       1.8887429 -2.4265376E-003
       1.7697329     0.044010171     0.044906164       2.0986672       2.0987300 -2.9943111E-003
       1.9467062     0.043191060     0.044223810       2.3086738       2.3087573 -3.6178024E-003
       2.1236795     0.042323757     0.043484240       2.5187205       2.5188287 -4.2958415E-003
       2.3006528     0.041416035     0.042689498       2.7288110       2.7289482 -5.0271682E-003
       2.4776261     0.040476122     0.041841778       2.9389490       2.9391198 -5.8104375E-003
       2.6545993     0.039512642     0.040943408       3.1491384       3.1493477 -6.6442251E-003
       2.8315726     0.038534561     0.039996851       3.3593828       3.3596357 -7.5270348E-003
       3.0085459     0.037551130     0.039004692       3.5696861       3.5699880 -8.4573042E-003
       3.1855192     0.036571821     0.037969627       3.7800520       3.7804087 -9.4334125E-003
       3.3624925     0.035606266     0.036894457       3.9904845       3.9909017    -0.010453688
       3.5394658     0.034664191     0.035782081       4.2009872       4.2014711    -0.011516415
       3.7164391     0.033755349     0.034635479       4.4115641       4.4121209    -0.012619845
       3.8934124     0.032889453     0.033457706       4.6222191       4.6228553    -0.013762198
       4.0703857     0.032076106     0.032251885       4.8329561       4.8336784    -0.014941681
       4.2473589     0.031324732     0.031021187       5.0437791       5.0445941    -0.016156489
       4.4243322     0.030644503     0.029768829       5.2546919       5.2556066    -0.017404818
       4.6013055     0.030044277     0.028498061       5.4656986       5.4667200    -0.018684871
       4.7782788     0.029532520     0.027212151       5.6768031       5.6779384    -0.019994871
       4.9552521     0.029117243     0.025914380       5.8880096       5.8892659    -0.021333070
       5.1322254     0.028805935     0.024608025       6.0993219       6.1007066    -0.022697755
       5.3091987     0.028605496     0.023296357       6.3107442       6.3122647    -0.024087262
       5.4861720     0.028522174     0.021982619       6.5222806       6.5239442    -0.025499983
       5.6631453     0.028561505     0.020670022       6.7339352       6.7357494    -0.026934376
       5.8401185     0.028728258     0.019361736       6.9457120       6.9476844    -0.028388976
       6.0170918     0.029026375     0.018060877       7.1576152       7.1597533    -0.029862403
       6.1940651     0.029458928     0.016770499       7.3696490       7.3719603    -0.031353370
       6.3710384     0.030028065     0.015493585       7.5818174       7.5843097    -0.032860697
       6.5480117     0.030734977     0.014233033       7.7941248       7.7968056    -0.034383314
       6.7249850     0.031579851     0.012991658       8.0065752       8.0094522    -0.035920275
       6.9019583     0.032561850     0.011772173       8.2191729       8.2222538    -0.037470762
       7.0789316     0.033679081     0.010577189       8.4319220       8.4352146    -0.039034097
       7.2559049     0.034928575  9.4092088E-003       8.6448267       8.6483388    -0.040609746
       7.4328782     0.036306281  8.2706151E-003       8.8578913       8.8616307    -0.042197331
       7.6098514     0.037807052  7.1636714E-003       9.0711200       9.0750945    -0.043796631
       7.7868247     0.039424654  6.0905151E-003       9.2845169       9.2887347    -0.045407596
       7.9637980     0.041151772  5.0531546E-003       9.4980862       9.5025553    -0.047030346
       8.1407713     0.042980026  4.0534669E-003       9.7118323       9.7165609    -0.048665180
       8.3177446     0.044899999  3.0931957E-003       9.9257592       9.9307556    -0.050312582
       8.4947179     0.046901267  2.1739508E-003       10.139871       10.145144    -0.051973221
       8.6716912     0.048972445  1.2972088E-003       10.354172       10.359730    -0.053647960
       8.8486645     0.051101235  4.6431432E-004       10.568667       10.574519    -0.055337854
       9.0256378     0.053274486 -3.2351755E-004       10.783359       10.789514    -0.057044158
       9.2026110     0.055478265 -1.0651974E-003       10.998253       11.004720    -0.058768322
       9.3795843     0.057697930 -1.7597571E-003       11.213352       11.220141    -0.060511997
       9.5565576     0.059918218 -2.4063434E-003       11.428661       11.435783    -0.062277035
       9.7335309     0.062123341 -3.0042112E-003       11.644184       11.651649    -0.064065482
       9.9105042     0.064297087 -3.5527154E-003       11.859926       11.867744    -0.065879588
       10.087477     0.066422934 -4.0513009E-003       12.075889       12.084072    -0.067721792
       10.264451     0.068484165 -4.4994925E-003       12.292078       12.300638    -0.069594730
       10.441424     0.070464000 -4.8968829E-003       12.508497       12.517447    -0.071501223
       10.618397     0.072345726 -5.2431196E-003       12.725150       12.734502    -0.073444278
       10.795371     0.074112836 -5.5378909E-003       12.942040       12.951809    -0.075427079
       10.972344     0.075749177 -5.7809105E-003       13.159172       13.169372    -0.077452984
       11.149317     0.077239103 -5.9719013E-003       13.376550       13.387196    -0.079525514
       11.326291     0.078567618 -6.1105777E-003       13.594177       13.605285    -0.081648349
       11.503264     0.079720546 -6.1966276E-003       13.812057       13.823645    -0.083825319
       11.680237     0.080684677 -6.2296928E-003       14.030194       14.042279    -0.086060395
       11.857210     0.081447937 -6.2093489E-003       14.248591       14.261192    -0.088357677
       12.034184     0.081999530 -6.1350842E-003       14.467253       14.480389    -0.090721387
       12.211157     0.082330107 -6.0062781E-003       14.686182       14.699876    -0.093155860
       12.388130     0.082431904 -5.8221792E-003       14.905383       14.919656    -0.095665528
       12.565104     0.082298889 -5.5818819E-003       15.124858       15.139734    -0.098254913
       12.742077     0.081926894 -5.2843041E-003       15.344613       15.360115     -0.10092862
       12.919050     0.081313741 -4.9281634E-003       15.564649       15.580805     -0.10369130
       13.096023     0.080459346 -4.5119541E-003       15.784971       15.801808     -0.10654770
       13.272997     0.079365819 -4.0339242E-003       16.005582       16.023128     -0.10950257
       13.449970     0.078037532 -3.4920522E-003       16.226486       16.244771     -0.11256072
       13.626943     0.076481182 -2.8840249E-003       16.447686       16.466742     -0.11572698
       13.803917     0.074705813 -2.2072162E-003       16.669185       16.689046     -0.11900618
       13.980890     0.072722826 -1.4586657E-003       16.890986       16.911687     -0.12240320
       14.157863     0.070545943 -6.3506014E-004       17.113094       17.134671     -0.12592288
       14.334836     0.068191153  2.6728548E-004       17.335512       17.358002     -0.12957007
       14.511810     0.065676611  1.2524436E-003       17.558242       17.581687     -0.13334963
       14.688783     0.063022496  2.3248884E-003       17.781288       17.805729     -0.13726641
       14.865756     0.060250829  3.4895083E-003       18.004654       18.030135     -0.14132523
       15.042730     0.057385241  4.7516145E-003       18.228342       18.254909     -0.14553095
       15.219703     0.054450686  6.1169482E-003       18.452357       18.480056     -0.14988841
       15.396676     0.051473102  7.5916830E-003       18.676700       18.705582     -0.15440248
       15.573649     0.048479011  9.1824247E-003       18.901376       18.931492     -0.15907807
       15.750623     0.045495054     0.010896207       19.126388       19.157791     -0.16392014
       15.927596     0.042547455     0.012740481       19.351738       19.384485     -0.16893373
       16.104569     0.039661429     0.014723104       19.577431       19.611579     -0.17412399
       16.281543     0.036860490     0.016852318       19.803468       19.839079     -0.17949624
       16.458516     0.034165709     0.019136728       20.029854       20.066989     -0.18505595
       16.635489     0.031594865     0.021585269       20.256590       20.295315     -0.19080888
       16.812462     0.029161534     0.024207169       20.483680       20.524064     -0.19676105
       16.989436     0.026874077     0.027011910       20.711127       20.753239     -0.20291888
       17.166409     0.024734555     0.030009171       20.938933       20.982848     -0.20928920
       17.343382     0.022737538     0.033208777       21.167101       21.212895     -0.21587940
       17.520356     0.020868846     0.036620628       21.395633       21.443387     -0.22269747
       17.697329     0.019104192     0.040254627       21.624531       21.674328     -0.22975214

Table series: Data for wavelength : 0.587562 µm.
   Y Angle (deg)       Tan Shift       Sag Shift     Real Height     Ref. Height      Distortion
  --------------  --------------  --------------  --------------  --------------  --------------
      0.00000000     0.010260393     0.010260393      0.00000000      0.00000000      0.00000000
      0.17697329     0.010218152     0.010223008      0.20988092      0.20988099 -3.1764159E-005
      0.35394658     0.010079139     0.010110947      0.41976545      0.41976598 -1.2700149E-004
      0.53091987  9.8445309E-003  9.9244940E-003      0.62965719      0.62965898 -2.8553353E-004
      0.70789316  9.5162626E-003  9.6641226E-003      0.83955975      0.83956400 -5.0706586E-004
      0.88486645  9.0970163E-003  9.3304921E-003       1.0494767       1.0494850 -7.9118806E-004
       1.0618397  8.5902047E-003  8.9244471E-003       1.2594118       1.2594261 -1.1373768E-003
       1.2388130  7.9999515E-003  8.4470132E-003       1.4693685       1.4693912 -1.5449927E-003
       1.4157863  7.3310642E-003  7.8993946E-003       1.6793506       1.6793844 -2.0132910E-003
       1.5927596  6.5890064E-003  7.2829699E-003       1.8893616       1.8894096 -2.5414198E-003
       1.7697329  5.7798638E-003  6.5992870E-003       2.0994052       2.0994709 -3.1284246E-003
       1.9467062  4.9103070E-003  5.8500577E-003       2.3094852       2.3095723 -3.7732526E-003
       2.1236795  3.9875497E-003  5.0371524E-003       2.5196051       2.5197178 -4.4747574E-003
       2.3006528  3.0193047E-003  4.1625937E-003       2.7297687       2.7299115 -5.2317039E-003
       2.4776261  2.0137347E-003  3.2285487E-003       2.9399797       2.9401574 -6.0427738E-003
       2.6545993  9.7940176E-004  2.2373229E-003       3.1502418       3.1504594 -6.9065714E-003
       2.8315726 -7.4787900E-005  1.1913513E-003       3.3605588       3.3608217 -7.8216301E-003
       3.0085459 -1.1396408E-003  9.3191088E-005       3.5709345       3.5712483 -8.7864185E-003
       3.1855192 -2.2057355E-003 -1.0544886E-003       3.7813726       3.7817432 -9.7993481E-003
       3.3624925 -3.2634850E-003 -2.2489138E-003       3.9918770       3.9923105    -0.010858780
       3.5394658 -4.3031996E-003 -3.4872162E-003       4.2024514       4.2029542    -0.011963032
       3.7164391 -5.3151527E-003 -4.7664427E-003       4.4130998       4.4136784    -0.013110390
       3.8934124 -6.2896470E-003 -6.0835648E-003       4.6238260       4.6244872    -0.014299109
       4.0703857 -7.2170817E-003 -7.4354905E-003       4.8346339       4.8353847    -0.015527431
       4.2473589 -8.0880206E-003 -8.8190723E-003       5.0455274       5.0463749    -0.016793586
       4.4243322 -8.8932601E-003    -0.010231119       5.2565105       5.2574619    -0.018095803
       4.6013055 -9.6238967E-003    -0.011668406       5.4675872       5.4686498    -0.019432321
       4.7782788    -0.010271395    -0.013127687       5.6787613       5.6799428    -0.020801397
       4.9552521    -0.010827654    -0.014605703       5.8900369       5.8913449    -0.022201314
       5.1322254    -0.011285072    -0.016099192       6.1014181       6.1028602    -0.023630392
       5.3091987    -0.011636611    -0.017604904       6.3129088       6.3144930    -0.025086998
       5.4861720    -0.011875854    -0.019119610       6.5245132       6.5262472    -0.026569551
       5.6631453    -0.011997071    -0.020640106       6.7362353       6.7381272    -0.028076538
       5.8401185    -0.011995268    -0.022163231       6.9480793       6.9501369    -0.029606519
       6.0170918    -0.011866244    -0.023685874       7.1600491       7.1622807    -0.031158136
       6.1940651    -0.011606638    -0.025204980       7.3721490       7.3745627    -0.032730124
       6.3710384    -0.011213972    -0.026717567       7.5843831       7.5869870    -0.034321320
       6.5480117    -0.010686696    -0.028220724       7.7967555       7.7995579    -0.035930670
       6.7249850    -0.010024219    -0.029711628       8.0092704       8.0122796    -0.037557240
       6.9019583 -9.2269393E-003    -0.031187548       8.2219320       8.2251563    -0.039200221
       7.0789316 -8.2962709E-003    -0.032645851       8.4347445       8.4381923    -0.040858939
       7.2559049 -7.2346601E-003    -0.034084010       8.6477120       8.6513917    -0.042532864
       7.4328782 -6.0455964E-003    -0.035499610       8.8608388       8.8647589    -0.044221615
       7.6098514 -4.7336187E-003    -0.036890349       9.0741289       9.0782981    -0.045924965
       7.7868247 -3.3043129E-003    -0.038254049       9.2875867       9.2920137    -0.047642852
       7.9637980 -1.7643011E-003    -0.039588653       9.5012162       9.5059098    -0.049375383
       8.1407713 -1.2122555E-004    -0.040892229       9.7150218       9.7199909    -0.051122838
       8.3177446  1.6162779E-003    -0.042162973       9.9290074       9.9342612    -0.052885674
       8.4947179  3.4386127E-003    -0.043399210       10.143177       10.148725    -0.054664534
       8.6716912  5.3352636E-003    -0.044599391       10.357536       10.363387    -0.056460245
       8.8486645  7.2948467E-003    -0.045762092       10.572087       10.578251    -0.058273824
       9.0256378  9.3051698E-003    -0.046886012       10.786835       10.793322    -0.060106480
       9.2026110     0.011353298    -0.047969972       11.001784       11.008605    -0.061959615
       9.3795843     0.013425634    -0.049012906       11.216937       11.224102    -0.063834823
       9.5565576     0.015507997    -0.050013857       11.432300       11.439820    -0.065733895
       9.7335309     0.017585723    -0.050971968       11.647876       11.655762    -0.067658814
       9.9105042     0.019643761    -0.051886480       11.863669       11.871933    -0.069611753
       10.087477     0.021666787    -0.052756714       12.079683       12.088338    -0.071595076
       10.264451     0.023639321    -0.053582066       12.295923       12.304981    -0.073611335
       10.441424     0.025545849    -0.054361996       12.512391       12.521866    -0.075663261
       10.618397     0.027370958    -0.055096011       12.729093       12.738998    -0.077753767
       10.795371     0.029099474    -0.055783654       12.946031       12.956381    -0.079885936
       10.972344     0.030716605    -0.056424487       13.163210       13.174021    -0.082063018
       11.149317     0.032208086    -0.057018078       13.380634       13.391922    -0.084288424
       11.326291     0.033560339    -0.057563980       13.598307       13.610088    -0.086565715
       11.503264     0.034760619    -0.058061716       13.816231       13.828525    -0.088898597
       11.680237     0.035797175    -0.058510758       14.034412       14.047236    -0.091290910
       11.857210     0.036659407    -0.058910508       14.252852       14.266226    -0.093746622
       12.034184     0.037338020    -0.059260277       14.471556       14.485501    -0.096269813
       12.211157     0.037825177    -0.059559262       14.690527       14.705065    -0.098864670
       12.388130     0.038114649    -0.059806528       14.909768       14.924922     -0.10153548
       12.565104     0.038201956    -0.060000982       15.129284       15.145078     -0.10428659
       12.742077     0.038084500    -0.060141352       15.349078       15.365538     -0.10712246
       12.919050     0.037761692    -0.060226164       15.569153       15.586305     -0.11004757
       13.096023     0.037235061    -0.060253717       15.789513       15.807386     -0.11306648
       13.272997     0.036508354    -0.060222063       16.010162       16.028784     -0.11618376
       13.449970     0.035587609    -0.060128981       16.231102       16.250506     -0.11940405
       13.626943     0.034481218    -0.059971960       16.452338       16.472555     -0.12273196
       13.803917     0.033199966    -0.059748171       16.673873       16.694937     -0.12617215
       13.980890     0.031757032    -0.059454452       16.895710       16.917657     -0.12972926
       14.157863     0.030167980    -0.059087285       17.117852       17.140720     -0.13340793
       14.334836     0.028450699    -0.058642779       17.340304       17.364130     -0.13721279
       14.511810     0.026625325    -0.058116655       17.563068       17.587893     -0.14114846
       14.688783     0.024714106    -0.057504228       17.786148       17.812015     -0.14521953
       14.865756     0.022741240    -0.056800398       18.009548       18.036500     -0.14943060
       15.042730     0.020732658    -0.055999639       18.233269       18.261353     -0.15378623
       15.219703     0.018715761    -0.055095991       18.457317       18.486580     -0.15829100
       15.396676     0.016719101    -0.054083057       18.681694       18.712185     -0.16294948
       15.573649     0.014772004    -0.052954002       18.906403       18.938175     -0.16776626
       15.750623     0.012904139    -0.051701558       19.131448       19.164554     -0.17274598
       15.927596     0.011145015    -0.050318029       19.356832       19.391328     -0.17789332
       16.104569  9.5234072E-003    -0.048795305       19.582559       19.618502     -0.18321307
       16.281543  8.0667251E-003    -0.047124878       19.808630       19.846082     -0.18871011
       16.458516  6.8002926E-003    -0.045297866       20.035051       20.074073     -0.19438952
       16.635489  5.7465557E-003    -0.043305037       20.261823       20.302480     -0.20025656
       16.812462  4.9242106E-003    -0.041136849       20.488949       20.531309     -0.20631677
       16.989436  4.3472479E-003    -0.038783486       20.716433       20.760565     -0.21257600
       17.166409  4.0239146E-003    -0.036234903       20.944278       20.990255     -0.21904049
       17.343382  3.9555890E-003    -0.033480888       21.172486       21.220384     -0.22571699
       17.520356  4.1355765E-003    -0.030511115       21.401059       21.450957     -0.23261277
       17.697329  4.5478183E-003    -0.027315218       21.630000       21.681979     -0.23973579

Table series: Data for wavelength : 0.656273 µm.
   Y Angle (deg)       Tan Shift       Sag Shift     Real Height     Ref. Height      Distortion
  --------------  --------------  --------------  --------------  --------------  --------------
      0.00000000     0.059585278     0.059585278      0.00000000      0.00000000      0.00000000
      0.17697329     0.059542474     0.059546828      0.20992137      0.20992148 -5.2876192E-005
      0.35394658     0.059402229     0.059431573      0.41984634      0.41984697 -1.4956109E-004
      0.53091987     0.059165717     0.059239795      0.62977851      0.62978047 -3.1050744E-004
      0.70789316     0.058834873     0.058971967      0.83972149      0.83972598 -5.3542339E-004
      0.88486645     0.058412373     0.058628748       1.0496789       1.0496875 -8.2390210E-004
       1.0618397     0.057901626     0.058210978       1.2596543       1.2596691 -1.1754326E-003
       1.2388130     0.057306752     0.057719682       1.4696514       1.4696747 -1.5893653E-003
       1.4157863     0.056632552     0.057156060       1.6796737       1.6797084 -2.0649700E-003
       1.5927596     0.055884484     0.056521489       1.8897250       1.8897741 -2.6014021E-003
       1.7697329     0.055068628     0.055817513       2.0998088       2.0998760 -3.1977152E-003
       1.9467062     0.054191651     0.055045840       2.3099289       2.3100179 -3.8528659E-003
       2.1236795     0.053260759     0.054208335       2.5200889       2.5202040 -4.5657176E-003
       2.3006528     0.052283664     0.053307018       2.7302925       2.7304382 -5.3350461E-003
       2.4776261     0.051268524     0.052344050       2.9405435       2.9407246 -6.1595443E-003
       2.6545993     0.050223901     0.051321733       3.1508455       3.1510672 -7.0378288E-003
       2.8315726     0.049158702     0.050242498       3.3612022       3.3614701 -7.9684456E-003
       3.0085459     0.048082124     0.049108896       3.5716176       3.5719373 -8.9498768E-003
       3.1855192     0.047003595     0.047923593       3.7820953       3.7824728 -9.9805472E-003
       3.3624925     0.045932711     0.046689357       3.9926391       3.9930807    -0.011058832
       3.5394658     0.044879176     0.045409052       4.2032529       4.2037651    -0.012183065
       3.7164391     0.043852734     0.044085629       4.4139406       4.4145300    -0.013351545
       3.8934124     0.042863104     0.042722110       4.6247059       4.6253795    -0.014562544
       4.0703857     0.041919916     0.041321586       4.8355528       4.8363176    -0.015814317
       4.2473589     0.041032640     0.039887200       5.0464852       5.0473485    -0.017105110
       4.4243322     0.040210518     0.038422141       5.2575069       5.2584762    -0.018433169
       4.6013055     0.039462502     0.036929631       5.4686221       5.4697049    -0.019796746
       4.7782788     0.038797182     0.035412917       5.6798346       5.6810386    -0.021194113
       4.9552521     0.038222720     0.033875257       5.8911484       5.8924815    -0.022623568
       5.1322254     0.037746790     0.032319912       6.1025676       6.1040377    -0.024083446
       5.3091987     0.037376510     0.030750135       6.3140962       6.3157112    -0.025572126
       5.4861720     0.037118386     0.029169157       6.5257382       6.5275064    -0.027088042
       5.6631453     0.036978249     0.027580185       6.7374977       6.7394272    -0.028629693
       5.8401185     0.036961203     0.025986384       6.9493788       6.9514779    -0.030195650
       6.0170918     0.037071571     0.024390872       7.1613856       7.1636626    -0.031784567
       6.1940651     0.037312848     0.022796710       7.3735223       7.3759855    -0.033395190
       6.3710384     0.037687657     0.021206891       7.5857928       7.5884508    -0.035026363
       6.5480117     0.038197706     0.019624333       7.7982015       7.8010627    -0.036677041
       6.7249850     0.038843760     0.018051872       8.0107524       8.0138255    -0.038346297
       6.9019583     0.039625602     0.016492252       8.2234498       8.2267432    -0.040033327
       7.0789316     0.040542019     0.014948121       8.4362977       8.4398203    -0.041737462
       7.2559049     0.041590778     0.013422021       8.6493004       8.6530608    -0.043458174
       7.4328782     0.042768616     0.011916388       8.8624620       8.8664692    -0.045195083
       7.6098514     0.044071236     0.010433542       9.0757867       9.0800496    -0.046947964
       7.7868247     0.045493310  8.9756854E-003       9.2892787       9.2938064    -0.048716751
       7.9637980     0.047028489  7.5448983E-003       9.5029422       9.5077438    -0.050501548
       8.1407713     0.048669418  6.1431384E-003       9.7167814       9.7218662    -0.052302628
       8.3177446     0.050407764  4.7722377E-003       9.9308004       9.9361779    -0.054120444
       8.4947179     0.052234249  3.4339029E-003       10.145003       10.150683    -0.055955626
       8.6716912     0.054138694  2.1297155E-003       10.359394       10.365387    -0.057808992
       8.8486645     0.056110064  8.6113339E-004       10.573978       10.580292    -0.059681545
       9.0256378     0.058136533 -3.7050635E-004       10.788758       10.795405    -0.061574479
       9.2026110     0.060205547 -1.5639840E-003       11.003738       11.010728    -0.063489177
       9.3795843     0.062303904 -2.7181925E-003       11.218923       11.226268    -0.065427216
       9.5565576     0.064417835 -3.8321313E-003       11.434316       11.442027    -0.067390364
       9.7335309     0.066533101 -4.9048994E-003       11.649923       11.658011    -0.069380578
       9.9105042     0.068635094 -5.9356873E-003       11.865746       11.874224    -0.071400007
       10.087477     0.070708942 -6.9237675E-003       12.081789       12.090670    -0.073450987
       10.264451     0.072739634 -7.8684843E-003       12.298058       12.307355    -0.075536037
       10.441424     0.074712138 -8.7692415E-003       12.514555       12.524281    -0.077657857
       10.618397     0.076611537 -9.6254903E-003       12.731285       12.741455    -0.079819323
       10.795371     0.078423162    -0.010436715       12.948252       12.958881    -0.082023481
       10.972344     0.080132742    -0.011202418       13.165459       13.176563    -0.084273541
       11.149317     0.081726545    -0.011922103       13.382910       13.394506    -0.086572872
       11.326291     0.083191534    -0.012595261       13.600609       13.612714    -0.088924990
       11.503264     0.084515519    -0.013221347       13.818560       13.831193    -0.091333554
       11.680237     0.085687314    -0.013799765       14.036767       14.049946    -0.093802357
       11.857210     0.086696896    -0.014329847       14.255233       14.268979    -0.096335314
       12.034184     0.087535555    -0.014810834       14.473962       14.488296    -0.098936452
       12.211157     0.088196053    -0.015241849       14.692957       14.707902     -0.10160990
       12.388130     0.088672767    -0.015621883       14.912223       14.927802     -0.10435989
       12.565104     0.088961836    -0.015949767       15.131763       15.148000     -0.10719072
       12.742077     0.089061294    -0.016224152       15.351580       15.368502     -0.11010676
       12.919050     0.088971195    -0.016443485       15.571679       15.589312     -0.11311245
       13.096023     0.088693724    -0.016605986       15.792062       15.810436     -0.11621227
       13.272997     0.088233297    -0.016709624       16.012733       16.031877     -0.11941073
       13.449970     0.087596641    -0.016752100       16.233696       16.253641     -0.12271239
       13.626943     0.086792854    -0.016730815       16.454954       16.475733     -0.12612179
       13.803917     0.085833442    -0.016642859       16.676510       16.698158     -0.12964352
       13.980890     0.084732337    -0.016484983       16.898368       16.920921     -0.13328212
       14.157863     0.083505875    -0.016253583       17.120532       17.144027     -0.13704217
       14.334836     0.082172753    -0.015944679       17.343004       17.367480     -0.14092820
       14.511810     0.080753944    -0.015553904       17.565789       17.591287     -0.14494474
       14.688783     0.079272577    -0.015076481       17.788889       17.815452     -0.14909630
       14.865756     0.077753775    -0.014507218       18.012309       18.039980     -0.15338737
       15.042730     0.076224446    -0.013840494       18.236050       18.264876     -0.15782242
       15.219703     0.074713025    -0.013070254       18.460117       18.490146     -0.16240591
       15.396676     0.073249167    -0.012190001       18.684514       18.715796     -0.16714230
       15.573649     0.071863378    -0.011192798       18.909242       18.941829     -0.17203607
       15.750623     0.070586590    -0.010071274       19.134306       19.168252     -0.17709172
       15.927596     0.069449672 -8.8176225E-003       19.359710       19.395069     -0.18231381
       16.104569     0.068482870 -7.4236213E-003       19.585455       19.622287     -0.18770697
       16.281543     0.067715183 -5.8806447E-003       19.811546       19.849911     -0.19327594
       16.458516     0.067173661 -4.1796862E-003       20.037985       20.077946     -0.19902562
       16.635489     0.066882625 -2.3113854E-003       20.264777       20.306397     -0.20496111
       16.812462     0.066862815 -2.6606078E-004       20.491923       20.535270     -0.21108774
       16.989436     0.067130447  1.9662504E-003       20.719426       20.764571     -0.21741115
       17.166409     0.067696194  4.3957469E-003       20.947291       20.994305     -0.22393737
       17.343382     0.068564087  7.0328103E-003       21.175519       21.224478     -0.23067287
       17.520356     0.069730317  9.8879453E-003       21.404112       21.455095     -0.23762468
       17.697329     0.071181979     0.012971712       21.633075       21.686163     -0.24480044
