Results for:	Listing of Longitudinal Aberration Data


File:	C:\Users\User\OneDrive - Massachusetts Institute of Technology\Documents\MIT\Grad School\Classes\2.156\Lens Project\Prime Lenses\JP2019-144441_Example01P.zmx
Title:	JP 2019-144441 Example 1 (Sigma 70mm F2.8 DG Macro Art)
Date:	11/7/2025 3:48:54 PM

0 message(s) in output.
1 series table(s) in output.

Table series: Units are Millimeters.
      Rel. Pupil          0.4861          0.5876          0.6563
  --------------  --------------  --------------  --------------
      0.00000000     0.048248857     0.010259941     0.059585210
     0.010000000     0.048245508     0.010258528     0.059584995
     0.020000000     0.048232111     0.010252871     0.059584129
     0.030000000     0.048209771     0.010243424     0.059582667
     0.040000000     0.048178473     0.010230162     0.059580579
     0.050000000     0.048138196     0.010213050     0.059577825
     0.060000000     0.048088915     0.010192046     0.059574358
     0.070000000     0.048030605     0.010167102     0.059570122
     0.080000000     0.047963239     0.010138166     0.059565057
     0.090000000     0.047886795     0.010105185     0.059559100
      0.10000000     0.047801256     0.010068106     0.059552188
      0.11000000     0.047706610     0.010026883     0.059544261
      0.12000000     0.047602863  9.9814763E-003     0.059535266
      0.13000000     0.047490030  9.9318561E-003     0.059525157
      0.14000000     0.047368148  9.8780080E-003     0.059513904
      0.15000000     0.047237276  9.8199355E-003     0.059501493
      0.16000000     0.047097496  9.7576636E-003     0.059487928
      0.17000000     0.046948922  9.6912423E-003     0.059473240
      0.18000000     0.046791702  9.6207507E-003     0.059457486
      0.19000000     0.046626016  9.5463001E-003     0.059440752
      0.20000000     0.046452088  9.4680372E-003     0.059423162
      0.21000000     0.046270183  9.3861474E-003     0.059404874
      0.22000000     0.046080610  9.3008577E-003     0.059386088
      0.23000000     0.045883730  9.2124387E-003     0.059367046
      0.24000000     0.045679950  9.1212074E-003     0.059348034
      0.25000000     0.045469731  9.0275283E-003     0.059329386
      0.26000000     0.045253585  8.9318150E-003     0.059311482
      0.27000000     0.045032079  8.8345307E-003     0.059294752
      0.28000000     0.044805833  8.7361886E-003     0.059279673
      0.29000000     0.044575521  8.6373512E-003     0.059266771
      0.30000000     0.044341866  8.5386294E-003     0.059256619
      0.31000000     0.044105644  8.4406809E-003     0.059249837
      0.32000000     0.043867676  8.3442076E-003     0.059247086
      0.33000000     0.043628830  8.2499527E-003     0.059249068
      0.34000000     0.043390013  8.1586969E-003     0.059256521
      0.35000000     0.043152166  8.0712539E-003     0.059270216
      0.36000000     0.042916263  7.9884653E-003     0.059290950
      0.37000000     0.042683302  7.9111946E-003     0.059319542
      0.38000000     0.042454298  7.8403207E-003     0.059356824
      0.39000000     0.042230277  7.7767309E-003     0.059403637
      0.40000000     0.042012265  7.7213126E-003     0.059460820
      0.41000000     0.041801286  7.6749455E-003     0.059529203
      0.42000000     0.041598345  7.6384921E-003     0.059609601
      0.43000000     0.041404425  7.6127888E-003     0.059702798
      0.44000000     0.041220473  7.5986357E-003     0.059809544
      0.45000000     0.041047391  7.5967865E-003     0.059930541
      0.46000000     0.040886027  7.6079388E-003     0.060066432
      0.47000000     0.040737164  7.6327225E-003     0.060217796
      0.48000000     0.040601506  7.6716903E-003     0.060385129
      0.49000000     0.040479673  7.7253067E-003     0.060568841
      0.50000000     0.040372189  7.7939381E-003     0.060769243
      0.51000000     0.040279471  7.8778425E-003     0.060986534
      0.52000000     0.040201821  7.9771606E-003     0.061220797
      0.53000000     0.040139416  8.0919070E-003     0.061471986
      0.54000000     0.040092305  8.2219621E-003     0.061739922
      0.55000000     0.040060398  8.3670650E-003     0.062024280
      0.56000000     0.040043462  8.5268084E-003     0.062324588
      0.57000000     0.040041118  8.7006334E-003     0.062640221
      0.58000000     0.040052838  8.8878270E-003     0.062970398
      0.59000000     0.040077947  9.0875210E-003     0.063314178
      0.60000000     0.040115621  9.2986923E-003     0.063670465
      0.61000000     0.040164894  9.5201661E-003     0.064038006
      0.62000000     0.040224663  9.7506209E-003     0.064415400
      0.63000000     0.040293697  9.9885965E-003     0.064801102
      0.64000000     0.040370652     0.010232504     0.065193432
      0.65000000     0.040454080     0.010480640     0.065590594
      0.66000000     0.040542454     0.010731201     0.065990684
      0.67000000     0.040634185     0.010982306     0.066391716
      0.68000000     0.040727649     0.011232019     0.066791640
      0.69000000     0.040821219     0.011478375     0.067188371
      0.70000000     0.040913294     0.011719410     0.067579819
      0.71000000     0.041002338     0.011953200     0.067963920
      0.72000000     0.041086924     0.012177896     0.068338678
      0.73000000     0.041165778     0.012391767     0.068702207
      0.74000000     0.041237830     0.012593252     0.069052773
      0.75000000     0.041302268     0.012781005     0.069388850
      0.76000000     0.041358600     0.012953958     0.069709174
      0.77000000     0.041406719     0.013111378     0.070012801
      0.78000000     0.041446967     0.013252930     0.070299170
      0.79000000     0.041480214     0.013378752     0.070568176
      0.80000000     0.041507930     0.013489523     0.070820236
      0.81000000     0.041532271     0.013586543     0.071056369
      0.82000000     0.041556162     0.013671813     0.071278275
      0.83000000     0.041583388     0.013748120     0.071488418
      0.84000000     0.041618681     0.013819125     0.071690111
      0.85000000     0.041667824     0.013889451     0.071887606
      0.86000000     0.041737736     0.013964778     0.072086186
      0.87000000     0.041836583     0.014051937     0.072292257
      0.88000000     0.041973867     0.014159002     0.072513440
      0.89000000     0.042160535     0.014295390     0.072758667
      0.90000000     0.042409071     0.014471951     0.073038275
      0.91000000     0.042733598     0.014701062     0.073364095
      0.92000000     0.043149968     0.014996723     0.073749543
      0.93000000     0.043675860     0.015374633     0.074209705
      0.94000000     0.044330857     0.015852282     0.074761418
      0.95000000     0.045136531     0.016449019     0.075423341
      0.96000000     0.046116508     0.017186121     0.076216025
      0.97000000     0.047296529     0.018086849     0.077161966
      0.98000000     0.048704498     0.019176495     0.078285649
      0.99000000     0.050370513     0.020482407     0.079613577
       1.0000000     0.052326879     0.022034007     0.081174288
