Results for:	
File:	C:\Users\User\OneDrive - Massachusetts Institute of Technology\Documents\MIT\Grad School\Classes\2.156\Lens Project\Prime Lenses\US20200301101_Example03P.zmx
Title:	US 2020/0301101 Example 3 (Ricoh HD Pentax-D FA 85mmF1.4ED SDM AW)
Date:	11/7/2025 5:54:28 PM

0 message(s) in output.
3 series table(s) in output.

Table series: Data for wavelength : 0.486133 µm.
   Y Angle (deg)       Tan Shift       Sag Shift     Real Height     Ref. Height      Distortion
  --------------  --------------  --------------  --------------  --------------  --------------
      0.00000000 -6.9126970E-003 -6.9126970E-003      0.00000000      0.00000000      0.00000000
      0.14525378 -6.8976911E-003 -6.9288596E-003      0.21135655      0.21135648  3.0422119E-005
      0.29050755 -6.8536065E-003 -6.9773294E-003      0.42271627      0.42271568  1.3902574E-004
      0.43576133 -6.7805283E-003 -7.0580525E-003      0.63408234      0.63408031  3.1993134E-004
      0.58101510 -6.6785940E-003 -7.1709388E-003      0.84545794      0.84545309  5.7298833E-004
      0.72626888 -6.5479930E-003 -7.3158621E-003       1.0568462       1.0568367  8.9798814E-004
      0.87152265 -6.3889666E-003 -7.4926603E-003       1.2682504       1.2682340  1.2946552E-003
       1.0167764 -6.2018077E-003 -7.7011347E-003       1.4796736       1.4796475  1.7626608E-003
       1.1620302 -5.9868604E-003 -7.9410502E-003       1.6911190       1.6910801  2.3016139E-003
       1.3072840 -5.7445196E-003 -8.2121351E-003       1.9025898       1.9025344  2.9110634E-003
       1.4525378 -5.4752307E-003 -8.5140809E-003       2.1140891       2.1140132  3.5904984E-003
       1.5977915 -5.1794888E-003 -8.8465418E-003       2.3256201       2.3255192  4.3393485E-003
       1.7430453 -4.8578383E-003 -9.2091348E-003       2.5371859       2.5370551  5.1569834E-003
       1.8882991 -4.5108723E-003 -9.6014394E-003       2.7487897       2.7486236  6.0427135E-003
       2.0335529 -4.1392318E-003    -0.010022997       2.9604346       2.9602275  6.9957900E-003
       2.1788066 -3.7436049E-003    -0.010473311       3.1721237       3.1718695  8.0154049E-003
       2.3240604 -3.3247262E-003    -0.010951845       3.3838603       3.3835523  9.1006914E-003
       2.4693142 -2.8833757E-003    -0.011458026       3.5956473       3.5952787     0.010250724
       2.6145680 -2.4203780E-003    -0.011991240       3.8074879       3.8070514     0.011464519
       2.7598217 -1.9366013E-003    -0.012550831       4.0193852       4.0188732     0.012741034
       2.9050755 -1.4329563E-003    -0.013136107       4.2313423       4.2307467     0.014079168
       3.0503293 -9.1039522E-004    -0.013746332       4.4433623       4.4426747     0.015477766
       3.1955831 -3.6991049E-004    -0.014380730       4.6554483       4.6546600     0.016935612
       3.3408368  1.8746634E-004    -0.015038483       4.8676033       4.8667053     0.018451434
       3.4860906  7.6066586E-004    -0.015718729       5.0798304       5.0788134     0.020023904
       3.6313444  1.3485822E-003    -0.016420564       5.2921326       5.2909870     0.021651639
       3.7765982  1.9500741E-003    -0.017143041       5.5045130       5.5032289     0.023333199
       3.9218519  2.5639669E-003    -0.017885167       5.7169746       5.7155419     0.025067089
       4.0671057  3.1890533E-003    -0.018645906       5.9295204       5.9279287     0.026851761
       4.2123595  3.8240953E-003    -0.019424173       6.1421534       6.1403920     0.028685611
       4.3576133  4.4678257E-003    -0.020218840       6.3548766       6.3529347     0.030566982
       4.5028670  5.1189495E-003    -0.021028730       6.5676930       6.5655596     0.032494167
       4.6481208  5.7761457E-003    -0.021852618       6.7806055       6.7782693     0.034465404
       4.7933746  6.4380689E-003    -0.022689230       6.9936170       6.9910668     0.036478881
       4.9386284  7.1033509E-003    -0.023537243       7.2067306       7.2039547     0.038532736
       5.0838821  7.7706026E-003    -0.024395283       7.4199491       7.4169360     0.040625056
       5.2291359  8.4384154E-003    -0.025261925       7.6332754       7.6300133     0.042753881
       5.3743897  9.1053636E-003    -0.026135691       7.8467125       7.8431896     0.044917203
       5.5196435  9.7700055E-003    -0.027015050       8.0602632       8.0564675     0.047112968
       5.6648972     0.010430885    -0.027898419       8.2739303       8.2698500     0.049339074
       5.8101510     0.011086536    -0.028784157       8.4877167       8.4833398     0.051593379
       5.9554048     0.011735479    -0.029670568       8.7016252       8.6969398     0.053873695
       6.1006586     0.012376228    -0.030555899       8.9156586       8.9106528     0.056177794
       6.2459123     0.013007289    -0.031438341       9.1298198       9.1244817     0.058503406
       6.3911661     0.013627165    -0.032316023       9.3441115       9.3384292     0.060848225
       6.5364199     0.014234353    -0.033187015       9.5585364       9.5524983     0.063209906
       6.6816737     0.014827351    -0.034049326       9.7730974       9.7666918     0.065586070
       6.8269274     0.015404656    -0.034900903       9.9877971       9.9810125     0.067974305
       6.9721812     0.015964765    -0.035739630       10.202638       10.195463     0.070372167
       7.1174350     0.016506181    -0.036563325       10.417623       10.410047     0.072777183
       7.2626888     0.017027410    -0.037369744       10.632756       10.624767     0.075186852
       7.4079425     0.017526964    -0.038156573       10.848037       10.839626     0.077598650
       7.5531963     0.018003361    -0.038921431       11.063471       11.054626     0.080010031
       7.6984501     0.018455129    -0.039661871       11.279059       11.269771     0.082418427
       7.8437039     0.018880804    -0.040375372       11.494805       11.485063     0.084821257
       7.9889576     0.019278931    -0.041059345       11.710711       11.700506     0.087215923
       8.1342114     0.019648066    -0.041711128       11.926779       11.916102     0.089599818
       8.2794652     0.019986775    -0.042327986       12.143012       12.131855     0.091970328
       8.4247190     0.020293635    -0.042907109       12.359413       12.347766     0.094324834
       8.5699727     0.020567233    -0.043445611       12.575985       12.563840     0.096660719
       8.7152265     0.020806166    -0.043940533       12.792729       12.780079     0.098975370
       8.8604803     0.021009039    -0.044388834       13.009648       12.996487      0.10126618
       9.0057341     0.021174463    -0.044787397       13.226745       13.213065      0.10353055
       9.1509878     0.021301061    -0.045133025       13.444022       13.429817      0.10576592
       9.2962416     0.021387453    -0.045422440       13.661481       13.646747      0.10796972
       9.4414954     0.021432261    -0.045652283       13.879126       13.863857      0.11013944
       9.5867492     0.021434108    -0.045819112       14.096959       14.081150      0.11227257
       9.7320029     0.021391606    -0.045919401       14.314981       14.298629      0.11436666
       9.8772567     0.021303360    -0.045949540       14.533196       14.516297      0.11641931
       10.022510     0.021167956    -0.045905837       14.751607       14.734157      0.11842816
       10.167764     0.020983959    -0.045784509       14.970214       14.952213      0.12039090
       10.313018     0.020749904    -0.045581691       15.189021       15.170467      0.12230532
       10.458272     0.020464287    -0.045293428       15.408031       15.388923      0.12416923
       10.603526     0.020125559    -0.044915680       15.627245       15.607583      0.12598058
       10.748779     0.019732112    -0.044444317       15.846667       15.826450      0.12773736
       10.894033     0.019282270    -0.043875122       16.066298       16.045529      0.12943770
       11.039287     0.018774273    -0.043203789       16.286141       16.264821      0.13107980
       11.184541     0.018206265    -0.042425924       16.506199       16.484331      0.13266202
       11.329794     0.017576275    -0.041537042       16.726475       16.704061      0.13418281
       11.475048     0.016882204    -0.040532574       16.946969       16.924014      0.13564079
       11.620302     0.016121797    -0.039407859       17.167686       17.144193      0.13703472
       11.765556     0.015292623    -0.038158149       17.388628       17.364602      0.13836352
       11.910810     0.014392054    -0.036778611       17.609798       17.585244      0.13962630
       12.056063     0.013417232    -0.035264324       17.831197       17.806122      0.14082236
       12.201317     0.012365041    -0.033610283       18.052830       18.027240      0.14195121
       12.346571     0.011232071    -0.031811399       18.274698       18.248600      0.14301256
       12.491825     0.010014582    -0.029862500       18.496804       18.470206      0.14400640
       12.637078  8.7084643E-003    -0.027758334       18.719152       18.692061      0.14493295
       12.782332  7.3091885E-003    -0.025493572       18.941743       18.914168      0.14579270
       12.927586  5.8117587E-003    -0.023062807       19.164582       19.136531      0.14658646
       13.072840  4.2106564E-003    -0.020460561       19.387672       19.359153      0.14731534
       13.218094  2.4997795E-003    -0.017681286       19.611014       19.582037      0.14798078
       13.363347  6.7237577E-004    -0.014719367       19.834614       19.805187      0.14858461
       13.508601 -1.2790313E-003    -0.011569126       20.058474       20.028605      0.14912902
       13.653855 -3.3627231E-003 -8.2248308E-003       20.282597       20.252296      0.14961663
       13.799109 -5.5878739E-003 -4.6806932E-003       20.506988       20.476263      0.15005048
       13.944362 -7.9646505E-003 -9.3087979E-004       20.731649       20.700509      0.15043410
       14.089616    -0.010504318  3.0304833E-003       20.956586       20.925037      0.15077151
       14.234870    -0.013219359  7.2093038E-003       21.181801       21.149851      0.15106728
       14.380124    -0.016123603     0.011611515       21.407300       21.374954      0.15132653
       14.525378    -0.019232370     0.016243068       21.633087       21.600351      0.15155500

Table series: Data for wavelength : 0.587562 µm.
   Y Angle (deg)       Tan Shift       Sag Shift     Real Height     Ref. Height      Distortion
  --------------  --------------  --------------  --------------  --------------  --------------
      0.00000000 -5.0758005E-003 -5.0758005E-003      0.00000000      0.00000000      0.00000000
      0.14525378 -5.0642095E-003 -5.0957125E-003      0.21147124      0.21147117  3.5132697E-005
      0.29050755 -5.0300627E-003 -5.1554305E-003      0.42294564      0.42294505  1.4050580E-004
      0.43576133 -4.9734434E-003 -5.2549012E-003      0.63442637      0.63442437  3.1602422E-004
      0.58101510 -4.8944857E-003 -5.3940356E-003      0.84591660      0.84591185  5.6153282E-004
      0.72626888 -4.7933745E-003 -5.5727088E-003       1.0574195       1.0574102  8.7681612E-004
      0.87152265 -4.6703448E-003 -5.7907604E-003       1.2689381       1.2689221  1.2615917E-003
       1.0167764 -4.5256820E-003 -6.0479937E-003       1.4804758       1.4804504  1.7155201E-003
       1.1620302 -4.3597214E-003 -6.3441761E-003       1.6920356       1.6919977  2.2381985E-003
       1.3072840 -4.1728473E-003 -6.6790389E-003       1.9036206       1.9035667  2.8291622E-003
       1.4525378 -3.9654930E-003 -7.0522767E-003       2.1152341       2.1151603  3.4878849E-003
       1.5977915 -3.7381402E-003 -7.4635472E-003       2.3268791       2.3267810  4.2137784E-003
       1.7430453 -3.4913181E-003 -7.9124717E-003       2.5385588       2.5384317  5.0061935E-003
       1.8882991 -3.2256031E-003 -8.3986337E-003       2.7502763       2.7501150  5.8644191E-003
       2.0335529 -2.9416178E-003 -8.9215794E-003       2.9620348       2.9618337  6.7876832E-003
       2.1788066 -2.6400300E-003 -9.4808170E-003       3.1738373       3.1735906  7.7751528E-003
       2.3240604 -2.3215526E-003    -0.010075816       3.3856871       3.3853883  8.8259337E-003
       2.4693142 -1.9869417E-003    -0.010706009       3.5975871       3.5972296  9.9390713E-003
       2.6145680 -1.6369963E-003    -0.011370786       3.8095405       3.8091172     0.011113550
       2.7598217 -1.2725569E-003    -0.012069501       4.0215504       4.0210538     0.012348295
       2.9050755 -8.9450466E-004    -0.012801467       4.2336198       4.2330423     0.013642171
       3.0503293 -5.0375990E-004    -0.013565954       4.4457518       4.4450853     0.014993982
       3.1955831 -1.0128121E-004    -0.014362194       4.6579496       4.6571857     0.016402473
       3.3408368  3.1193619E-004    -0.015189376       4.8702160       4.8693461     0.017866332
       3.4860906  7.3486150E-004    -0.016046648       5.0825543       5.0815692     0.019384185
       3.6313444  1.1664299E-003    -0.016933112       5.2949673       5.2938580     0.020954601
       3.7765982  1.6055440E-003    -0.017847830       5.5074581       5.5062151     0.022576093
       3.9218519  2.0510754E-003    -0.018789818       5.7200298       5.7186432     0.024247112
       4.0671057  2.5018660E-003    -0.019758048       5.9326853       5.9311452     0.025966057
       4.2123595  2.9567299E-003    -0.020751446       6.1454276       6.1437238     0.027731266
       4.3576133  3.4144552E-003    -0.021768891       6.3582596       6.3563819     0.029541024
       4.5028670  3.8738053E-003    -0.022809216       6.5711844       6.5691221     0.031393560
       4.6481208  4.3335209E-003    -0.023871207       6.7842048       6.7819473     0.033287047
       4.7933746  4.7923218E-003    -0.024953599       6.9973238       6.9948602     0.035219605
       4.9386284  5.2489087E-003    -0.026055079       7.2105442       7.2078637     0.037189300
       5.0838821  5.7019653E-003    -0.027174283       7.4238691       7.4209605     0.039194147
       5.2291359  6.1501597E-003    -0.028309797       7.6373012       7.6341534     0.041232107
       5.3743897  6.5921470E-003    -0.029460152       7.8508434       7.8474454     0.043301092
       5.5196435  7.0265708E-003    -0.030623830       8.0644986       8.0608390     0.045398962
       5.6648972  7.4520656E-003    -0.031799256       8.2782696       8.2743373     0.047523531
       5.8101510  7.8672580E-003    -0.032984800       8.4921591       8.4879430     0.049672563
       5.9554048  8.2707701E-003    -0.034178778       8.7061701       8.7016589     0.051843775
       6.1006586  8.6612202E-003    -0.035379447       8.9203053       8.9154878     0.054034842
       6.2459123  9.0372255E-003    -0.036585007       9.1345674       9.1294327     0.056243390
       6.3911661  9.3974041E-003    -0.037793598       9.3489592       9.3434963     0.058467007
       6.5364199  9.7403766E-003    -0.039003301       9.5634834       9.5576816     0.060703237
       6.6816737     0.010064769    -0.040212136       9.7781427       9.7719913     0.062949586
       6.8269274     0.010369213    -0.041418059       9.9929398       9.9864283     0.065203521
       6.9721812     0.010652350    -0.042618963       10.207877       10.200996     0.067462472
       7.1174350     0.010912831    -0.043812679       10.422958       10.415696     0.069723839
       7.2626888     0.011149319    -0.044996968       10.638185       10.630532     0.071984985
       7.4079425     0.011360494    -0.046169528       10.853559       10.845507     0.074243247
       7.5531963     0.011545046    -0.047327986       11.069085       11.060624     0.076495932
       7.6984501     0.011701687    -0.048469903       11.284765       11.275886     0.078740322
       7.8437039     0.011829145    -0.049592768       11.500600       11.491295     0.080973677
       7.9889576     0.011926167    -0.050693997       11.716594       11.706855     0.083193238
       8.1342114     0.011991523    -0.051770936       11.932749       11.922568     0.085396227
       8.2794652     0.012024002    -0.052820857       12.149068       12.138438     0.087579854
       8.4247190     0.012022416    -0.053840955       12.365554       12.354466     0.089741318
       8.5699727     0.011985600    -0.054828351       12.582207       12.570658     0.091877810
       8.7152265     0.011912410    -0.055780087       12.799032       12.787014     0.093986518
       8.8604803     0.011801725    -0.056693129       13.016031       13.003539     0.096064630
       9.0057341     0.011652445    -0.057564361       13.233205       13.220235     0.098109339
       9.1509878     0.011463495    -0.058390589       13.450558       13.437105      0.10011785
       9.2962416     0.011233813    -0.059168535       13.668091       13.654152      0.10208737
       9.4414954     0.010962359    -0.059894839       13.885808       13.871379      0.10401514
       9.5867492     0.010648107    -0.060566058       14.103710       14.088790      0.10589841
       9.7320029     0.010290043    -0.061178663       14.321800       14.306387      0.10773447
       9.8772567  9.8871621E-003    -0.061729043       14.540080       14.524173      0.10952064
       10.022510  9.4384651E-003    -0.062213495       14.758553       14.742152      0.11125428
       10.167764  8.9429515E-003    -0.062628232       14.977221       14.960326      0.11293279
       10.313018  8.3996156E-003    -0.062969380       15.196086       15.178699      0.11455364
       10.458272  7.8074388E-003    -0.063232973       15.415151       15.397273      0.11611435
       10.603526  7.1653822E-003    -0.063414958       15.634418       15.616052      0.11761250
       10.748779  6.4723780E-003    -0.063511190       15.853889       15.835038      0.11904576
       10.894033  5.7273199E-003    -0.063517436       16.073567       16.054235      0.12041189
       11.039287  4.9290508E-003    -0.063429369       16.293453       16.273647      0.12170872
       11.184541  4.0763519E-003    -0.063242572       16.513551       16.493275      0.12293420
       11.329794  3.1679241E-003    -0.062952539       16.733863       16.713124      0.12408638
       11.475048  2.2023832E-003    -0.062554669       16.954391       16.933197      0.12516346
       11.620302  1.1782280E-003    -0.062044272       17.175137       17.153496      0.12616374
       11.765556  9.3828782E-005    -0.061416566       17.396104       17.374024      0.12708569
       11.910810 -1.0525954E-003    -0.060666679       17.617295       17.594786      0.12792792
       12.056063 -2.2630030E-003    -0.059789647       17.838711       17.815784      0.12868922
       12.201317 -3.5395544E-003    -0.058780421       18.060356       18.037022      0.12936857
       12.346571 -4.8846451E-003    -0.057633859       18.282231       18.258502      0.12996513
       12.491825 -6.3009351E-003    -0.056344734       18.504341       18.480228      0.13047829
       12.637078 -7.7913884E-003    -0.054907734       18.726686       18.702203      0.13090767
       12.782332 -9.3593112E-003    -0.053317463       18.949270       18.924431      0.13125313
       12.927586    -0.011008397    -0.051568442       19.172096       19.146915      0.13151479
       13.072840    -0.012742777    -0.049655114       19.395166       19.369657      0.13169307
       13.218094    -0.014567070    -0.047571845       19.618483       19.592662      0.13178868
       13.363347    -0.016486446    -0.045312926       19.842051       19.815933      0.13180267
       13.508601    -0.018506687    -0.042872580       20.065872       20.039473      0.13173641
       13.653855    -0.020634265    -0.040244962       20.289950       20.263285      0.13159168
       13.799109    -0.022876411    -0.037424167       20.514288       20.487373      0.13137063
       13.944362    -0.025241214    -0.034404232       20.738889       20.711741      0.13107583
       14.089616    -0.027737703    -0.031179143       20.963757       20.936391      0.13071034
       14.234870    -0.030375962    -0.027742840       21.188896       21.161327      0.13027765
       14.380124    -0.033167240    -0.024089227       21.414309       21.386553      0.12978181
       14.525378    -0.036124079    -0.020212174       21.640000       21.612071      0.12922740

Table series: Data for wavelength : 0.656273 µm.
   Y Angle (deg)       Tan Shift       Sag Shift     Real Height     Ref. Height      Distortion
  --------------  --------------  --------------  --------------  --------------  --------------
      0.00000000     0.049519313     0.049519313      0.00000000      0.00000000      0.00000000
      0.14525378     0.049530032     0.049498067      0.21146291      0.21146287  1.6915906E-005
      0.29050755     0.049561666     0.049434345      0.42292897      0.42292846  1.1981339E-004
      0.43576133     0.049614131     0.049328201      0.63440134      0.63439949  2.9120444E-004
      0.58101510     0.049687296     0.049179725      0.84588317      0.84587867  5.3093194E-004
      0.72626888     0.049780979     0.048989040       1.0573776       1.0573687  8.3875884E-004
      0.87152265     0.049894946     0.048756305       1.2688878       1.2688724  1.2144367E-003
       1.0167764     0.050028918     0.048481719       1.4804169       1.4803923  1.6576031E-003
       1.1620302     0.050182562     0.048165511       1.6919680       1.6919313  2.1678497E-003
       1.3072840     0.050355500     0.047807950       1.9035443       1.9034921  2.7447059E-003
       1.4525378     0.050547304     0.047409342       2.1151490       2.1150773  3.3876386E-003
       1.5977915     0.050757500     0.046970025       2.3267851       2.3266898  4.0960519E-003
       1.7430453     0.050985567     0.046490379       2.5384558       2.5383322  4.8692880E-003
       1.8882991     0.051230936     0.045970819       2.7501641       2.7500072  5.7066266E-003
       2.0335529     0.051492994     0.045411797       2.9619133       2.9617176  6.6072855E-003
       2.1788066     0.051771083     0.044813803       3.1737064       3.1734661  7.5704204E-003
       2.3240604     0.052064502     0.044177367       3.3855465       3.3852555  8.5951253E-003
       2.4693142     0.052372506     0.043503054       3.5974367       3.5970885  9.6804326E-003
       2.6145680     0.052694309     0.042791472       3.8093801       3.8089678     0.010825313
       2.7598217     0.053029086     0.042043266       4.0213798       4.0208962     0.012028678
       2.9050755     0.053375968     0.041259122       4.2334388       4.2328763     0.013289374
       3.0503293     0.053734053     0.040439766       4.4455603       4.4449110     0.014606190
       3.1955831     0.054102399     0.039585965       4.6577471       4.6570030     0.015977855
       3.3408368     0.054480028     0.038698528       4.8700025       4.8691551     0.017403036
       3.4860906     0.054865929     0.037778306       5.0823294       5.0813700     0.018880340
       3.6313444     0.055259058     0.036826192       5.2947307       5.2936504     0.020408316
       3.7765982     0.055658340     0.035843123       5.5072097       5.5059991     0.021985454
       3.9218519     0.056062669     0.034830082       5.7197691       5.7184190     0.023610184
       4.0671057     0.056470913     0.033788094       5.9324120       5.9309126     0.025280878
       4.2123595     0.056881910     0.032718230       6.1451414       6.1434829     0.026995853
       4.3576133     0.057294477     0.031621608       6.3579602       6.3561326     0.028753365
       4.5028670     0.057707407     0.030499394       6.5708714       6.5688645     0.030551615
       4.6481208     0.058119470     0.029352800       6.7838778       6.7816813     0.032388749
       4.7933746     0.058529420     0.028183088       6.9969824       6.9945859     0.034262855
       4.9386284     0.058935991     0.026991568       7.2101881       7.2075810     0.036171970
       5.0838821     0.059337903     0.025779601       7.4234978       7.4206695     0.038114074
       5.2291359     0.059733863     0.024548601       7.6369143       7.6338541     0.040087095
       5.3743897     0.060122566     0.023300032       7.8504404       7.8471376     0.042088908
       5.5196435     0.060502699     0.022035411       8.0640790       8.0605229     0.044117338
       5.6648972     0.060872939     0.020756311       8.2778329       8.2740128     0.046170158
       5.8101510     0.061231962     0.019464359       8.4917050       8.4876101     0.048245094
       5.9554048     0.061578438     0.018161238       8.7056979       8.7013176     0.050339819
       6.1006586     0.061911039     0.016848689       8.9198144       8.9151382     0.052451965
       6.2459123     0.062228435     0.015528508       9.1340573       9.1290747     0.054579114
       6.3911661     0.062529304     0.014202555       9.3484292       9.3431299     0.056718804
       6.5364199     0.062812325     0.012872746       9.5629330       9.5573068     0.058868532
       6.6816737     0.063076190     0.011541061       9.7775713       9.7716081     0.061025751
       6.8269274     0.063319597     0.010209541       9.9923467       9.9860367     0.063187876
       6.9721812     0.063541258  8.8802926E-003       10.207262       10.200596     0.065352282
       7.1174350     0.063739898  7.5554845E-003       10.422319       10.415287     0.067516310
       7.2626888     0.063914259  6.2373531E-003       10.637522       10.630115     0.069677265
       7.4079425     0.064063101  4.9282010E-003       10.852872       10.845082     0.071832421
       7.5531963     0.064185202  3.6303995E-003       11.068373       11.060191     0.073979019
       7.6984501     0.064279363  2.3463891E-003       11.284026       11.275444     0.076114275
       7.8437039     0.064344407  1.0786808E-003       11.499834       11.490845     0.078235380
       7.9889576     0.064379184 -1.7014264E-004       11.715801       11.706396     0.080339501
       8.1342114     0.064382565 -1.3974253E-003       11.931927       11.922101     0.082423785
       8.2794652     0.064353452 -2.6004374E-003       12.148216       12.137962     0.084485363
       8.4247190     0.064290773 -3.7763737E-003       12.364671       12.353982     0.086521351
       8.5699727     0.064193484 -4.9223524E-003       12.581293       12.570165     0.088528857
       8.7152265     0.064060570 -6.0354142E-003       12.798085       12.786513     0.090504980
       8.8604803     0.063891045 -7.1125209E-003       13.015050       13.003029     0.092446816
       9.0057341     0.063683951 -8.1505541E-003       13.232189       13.219716     0.094351464
       9.1509878     0.063438362 -9.1463150E-003       13.449506       13.436578     0.096216022
       9.2962416     0.063153373    -0.010096522       13.667002       13.653616     0.098037604
       9.4414954     0.062828109    -0.010997810       13.884680       13.870835     0.099813335
       9.5867492     0.062461719    -0.011846730       14.102543       14.088238      0.10154036
       9.7320029     0.062053371    -0.012639748       14.320592       14.305826      0.10321584
       9.8772567     0.061602253    -0.013373242       14.538830       14.523604      0.10483699
       10.022510     0.061107570    -0.014043505       14.757259       14.741574      0.10640102
       10.167764     0.060568534    -0.014646740       14.975882       14.959739      0.10790523
       10.313018     0.059984365    -0.015179063       15.194700       15.178103      0.10934692
       10.458272     0.059354283    -0.015636496       15.413717       15.396669      0.11072348
       10.603526     0.058677500    -0.016014976       15.632933       15.615439      0.11203234
       10.748779     0.057953211    -0.016310346       15.852353       15.834417      0.11327102
       10.894033     0.057180591    -0.016518355       16.071977       16.053606      0.11443710
       11.039287     0.056358776    -0.016634665       16.291809       16.273009      0.11552826
       11.184541     0.055486858    -0.016654842       16.511850       16.492629      0.11654226
       11.329794     0.054563872    -0.016574359       16.732102       16.712469      0.11747697
       11.475048     0.053588777    -0.016388598       16.952569       16.932533      0.11833039
       11.620302     0.052560441    -0.016092847       17.173252       17.152823      0.11910063
       11.765556     0.051477626    -0.015682302       17.394154       17.373343      0.11978593
       11.910810     0.050338963    -0.015152064       17.615277       17.594096      0.12038469
       12.056063     0.049142932    -0.014497146       17.836623       17.815086      0.12089547
       12.201317     0.047887835    -0.013712466       18.058195       18.036314      0.12131700
       12.346571     0.046571771    -0.012792854       18.279996       18.257786      0.12164819
       12.491825     0.045192603    -0.011733049       18.502028       18.479503      0.12188818
       12.637078     0.043747922    -0.010527703       18.724292       18.701470      0.12203629
       12.782332     0.042235014 -9.1713806E-003       18.946793       18.923689      0.12209209
       12.927586     0.040650813 -7.6585617E-003       19.169533       19.146164      0.12205542
       13.072840     0.038991860 -5.9836442E-003       19.392513       19.368898      0.12192635
       13.218094     0.037254247 -4.1409456E-003       19.615738       19.591894      0.12170527
       13.363347     0.035433568 -2.1247063E-003       19.839210       19.815156      0.12139287
       13.508601     0.033524852  7.0907274E-005       20.062932       20.038687      0.12099017
       13.653855     0.031522498  2.4517992E-003       20.286907       20.262491      0.12049853
       13.799109     0.029420201  5.0239397E-003       20.511137       20.486570      0.11991971
       13.944362     0.027210868  7.7933606E-003       20.735628       20.710929      0.11925585
       14.089616     0.024886533     0.010766150       20.960381       20.935570      0.11850955
       14.234870     0.022438256     0.013948448       21.185400       21.160497      0.11768383
       14.380124     0.019856013     0.017346436       21.410689       21.385714      0.11678224
       14.525378     0.017128579     0.020966337       21.636251       21.611224      0.11580881
