Results for:	
File:	C:\Users\User\OneDrive - Massachusetts Institute of Technology\Documents\MIT\Grad School\Classes\2.156\Lens Project\Prime Lenses\US07054076-1.zmx
Title:	
Date:	11/7/2025 5:48:07 PM

0 message(s) in output.
3 series table(s) in output.

Table series: Data for wavelength : 0.486133 µm.
   Y Angle (deg)       Tan Shift       Sag Shift     Real Height     Ref. Height      Distortion
  --------------  --------------  --------------  --------------  --------------  --------------
      0.00000000     0.016381243     0.016381243      0.00000000      0.00000000      0.00000000
      0.20000000     0.016354692     0.016363589     0.034892581     0.034892554  7.7443460E-005
      0.40000000     0.016274516     0.016310637     0.069786174     0.069785958  3.0975573E-004
      0.60000000     0.016140741     0.016222418      0.10468179      0.10468106  6.9687763E-004
      0.80000000     0.015953405     0.016098986      0.13958045      0.13957872  1.2387112E-003
       1.0000000     0.015712564     0.015940412      0.17448315      0.17447978  1.9351193E-003
       1.2000000     0.015418290     0.015746791      0.20939092      0.20938509  2.7859252E-003
       1.4000000     0.015070671     0.015518237      0.24430477      0.24429551  3.7909123E-003
       1.6000000     0.014669810     0.015254887      0.27922570      0.27921188  4.9498243E-003
       1.8000000     0.014215826     0.014956899      0.31415473      0.31413506  6.2623644E-003
       2.0000000     0.013708855     0.014624450      0.34909288      0.34906591  7.7281955E-003
       2.2000000     0.013149047     0.014257742      0.38404116      0.38400527  9.3469391E-003
       2.4000000     0.012536570     0.013856995      0.41900059      0.41895401     0.011118175
       2.6000000     0.011871606     0.013422453      0.45397216      0.45391297     0.013041442
       2.8000000     0.011154354     0.012954381      0.48895692      0.48888301     0.015116236
       3.0000000     0.010385029     0.012453068      0.52395585      0.52386500     0.017342009
       3.2000000  9.5638621E-003     0.011918822      0.55896999      0.55885979     0.019718169
       3.4000000  8.6910993E-003     0.011351975      0.59400035      0.59386825     0.022244080
       3.6000000  7.7670034E-003     0.010752884      0.62904794      0.62889122     0.024919062
       3.8000000  6.7918530E-003     0.010121926      0.66411378      0.66392959     0.027742387
       4.0000000  5.7659428E-003  9.4595016E-003      0.69919888      0.69898420     0.030713281
       4.2000000  4.6895835E-003  8.7660371E-003      0.73430427      0.73405593     0.033830922
       4.4000000  3.5631017E-003  8.0419809E-003      0.76943096      0.76914565     0.037094438
       4.6000000  2.3868402E-003  7.2878063E-003      0.80457996      0.80425422     0.040502908
       4.8000000  1.1611577E-003  6.5040111E-003      0.83975231      0.83938251     0.044055360
       5.0000000 -1.1357065E-004  5.6911180E-003      0.87494900      0.87453141     0.047750769
       5.2000000 -1.4369539E-003  4.8496752E-003      0.91017108      0.90970178     0.051588057
       5.4000000 -2.8085848E-003  3.9802568E-003      0.94541955      0.94489451     0.055566092
       5.6000000 -4.2280400E-003  3.0834628E-003      0.98069543      0.98011046     0.059683683
       5.8000000 -5.6948798E-003  2.1599201E-003       1.0159997       1.0153505     0.063939585
       6.0000000 -7.2086484E-003  1.2102829E-003       1.0513335       1.0506156     0.068332491
       6.2000000 -8.7688737E-003  2.3523298E-004       1.0866978       1.0859066     0.072861034
       6.4000000    -0.010375067 -7.6451975E-004       1.1220935       1.1212243     0.077523785
       6.6000000    -0.012026724 -1.7882364E-003       1.1575218       1.1565697     0.082319250
       6.8000000    -0.013723323 -2.8351489E-003       1.1929836       1.1919437     0.087245869
       7.0000000    -0.015464327 -3.9044588E-003       1.2284799       1.2273471     0.092302016
       7.2000000    -0.017249181 -4.9953375E-003       1.2640119       1.2627809     0.097485991
       7.4000000    -0.019077316 -6.1069246E-003       1.2995804       1.2982459      0.10279603
       7.6000000    -0.020948143 -7.2383280E-003       1.3351866       1.3337431      0.10823028
       7.8000000    -0.022861059 -8.3886224E-003       1.3708315       1.3692734      0.11378682
       8.0000000    -0.024815445 -9.5568494E-003       1.4065160       1.4048377      0.11946366
       8.2000000    -0.026810662    -0.010742016       1.4422412       1.4404369      0.12525871
       8.4000000    -0.028846056    -0.011943093       1.4780081       1.4760720      0.13116981
       8.6000000    -0.030920958    -0.013159018       1.5138178       1.5117438      0.13719470
       8.8000000    -0.033034679    -0.014388687       1.5496712       1.5474532      0.14333105
       9.0000000    -0.035186515    -0.015630962       1.5855694       1.5832013      0.14957641
       9.2000000    -0.037375743    -0.016884664       1.6215134       1.6189890      0.15592827
       9.4000000    -0.039601626    -0.018148574       1.6575043       1.6548171      0.16238398
       9.6000000    -0.041863407    -0.019421431       1.6935429       1.6906867      0.16894081
       9.8000000    -0.044160313    -0.020701935       1.7296304       1.7265986      0.17559594
       10.000000    -0.046491552    -0.021988737       1.7657678       1.7625539      0.18234641
       10.200000    -0.048856317    -0.023280447       1.8019561       1.7985534      0.18918916
       10.400000    -0.051253781    -0.024575628       1.8381963       1.8345983      0.19612101
       10.600000    -0.053683102    -0.025872794       1.8744894       1.8706893      0.20313867
       10.800000    -0.056143416    -0.027170412       1.9108364       1.9068275      0.21023870
       11.000000    -0.058633846    -0.028466895       1.9472383       1.9430139      0.21741756
       11.200000    -0.061153492    -0.029760608       1.9836962       1.9792494      0.22467156
       11.400000    -0.063701440    -0.031049858       2.0202110       2.0155350      0.23199685
       11.600000    -0.066276754    -0.032332898       2.0567837       2.0518718      0.23938948
       11.800000    -0.068878482    -0.033607925       2.0934154       2.0882606      0.24684531
       12.000000    -0.071505652    -0.034873075       2.1301070       2.1247026      0.25436006
       12.200000    -0.074157274    -0.036126421       2.1668595       2.1611987      0.26192929
       12.400000    -0.076832337    -0.037365975       2.2036739       2.1977499      0.26954840
       12.600000    -0.079529812    -0.038589681       2.2405512       2.2343573      0.27721258
       12.800000    -0.082248650    -0.039795418       2.2774923       2.2710218      0.28491689
       13.000000    -0.084987782    -0.040980991       2.3144983       2.3077445      0.29265617
       13.200000    -0.087746121    -0.042144133       2.3515700       2.3445265      0.30042507
       13.400000    -0.090522555    -0.043282503       2.3887086       2.3813688      0.30821805
       13.600000    -0.093315956    -0.044393678       2.4259148       2.4182723      0.31602934
       13.800000    -0.096125173    -0.045475157       2.4631897       2.4552383      0.32385297
       14.000000    -0.098949032    -0.046524352       2.5005341       2.4922677      0.33168274
       14.200000     -0.10178634    -0.047538588       2.5379491       2.5293616      0.33951221
       14.400000     -0.10463588    -0.048515098       2.5754355       2.5665211      0.34733469
       14.600000     -0.10749642    -0.049451022       2.6129943       2.6037473      0.35514325
       14.800000     -0.11036669    -0.050343399       2.6506264       2.6410412      0.36293068
       15.000000     -0.11324541    -0.051189167       2.6883325       2.6784040      0.37068951
       15.200000     -0.11613126    -0.051985156       2.7261138       2.7158367      0.37841197
       15.400000     -0.11902292    -0.052728087       2.7639709       2.7533405      0.38608999
       15.600000     -0.12191903    -0.053414563       2.8019048       2.7909165      0.39371522
       15.800000     -0.12481820    -0.054041067       2.8399163       2.8285658      0.40127894
       16.000000     -0.12771903    -0.054603957       2.8780062       2.8662896      0.40877213
       16.200000     -0.13062006    -0.055099460       2.9161753       2.9040890      0.41618540
       16.400000     -0.13351985    -0.055523666       2.9544245       2.9419651      0.42350900
       16.600000     -0.13641689    -0.055872520       2.9927546       2.9799191      0.43073280
       16.800000     -0.13930966    -0.056141821       3.0311661       3.0179521      0.43784628
       17.000000     -0.14219661    -0.056327212       3.0696600       3.0560655      0.44483848
       17.200000     -0.14507615    -0.056424171       3.1082370       3.0942602      0.45169804
       17.400000     -0.14794666    -0.056428007       3.1468976       3.1325376      0.45841313
       17.600000     -0.15080649    -0.056333851       3.1856426       3.1708989      0.46497145
       17.800000     -0.15365396    -0.056136648       3.2244727       3.2093452      0.47136021
       18.000000     -0.15648733    -0.055831147       3.2633885       3.2478777      0.47756612
       18.200000     -0.15930484    -0.055411891       3.3023905       3.2864978      0.48357533
       18.400000     -0.16210470    -0.054873211       3.3414793       3.3252066      0.48937345
       18.600000     -0.16488506    -0.054209213       3.3806554       3.3640054      0.49494549
       18.800000     -0.16764404    -0.053413765       3.4199193       3.4028955      0.50027585
       19.000000     -0.17037970    -0.052480488       3.4592715       3.4418781      0.50534830
       19.200000     -0.17309006    -0.051402744       3.4987125       3.4809545      0.51014593
       19.400000     -0.17577311    -0.050173620       3.5382424       3.5201261      0.51465112
       19.600000     -0.17842674    -0.048785917       3.5778618       3.5593940      0.51884554
       19.800000     -0.18104885    -0.047232131       3.6175708       3.5987598      0.52271006
       20.000000     -0.18363722    -0.045504443       3.6573698       3.6382245      0.52622476

Table series: Data for wavelength : 0.587562 µm.
   Y Angle (deg)       Tan Shift       Sag Shift     Real Height     Ref. Height      Distortion
  --------------  --------------  --------------  --------------  --------------  --------------
      0.00000000     0.011545457     0.011545457      0.00000000      0.00000000      0.00000000
      0.20000000     0.011519021     0.011527378     0.034874003     0.034873977  7.4867545E-005
      0.40000000     0.011439092     0.011473151     0.069749013     0.069748804  2.9945198E-004
      0.60000000     0.011305696     0.011382806      0.10462604      0.10462533  6.7369385E-004
      0.80000000     0.011118873     0.011256397      0.13950608      0.13950441  1.1974948E-003
       1.0000000     0.010878681     0.011093993      0.17439015      0.17438688  1.8707170E-003
       1.2000000     0.010585192     0.010895688      0.20927925      0.20927361  2.6931829E-003
       1.4000000     0.010238497     0.010661595      0.24417439      0.24416544  3.6646752E-003
       1.6000000  9.8387010E-003     0.010391849      0.27907658      0.27906323  4.7849363E-003
       1.8000000  9.3859266E-003     0.010086603      0.31398682      0.31396782  6.0536683E-003
       2.0000000  8.8803123E-003  9.7460344E-003      0.34890613      0.34888006  7.4705324E-003
       2.2000000  8.3220129E-003  9.3703399E-003      0.38383550      0.38380083  9.0351489E-003
       2.4000000  7.7111994E-003  8.9597378E-003      0.41877596      0.41873095     0.010747096
       2.6000000  7.0480594E-003  8.5144678E-003      0.45372849      0.45367130     0.012605910
       2.8000000  6.3327964E-003  8.0347911E-003      0.48869413      0.48862273     0.014611086
       3.0000000  5.5656307E-003  7.5209909E-003      0.52367386      0.52358610     0.016762072
       3.2000000  4.7467986E-003  6.9733720E-003      0.55866871      0.55856226     0.019058276
       3.4000000  3.8765530E-003  6.3922616E-003      0.59367968      0.59355207     0.021499060
       3.6000000  2.9551631E-003  5.7780093E-003      0.62870778      0.62855640     0.024083740
       3.8000000  1.9829145E-003  5.1309874E-003      0.66375402      0.66357611     0.026811588
       4.0000000  9.6010928E-004  4.4515910E-003      0.69881942      0.69861206     0.029681825
       4.2000000 -1.1293408E-004  3.7402384E-003      0.73390498      0.73366512     0.032693627
       4.4000000 -1.2358806E-003  2.9973716E-003      0.76901171      0.76873615     0.035846122
       4.6000000 -2.4083787E-003  2.2234564E-003      0.80414063      0.80382603     0.039138386
       4.8000000 -3.6300606E-003  1.4189827E-003      0.83929275      0.83893562     0.042569443
       5.0000000 -4.9005415E-003  5.8446493E-004      0.87446909      0.87406581     0.046138268
       5.2000000 -6.2194204E-003 -2.7955739E-004      0.90967064      0.90921745     0.049843781
       5.4000000 -7.5862796E-003 -1.1725195E-003      0.94489844      0.94439144     0.053684846
       5.6000000 -9.0006845E-003 -2.0938308E-003      0.98015348      0.97958865     0.057660273
       5.8000000    -0.010462184 -3.0428746E-003       1.0154368       1.0148100     0.061768813
       6.0000000    -0.011970311 -4.0190074E-003       1.0507494       1.0500563     0.066009159
       6.2000000    -0.013524580 -5.0215585E-003       1.0860923       1.0853284     0.070379942
       6.4000000    -0.015124489 -6.0498295E-003       1.1214665       1.1206273     0.074879734
       6.6000000    -0.016769522 -7.1030938E-003       1.1568730       1.1559539     0.079507040
       6.8000000    -0.018459142 -8.1805959E-003       1.1923129       1.1913091     0.084260300
       7.0000000    -0.020192798 -9.2815510E-003       1.2277871       1.2266936     0.089137886
       7.2000000    -0.021969921    -0.010405144       1.2632967       1.2621085     0.094138103
       7.4000000    -0.023789924    -0.011550529       1.2988427       1.2975547     0.099259181
       7.6000000    -0.025652204    -0.012716829       1.3344260       1.3330330      0.10449928
       7.8000000    -0.027556142    -0.013903135       1.3700479       1.3685444      0.10985648
       8.0000000    -0.029501099    -0.015108505       1.4057091       1.4040898      0.11532878
       8.2000000    -0.031486421    -0.016331962       1.4414108       1.4396700      0.12091411
       8.4000000    -0.033511435    -0.017572496       1.4771540       1.4752861      0.12661030
       8.6000000    -0.035575452    -0.018829062       1.5129396       1.5109389      0.13241512
       8.8000000    -0.037677764    -0.020100577       1.5487688       1.5466294      0.13832622
       9.0000000    -0.039817648    -0.021385922       1.5846424       1.5823584      0.14434117
       9.2000000    -0.041994360    -0.022683940       1.6205616       1.6181270      0.15045746
       9.4000000    -0.044207140    -0.023993433       1.6565273       1.6539361      0.15667247
       9.6000000    -0.046455211    -0.025313164       1.6925406       1.6897865      0.16298347
       9.8000000    -0.048737775    -0.026641854       1.7286024       1.7256794      0.16938764
       10.000000    -0.051054020    -0.027978183       1.7647139       1.7616155      0.17588205
       10.200000    -0.053403112    -0.029320784       1.8008758       1.7975959      0.18246364
       10.400000    -0.055784202    -0.030668248       1.8370894       1.8336215      0.18912927
       10.600000    -0.058196419    -0.032019116       1.8733556       1.8696933      0.19587564
       10.800000    -0.060638876    -0.033371884       1.9096754       1.9058123      0.20269936
       11.000000    -0.063110667    -0.034724997       1.9460497       1.9419794      0.20959690
       11.200000    -0.065610866    -0.036076850       1.9824797       1.9781956      0.21656458
       11.400000    -0.068138529    -0.037425785       2.0189662       2.0144619      0.22359860
       11.600000    -0.070692693    -0.038770088       2.0555104       2.0507793      0.23069503
       11.800000    -0.073272374    -0.040107991       2.0921131       2.0871488      0.23784976
       12.000000    -0.075876569    -0.041437667       2.1287754       2.1235714      0.24505855
       12.200000    -0.078504257    -0.042757230       2.1654982       2.1600480      0.25231700
       12.400000    -0.081154395    -0.044064731       2.2022826       2.1965798      0.25962053
       12.600000    -0.083825920    -0.045358157       2.2391294       2.2331677      0.26696441
       12.800000    -0.086517749    -0.046635429       2.2760398       2.2698127      0.27434372
       13.000000    -0.089228778    -0.047894400       2.3130146       2.3065159      0.28175336
       13.200000    -0.091957883    -0.049132851       2.3500548       2.3432783      0.28918804
       13.400000    -0.094703916    -0.050348488       2.3871613       2.3801009      0.29664226
       13.600000    -0.097465711    -0.051538944       2.4243351       2.4169848      0.30411035
       13.800000     -0.10024208    -0.052701769       2.4615772       2.4539311      0.31158638
       14.000000     -0.10303180    -0.053834433       2.4988885       2.4909408      0.31906423
       14.200000     -0.10583365    -0.054934320       2.5362699       2.5280150      0.32653754
       14.400000     -0.10864636    -0.055998725       2.5737223       2.5651547      0.33399971
       14.600000     -0.11146866    -0.057024852       2.6112466       2.6023610      0.34144390
       14.800000     -0.11429924    -0.058009808       2.6488438       2.6396351      0.34886300
       15.000000     -0.11713676    -0.058950601       2.6865147       2.6769780      0.35624963
       15.200000     -0.11997988    -0.059844136       2.7242602       2.7143908      0.36359615
       15.400000     -0.12282721    -0.060687208       2.7620812       2.7518746      0.37089461
       15.600000     -0.12567735    -0.061476503       2.7999785       2.7894306      0.37813677
       15.800000     -0.12852886    -0.062208588       2.8379530       2.8270599      0.38531405
       16.000000     -0.13138028    -0.062879908       2.8760054       2.8647636      0.39241759
       16.200000     -0.13423012    -0.063486782       2.9141367       2.9025428      0.39943814
       16.400000     -0.13707687    -0.064025397       2.9523475       2.9403988      0.40636612
       16.600000     -0.13991897    -0.064491801       2.9906388       2.9783325      0.41319157
       16.800000     -0.14275484    -0.064881897       3.0290111       3.0163454      0.41990416
       17.000000     -0.14558288    -0.065191439       3.0674654       3.0544384      0.42649315
       17.200000     -0.14840145    -0.065416023       3.1060022       3.0926128      0.43294736
       17.400000     -0.15120885    -0.065551078       3.1446224       3.1308699      0.43925520
       17.600000     -0.15400339    -0.065591866       3.1833265       3.1692107      0.44540462
       17.800000     -0.15678332    -0.065533463       3.2221152       3.2076365      0.45138309
       18.000000     -0.15954684    -0.065370761       3.2609892       3.2461485      0.45717757
       18.200000     -0.16229213    -0.065098453       3.2999490       3.2847480      0.46277451
       18.400000     -0.16501734    -0.064711024       3.3389952       3.3234362      0.46815984
       18.600000     -0.16772054    -0.064202744       3.3781284       3.3622144      0.47331890
       18.800000     -0.17039979    -0.063567654       3.4173490       3.4010838      0.47823643
       19.000000     -0.17305309    -0.062799556       3.4566575       3.4400456      0.48289658
       19.200000     -0.17567839    -0.061892003       3.4960543       3.4791012      0.48728283
       19.400000     -0.17827360    -0.060838284       3.5355399       3.5182519      0.49137799
       19.600000     -0.18083657    -0.059631409       3.5751145       3.5574990      0.49516418
       19.800000     -0.18336510    -0.058264101       3.6147784       3.5968438      0.49862274
       20.000000     -0.18585692    -0.056728773       3.6545320       3.6362875      0.50173427

Table series: Data for wavelength : 0.656273 µm.
   Y Angle (deg)       Tan Shift       Sag Shift     Real Height     Ref. Height      Distortion
  --------------  --------------  --------------  --------------  --------------  --------------
      0.00000000     0.016739596     0.016739596      0.00000000      0.00000000      0.00000000
      0.20000000     0.016713208     0.016721342     0.034865813     0.034865787  7.3910054E-005
      0.40000000     0.016633376     0.016666590     0.069732630     0.069732424  2.9562203E-004
      0.60000000     0.016500126     0.016575370      0.10460146      0.10460076  6.6507657E-004
      0.80000000     0.016313498     0.016447734      0.13947330      0.13947165  1.1821754E-003
       1.0000000     0.016073550     0.016283753      0.17434915      0.17434593  1.8467809E-003
       1.2000000     0.015780357     0.016083519      0.20923003      0.20922447  2.6587158E-003
       1.4000000     0.015434009     0.015847145      0.24411693      0.24410810  3.6177629E-003
       1.6000000     0.015034612     0.015574765      0.27901087      0.27899769  4.7236650E-003
       1.8000000     0.014582291     0.015266532      0.31391284      0.31389408  5.9761247E-003
       2.0000000     0.014077185     0.014922621      0.34882386      0.34879813  7.3748036E-003
       2.2000000     0.013519451     0.014543229      0.38374492      0.38371070  8.9193223E-003
       2.4000000     0.012909260     0.014128573      0.41867703      0.41863262     0.010609260
       2.6000000     0.012246803     0.013678891      0.45362121      0.45356477     0.012444154
       2.8000000     0.011532286     0.013194443      0.48857845      0.48850799     0.014423498
       3.0000000     0.010765930     0.012675510      0.52354976      0.52346314     0.016546743
       3.2000000  9.9479740E-003     0.012122396      0.55853615      0.55843109     0.018813298
       3.4000000  9.0786738E-003     0.011535426      0.59353862      0.59341268     0.021222525
       3.6000000  8.1583011E-003     0.010914948      0.62855819      0.62840879     0.023773742
       3.8000000  7.1871443E-003     0.010261332      0.66359586      0.66342028     0.026466220
       4.0000000  6.1655085E-003  9.5749719E-003      0.69865264      0.69844800     0.029299184
       4.2000000  5.0937154E-003  8.8562826E-003      0.73372954      0.73349283     0.032271812
       4.4000000  3.9721033E-003  8.1057040E-003      0.76882756      0.76855562     0.035383230
       4.6000000  2.8010272E-003  7.3236994E-003      0.80394773      0.80363726     0.038632519
       4.8000000  1.5808589E-003  6.5107560E-003      0.83909104      0.83873861     0.042018704
       5.0000000  3.1198679E-004  5.6673853E-003      0.87425851      0.87386054     0.045540762
       5.2000000 -1.0051839E-003  4.7941239E-003      0.90945114      0.90900394     0.049197615
       5.4000000 -2.3702313E-003  3.8915334E-003      0.94466996      0.94416966     0.052988130
       5.6000000 -3.7827164E-003  2.9602009E-003      0.97991597      0.97935861     0.056911119
       5.8000000 -5.2421835E-003  2.0007397E-003       1.0151902       1.0145716     0.060965337
       6.0000000 -6.7481601E-003  1.0137897E-003       1.0504936       1.0498097     0.065149480
       6.2000000 -8.3001566E-003  1.7634054E-008       1.0858273       1.0850735     0.069462182
       6.4000000 -9.8976665E-003 -1.0398822E-003       1.1211922       1.1203642     0.073902019
       6.6000000    -0.011540166 -2.1051873E-003       1.1565893       1.1556825     0.078467500
       6.8000000    -0.013227115 -3.1951466E-003       1.1920197       1.1910293     0.083157069
       7.0000000    -0.014957954 -4.3089800E-003       1.2274844       1.2264056     0.087969103
       7.2000000    -0.016732111 -5.4458772E-003       1.2629844       1.2618122     0.092901912
       7.4000000    -0.018548991 -6.6049975E-003       1.2985207       1.2972500     0.097953732
       7.6000000    -0.020407985 -7.7854693E-003       1.3340943       1.3327200      0.10312273
       7.8000000    -0.022308467 -8.9863886E-003       1.3697063       1.3682230      0.10840698
       8.0000000    -0.024249792    -0.010206819       1.4053576       1.4037600      0.11380451
       8.2000000    -0.026231298    -0.011445791       1.4410493       1.4393319      0.11931325
       8.4000000    -0.028252306    -0.012702300       1.4767823       1.4749396      0.12493103
       8.6000000    -0.030312119    -0.013975307       1.5125577       1.5105841      0.13065562
       8.8000000    -0.032410021    -0.015263736       1.5483766       1.5462662      0.13648470
       9.0000000    -0.034545280    -0.016566476       1.5842398       1.5819868      0.14241584
       9.2000000    -0.036717146    -0.017882377       1.6201485       1.6177470      0.14844654
       9.4000000    -0.038924850    -0.019210248       1.6561036       1.6535477      0.15457419
       9.6000000    -0.041167604    -0.020548862       1.6921062       1.6893897      0.16079607
       9.8000000    -0.043444605    -0.021896947       1.7281572       1.7252741      0.16710937
       10.000000    -0.045755028    -0.023253191       1.7642577       1.7612018      0.17351118
       10.200000    -0.048098033    -0.024616239       1.8004086       1.7971737      0.17999847
       10.400000    -0.050472758    -0.025984688       1.8366111       1.8331909      0.18656808
       10.600000    -0.052878325    -0.027357093       1.8728660       1.8692542      0.19321675
       10.800000    -0.055313835    -0.028731957       1.9091743       1.9053647      0.19994109
       11.000000    -0.057778372    -0.030107738       1.9455372       1.9415233      0.20673760
       11.200000    -0.060271000    -0.031482841       1.9819555       1.9777311      0.21360262
       11.400000    -0.062790764    -0.032855620       2.0184304       2.0139889      0.22053237
       11.600000    -0.065336687    -0.034224374       2.0549626       2.0502977      0.22752293
       11.800000    -0.067907777    -0.035587349       2.0915534       2.0866587      0.23457023
       12.000000    -0.070503018    -0.036942729       2.1282035       2.1230727      0.24167005
       12.200000    -0.073121375    -0.038288644       2.1649141       2.1595408      0.24881800
       12.400000    -0.075761795    -0.039623158       2.2016861       2.1960640      0.25600954
       12.600000    -0.078423201    -0.040944275       2.2385205       2.2326433      0.26323998
       12.800000    -0.081104497    -0.042249931       2.2754182       2.2692797      0.27050441
       13.000000    -0.083804565    -0.043537995       2.3123802       2.3059742      0.27779777
       13.200000    -0.086522268    -0.044806267       2.3494074       2.3427280      0.28511481
       13.400000    -0.089256445    -0.046052471       2.3865009       2.3795420      0.29245007
       13.600000    -0.092005914    -0.047274257       2.4236616       2.4164172      0.29979790
       13.800000    -0.094769469    -0.048469197       2.4608904       2.4533548      0.30715243
       14.000000    -0.097545885    -0.049634781       2.4981882       2.4903558      0.31450758
       14.200000     -0.10033391    -0.050768416       2.5355560       2.5274213      0.32185703
       14.400000     -0.10313227    -0.051867418       2.5729947       2.5645523      0.32919424
       14.600000     -0.10593967    -0.052929015       2.6105051       2.6017499      0.33651240
       14.800000     -0.10875478    -0.053950339       2.6480883       2.6390152      0.34380448
       15.000000     -0.11157627    -0.054928425       2.6857450       2.6763493      0.35106315
       15.200000     -0.11440275    -0.055860204       2.7234762       2.7137534      0.35828082
       15.400000     -0.11723283    -0.056742500       2.7612828       2.7512284      0.36544962
       15.600000     -0.12006508    -0.057572029       2.7991655       2.7887756      0.37256137
       15.800000     -0.12289806    -0.058345390       2.8371252       2.8263960      0.37960757
       16.000000     -0.12573028    -0.059059059       2.8751628       2.8640908      0.38657942
       16.200000     -0.12856024    -0.059709392       2.9132791       2.9018612      0.39346778
       16.400000     -0.13138639    -0.060292610       2.9514748       2.9397082      0.40026313
       16.600000     -0.13420718    -0.060804798       2.9897508       2.9776331      0.40695562
       16.800000     -0.13702099    -0.061241902       3.0281077       3.0156370      0.41353500
       17.000000     -0.13982621    -0.061599715       3.0665465       3.0537211      0.41999063
       17.200000     -0.14262116    -0.061873876       3.1050677       3.0918866      0.42631146
       17.400000     -0.14540415    -0.062059864       3.1436720       3.1301346      0.43248601
       17.600000     -0.14817345    -0.062152985       3.1823602       3.1684664      0.43850233
       17.800000     -0.15092729    -0.062148369       3.2211329       3.2068832      0.44434802
       18.000000     -0.15366386    -0.062040959       3.2599908       3.2453862      0.45001020
       18.200000     -0.15638130    -0.061825505       3.2989344       3.2839767      0.45547545
       18.400000     -0.15907775    -0.061496552       3.3379642       3.3226558      0.46072984
       18.600000     -0.16175126    -0.061048431       3.3770809       3.3614248      0.46575887
       18.800000     -0.16439986    -0.060475249       3.4162850       3.4002851      0.47054747
       19.000000     -0.16702154    -0.059770877       3.4555769       3.4392378      0.47507995
       19.200000     -0.16961422    -0.058928941       3.4949570       3.4782842      0.47933999
       19.400000     -0.17217579    -0.057942806       3.5344258       3.5174257      0.48331060
       19.600000     -0.17470407    -0.056805565       3.5739836       3.5566636      0.48697409
       19.800000     -0.17719684    -0.055510024       3.6136307       3.5959991      0.49031206
       20.000000     -0.17965182    -0.054048687       3.6533674       3.6354336      0.49330533
