Results for:	
File:	C:\Users\User\OneDrive - Massachusetts Institute of Technology\Documents\MIT\Grad School\Classes\2.156\Lens Project\Prime Lenses\US004908639_Example02_Tale32.zmx
Title:	Nikon AI AF DC Nikkor 135mm F2S (US 4,908,639 Example 2)
Date:	11/7/2025 5:38:48 PM

0 message(s) in output.
3 series table(s) in output.

Table series: Data for wavelength : 0.486133 µm.
   Y Angle (deg)       Tan Shift       Sag Shift     Real Height     Ref. Height      Distortion
  --------------  --------------  --------------  --------------  --------------  --------------
      0.00000000    -0.082387374    -0.082387374      0.00000000      0.00000000      0.00000000
     0.090866052    -0.082393481    -0.082403292      0.21393954      0.21393936  8.6369487E-005
      0.18173210    -0.082407015    -0.082451035      0.42788039      0.42787979  1.3910156E-004
      0.27259816    -0.082427978    -0.082530580      0.64182384      0.64182238  2.2697763E-004
      0.36346421    -0.082456371    -0.082641886      0.85577119      0.85576820  3.4998165E-004
      0.45433026    -0.082492196    -0.082784894       1.0697238       1.0697183  5.0809113E-004
      0.54519631    -0.082535458    -0.082959533       1.2836828       1.2836738  7.0127713E-004
      0.63606237    -0.082586159    -0.083165711       1.4976497       1.4976358  9.2950430E-004
      0.72692842    -0.082644305    -0.083403321       1.7116257       1.7116053  1.1927308E-003
      0.81779447    -0.082709904    -0.083672242       1.9256121       1.9255834  1.4909084E-003
      0.90866052    -0.082782962    -0.083972333       2.1396102       2.1395712  1.8239823E-003
      0.99952658    -0.082863489    -0.084303439       2.3536213       2.3535697  2.1918913E-003
       1.0903926    -0.082951496    -0.084665387       2.5676467       2.5675801  2.5945760E-003
       1.1812587    -0.083046996    -0.085057989       2.7816878       2.7816035  3.0319455E-003
       1.2721247    -0.083150004    -0.085481039       2.9957457       2.9956408  3.5039273E-003
       1.3629908    -0.083260537    -0.085934317       3.2098219       3.2096932  4.0104343E-003
       1.4538568    -0.083378616    -0.086417584       3.4239175       3.4237617  4.5513723E-003
       1.5447229    -0.083504262    -0.086930585       3.6380340       3.6378475  5.1266411E-003
       1.6355889    -0.083637503    -0.087473049       3.8521726       3.8519516  5.7361335E-003
       1.7264550    -0.083778368    -0.088044690       4.0663345       4.0660751  6.3797357E-003
       1.8173210    -0.083926890    -0.088645202       4.2805211       4.2802190  7.0573275E-003
       1.9081871    -0.084083107    -0.089274265       4.4947337       4.4943846  7.7687816E-003
       1.9990532    -0.084247061    -0.089931541       4.7089736       4.7085727  8.5139644E-003
       2.0899192    -0.084418801    -0.090616678       4.9232420       4.9227846  9.2927352E-003
       2.1807853    -0.084598379    -0.091329304       5.1375403       5.1370212     0.010104947
       2.2716513    -0.084785854    -0.092069033       5.3518697       5.3512838     0.010950445
       2.3625174    -0.084981292    -0.092835461       5.5662316       5.5655732     0.011829068
       2.4533834    -0.085184766    -0.093628167       5.7806272       5.7798908     0.012740649
       2.5442495    -0.085396355    -0.094446715       5.9950578       5.9942375     0.013685012
       2.6351155    -0.085616147    -0.095290650       6.2095246       6.2086143     0.014661977
       2.7259816    -0.085844241    -0.096159503       6.4240291       6.4230225     0.015671353
       2.8168476    -0.086080742    -0.097052787       6.6385724       6.6374631     0.016712945
       2.9077137    -0.086325766    -0.097969996       6.8531558       6.8519371     0.017786550
       2.9985797    -0.086579442    -0.098910612       7.0677807       7.0664457     0.018891957
       3.0894458    -0.086841908    -0.099874096       7.2824482       7.2809899     0.020028949
       3.1803118    -0.087113314     -0.10085989       7.4971597       7.4955708     0.021197302
       3.2711779    -0.087393825     -0.10186743       7.7119165       7.7101896     0.022396782
       3.3620439    -0.087683618     -0.10289613       7.9267197       7.9248473     0.023627151
       3.4529100    -0.087982885     -0.10394538       8.1415708       8.1395450     0.024888162
       3.5437760    -0.088291836     -0.10501455       8.3564709       8.3542838     0.026179559
       3.6346421    -0.088610694     -0.10610302       8.5714213       8.5690648     0.027501081
       3.7255081    -0.088939702     -0.10721012       8.7864234       8.7838890     0.028852458
       3.8163742    -0.089279119     -0.10833518       9.0014783       8.9987576     0.030233412
       3.9072402    -0.089629227     -0.10947752       9.2165873       9.2136717     0.031643658
       3.9981063    -0.089990326     -0.11063642       9.4317516       9.4286324     0.033082903
       4.0889724    -0.090362739     -0.11181116       9.6469726       9.6436407     0.034550845
       4.1798384    -0.090746811     -0.11300101       9.8622515       9.8586977     0.036047175
       4.2707045    -0.091142912     -0.11420521       10.077590       10.073805     0.037571576
       4.3615705    -0.091551437     -0.11542298       10.292988       10.288963     0.039123721
       4.4524366    -0.091972809     -0.11665352       10.508448       10.504172     0.040703277
       4.5433026    -0.092407478     -0.11789604       10.723971       10.719436     0.042309901
       4.6341687    -0.092855924     -0.11914971       10.939558       10.934753     0.043943241
       4.7250347    -0.093318659     -0.12041368       11.155210       11.150126     0.045602939
       4.8159008    -0.093796226     -0.12168710       11.370929       11.365555     0.047288625
       4.9067668    -0.094289203     -0.12296909       11.586716       11.581042     0.048999923
       4.9976329    -0.094798206     -0.12425876       11.802572       11.796587     0.050736445
       5.0884989    -0.095323886     -0.12555519       12.018498       12.012192     0.052497796
       5.1793650    -0.095866935     -0.12685747       12.234496       12.227858     0.054283572
       5.2702310    -0.096428085     -0.12816464       12.450567       12.443587     0.056093358
       5.3610971    -0.097008116     -0.12947574       12.666711       12.659378     0.057926730
       5.4519631    -0.097607846     -0.13078981       12.882931       12.875233     0.059783255
       5.5428292    -0.098228145     -0.13210584       13.099227       13.091154     0.061662489
       5.6336952    -0.098869935     -0.13342283       13.315600       13.307142     0.063563980
       5.7245613    -0.099534188     -0.13473974       13.532053       13.523197     0.065487264
       5.8154273     -0.10022193     -0.13605553       13.748585       13.739320     0.067431868
       5.9062934     -0.10093424     -0.13736914       13.965199       13.955514     0.069397306
       5.9971595     -0.10167226     -0.13867950       14.181895       14.171778     0.071383085
       6.0880255     -0.10243720     -0.13998551       14.398674       14.388115     0.073388698
       6.1788916     -0.10323032     -0.14128606       14.615538       14.604525     0.075413629
       6.2697576     -0.10405297     -0.14258002       14.832489       14.821009     0.077457349
       6.3606237     -0.10490655     -0.14386626       15.049526       15.037568     0.079519319
       6.4514897     -0.10579254     -0.14514361       15.266651       15.254204     0.081598988
       6.5423558     -0.10671250     -0.14641090       15.483866       15.470918     0.083695792
       6.6332218     -0.10766807     -0.14766694       15.701172       15.687711     0.085809156
       6.7240879     -0.10866097     -0.14891053       15.918569       15.904583     0.087938492
       6.8149539     -0.10969302     -0.15014044       16.136060       16.121537     0.090083199
       6.9058200     -0.11076611     -0.15135544       16.353644       16.338573     0.092242664
       6.9966860     -0.11188224     -0.15255428       16.571324       16.555692     0.094416260
       7.0875521     -0.11304351     -0.15373570       16.789099       16.772896     0.096603346
       7.1784181     -0.11425212     -0.15489840       17.006973       16.990186     0.098803268
       7.2692842     -0.11551037     -0.15604111       17.224944       17.207562      0.10101536
       7.3601502     -0.11682069     -0.15716250       17.443016       17.425027      0.10323893
       7.4510163     -0.11818561     -0.15826127       17.661188       17.642580      0.10547329
       7.5418823     -0.11960779     -0.15933606       17.879462       17.860224      0.10771772
       7.6327484     -0.12109002     -0.16038554       18.097840       18.077959      0.10997149
       7.7236144     -0.12263523     -0.16140835       18.316321       18.295787      0.11223387
       7.8144805     -0.12424646     -0.16240310       18.534907       18.513708      0.11450407
       7.9053465     -0.12592692     -0.16336841       18.753600       18.731724      0.11678134
       7.9962126     -0.12767997     -0.16430290       18.972399       18.949837      0.11906487
       8.0870787     -0.12950911     -0.16520514       19.191308       19.168046      0.12135384
       8.1779447     -0.13141802     -0.16607372       19.410325       19.386354      0.12364742
       8.2688108     -0.13341055     -0.16690720       19.629453       19.604762      0.12594477
       8.3596768     -0.13549071     -0.16770417       19.848692       19.823270      0.12824501
       8.4505429     -0.13766271     -0.16846315       20.068044       20.041880      0.13054724
       8.5414089     -0.13993094     -0.16918271       20.287510       20.260593      0.13285056
       8.6322750     -0.14230002     -0.16986137       20.507089       20.479411      0.13515403
       8.7231410     -0.14477475     -0.17049767       20.726784       20.698333      0.13745670
       8.8140071     -0.14736015     -0.17109013       20.946596       20.917363      0.13975758
       8.9048731     -0.15006148     -0.17163727       21.166525       21.136500      0.14205567
       8.9957392     -0.15288424     -0.17213760       21.386573       21.355745      0.14434995
       9.0866052     -0.15583417     -0.17258965       21.606739       21.575102      0.14663935

Table series: Data for wavelength : 0.587562 µm.
   Y Angle (deg)       Tan Shift       Sag Shift     Real Height     Ref. Height      Distortion
  --------------  --------------  --------------  --------------  --------------  --------------
      0.00000000  1.0004331E-003  1.0004331E-003      0.00000000      0.00000000      0.00000000
     0.090866052  9.9748240E-004  9.8389065E-004      0.21381253      0.21381249  1.9989817E-005
      0.18173210  9.9213265E-004  9.3427161E-004      0.42762639      0.42762605  7.9956488E-005
      0.27259816  9.8438677E-004  8.5160057E-004      0.64144291      0.64144176  1.7989163E-004
      0.36346421  9.7424949E-004  7.3591857E-004      0.85526343      0.85526070  3.1978130E-004
      0.45433026  9.6172730E-004  5.8728314E-004       1.0690893       1.0690839  4.9960594E-004
      0.54519631  9.4682831E-004  4.0576815E-004       1.2829218       1.2829126  7.1934041E-004
      0.63606237  9.2956229E-004  1.9146397E-004       1.4967623       1.4967476  9.7895399E-004
      0.72692842  9.0994048E-004 -5.5522557E-005       1.7106121       1.7105902  1.2784103E-003
      0.81779447  8.8797555E-004 -3.3506821E-004       1.9244726       1.9244414  1.6176675E-003
      0.90866052  8.6368140E-004 -6.4703334E-004       2.1383450       2.1383023  1.9966780E-003
      0.99952658  8.3707310E-004 -9.9126165E-004       2.3522308       2.3521740  2.4153885E-003
       1.0903926  8.0816684E-004 -1.3675806E-003       2.5661312       2.5660575  2.8737402E-003
       1.1812587  7.7697907E-004 -1.7758010E-003       2.7800476       2.7799539  3.3716687E-003
       1.2721247  7.4352732E-004 -2.2157170E-003       2.9939813       2.9938643  3.9091039E-003
       1.3629908  7.0782930E-004 -2.6871067E-003       3.2079336       3.2077897  4.4859700E-003
       1.4538568  6.6990295E-004 -3.1897312E-003       3.4219059       3.4217313  5.1021853E-003
       1.5447229  6.2976593E-004 -3.7233353E-003       3.6358995       3.6356901  5.7576628E-003
       1.6355889  5.8743563E-004 -4.2876471E-003       3.8499157       3.8496673  6.4523094E-003
       1.7264550  5.4292876E-004 -4.8823782E-003       4.0639558       4.0636638  7.1860265E-003
       1.8173210  4.9626088E-004 -5.5072237E-003       4.2780212       4.2776807  7.9587097E-003
       1.9081871  4.4744634E-004 -6.1618617E-003       4.4921132       4.4917193  8.7702486E-003
       1.9990532  3.9649780E-004 -6.8459539E-003       4.7062331       4.7057804  9.6205273E-003
       2.0899192  3.4342575E-004 -7.5591454E-003       4.9203823       4.9198652     0.010509424
       2.1807853  2.8823836E-004 -8.3010645E-003       5.1345620       5.1339748     0.011436811
       2.2716513  2.3094078E-004 -9.0713229E-003       5.3487736       5.3481103     0.012402554
       2.3625174  1.7153487E-004 -9.8695157E-003       5.5630184       5.5622727     0.013406514
       2.4533834  1.1001878E-004    -0.010695220       5.7772977       5.7764631     0.014448546
       2.5442495  4.6386300E-005    -0.011547998       5.9916129       5.9906827     0.015528497
       2.6351155 -1.9373566E-005    -0.012427394       6.2059653       6.2049324     0.016646212
       2.7259816 -8.7277033E-005    -0.013332935       6.4203562       6.4192135     0.017801525
       2.8168476 -1.5734639E-004    -0.014264133       6.6347868       6.6335268     0.018994268
       2.9077137 -2.2961026E-004    -0.015220481       6.8492586       6.8478737     0.020224265
       2.9985797 -3.0410444E-004    -0.016201456       7.0637728       7.0622550     0.021491334
       3.0894458 -3.8087244E-004    -0.017206518       7.2783308       7.2766720     0.022795287
       3.1803118 -4.5996613E-004    -0.018235110       7.4929338       7.4911257     0.024135929
       3.2711779 -5.4144667E-004    -0.019286657       7.7075832       7.7056172     0.025513061
       3.3620439 -6.2538486E-004    -0.020360570       7.9222803       7.9201476     0.026926476
       3.4529100 -7.1186227E-004    -0.021456239       8.1370263       8.1347180     0.028375959
       3.5437760 -8.0097184E-004    -0.022573040       8.3518227       8.3493294     0.029861292
       3.6346421 -8.9281869E-004    -0.023710330       8.5666706       8.5639830     0.031382248
       3.7255081 -9.8752113E-004    -0.024867449       8.7815715       8.7786799     0.032938596
       3.8163742 -1.0852115E-003    -0.026043721       8.9965265       8.9934211     0.034530095
       3.9072402 -1.1860370E-003    -0.027238451       9.2115371       9.2082077     0.036156499
       3.9981063 -1.2901608E-003    -0.028450930       9.4266045       9.4230409     0.037817557
       4.0889724 -1.3977630E-003    -0.029680427       9.6417299       9.6379217     0.039513010
       4.1798384 -1.5090417E-003    -0.030926197       9.8569148       9.8528512     0.041242590
       4.2707045 -1.6242142E-003    -0.032187478       10.072160       10.067831     0.043006025
       4.3615705 -1.7435179E-003    -0.033463489       10.287468       10.282861     0.044803036
       4.4524366 -1.8672116E-003    -0.034753432       10.502839       10.497943     0.046633335
       4.5433026 -1.9955769E-003    -0.036056491       10.718274       10.713079     0.048496628
       4.6341687 -2.1289191E-003    -0.037371835       10.933775       10.928268     0.050392614
       4.7250347 -2.2675691E-003    -0.038698613       11.149344       11.143513     0.052320985
       4.8159008 -2.4118843E-003    -0.040035958       11.364980       11.358815     0.054281424
       4.9067668 -2.5622502E-003    -0.041382985       11.580687       11.574174     0.056273610
       4.9976329 -2.7190816E-003    -0.042738791       11.796464       11.789591     0.058297211
       5.0884989 -2.8828252E-003    -0.044102458       12.012314       12.005069     0.060351888
       5.1793650 -3.0539596E-003    -0.045473047       12.228237       12.220607     0.062437296
       5.2702310 -3.2329990E-003    -0.046849604       12.444235       12.436207     0.064553082
       5.3610971 -3.4204917E-003    -0.048231157       12.660309       12.651871     0.066698883
       5.4519631 -3.6170242E-003    -0.049616717       12.876461       12.867598     0.068874330
       5.5428292 -3.8232273E-003    -0.051005275       13.092690       13.083391     0.071079045
       5.6336952 -4.0397694E-003    -0.052395808       13.309000       13.299250     0.073312642
       5.7245613 -4.2673620E-003    -0.053787274       13.525391       13.515177     0.075574727
       5.8154273 -4.5067648E-003    -0.055178612       13.741864       13.731173     0.077864897
       5.9062934 -4.7587853E-003    -0.056568748       13.958421       13.947238     0.080182740
       5.9971595 -5.0242807E-003    -0.057956586       14.175063       14.163374     0.082527838
       6.0880255 -5.3041617E-003    -0.059341016       14.391790       14.379582     0.084899760
       6.1788916 -5.5993937E-003    -0.060720908       14.608605       14.595864     0.087298068
       6.2697576 -5.9110001E-003    -0.062095118       14.825509       14.812219     0.089722316
       6.3606237 -6.2400646E-003    -0.063462482       15.042503       15.028650     0.092172047
       6.4514897 -6.5877345E-003    -0.064821820       15.259587       15.245158     0.094646795
       6.5423558 -6.9552225E-003    -0.066171936       15.476764       15.461743     0.097146084
       6.6332218 -7.3438108E-003    -0.067511616       15.694034       15.678407     0.099669429
       6.7240879 -7.7548533E-003    -0.068839629       15.911399       15.895151      0.10221633
       6.8149539 -8.1897799E-003    -0.070154728       16.128859       16.111976      0.10478629
       6.9058200 -8.6500984E-003    -0.071455650       16.346417       16.328884      0.10737879
       6.9966860 -9.1373993E-003    -0.072741113       16.564074       16.545874      0.10999330
       7.0875521 -9.6533587E-003    -0.074009823       16.781829       16.762949      0.11262928
       7.1784181    -0.010199742    -0.075260466       16.999686       16.980110      0.11528619
       7.2692842    -0.010778409    -0.076491713       17.217644       17.197358      0.11796347
       7.3601502    -0.011391315    -0.077702221       17.435706       17.414693      0.12066053
       7.4510163    -0.012040519    -0.078890630       17.653871       17.632117      0.12337681
       7.5418823    -0.012728185    -0.080055564       17.872143       17.849632      0.12611170
       7.6327484    -0.013456589    -0.081195633       18.090520       18.067238      0.12886460
       7.7236144    -0.014228121    -0.082309432       18.309006       18.284937      0.13163488
       7.8144805    -0.015045293    -0.083395541       18.527601       18.502729      0.13442192
       7.9053465    -0.015910741    -0.084452527       18.746305       18.720616      0.13722506
       7.9962126    -0.016827232    -0.085478941       18.965121       18.938599      0.14004364
       8.0870787    -0.017797673    -0.086473323       19.184050       19.156679      0.14287700
       8.1779447    -0.018825109    -0.087434196       19.403092       19.374858      0.14572443
       8.2688108    -0.019912737    -0.088360074       19.622248       19.593136      0.14858524
       8.3596768    -0.021063906    -0.089249457       19.841521       19.811514      0.15145870
       8.4505429    -0.022282129    -0.090100834       20.060910       20.029995      0.15434409
       8.5414089    -0.023571087    -0.090912680       20.280417       20.248578      0.15724064
       8.6322750    -0.024934636    -0.091683461       20.500043       20.467266      0.16014760
       8.7231410    -0.026376815    -0.092411634       20.719790       20.686059      0.16306417
       8.8140071    -0.027901854    -0.093095644       20.939658       20.904958      0.16598955
       8.9048731    -0.029514184    -0.093733928       21.159648       21.123965      0.16892293
       8.9957392    -0.031218442    -0.094324915       21.379762       21.343081      0.17186345
       9.0866052    -0.033019480    -0.094867024       21.600000       21.562307      0.17481027

Table series: Data for wavelength : 0.656273 µm.
   Y Angle (deg)       Tan Shift       Sag Shift     Real Height     Ref. Height      Distortion
  --------------  --------------  --------------  --------------  --------------  --------------
      0.00000000      0.13143922      0.13143922      0.00000000      0.00000000      0.00000000
     0.090866052      0.13143782      0.13142253      0.21373389      0.21373363  1.2226105E-004
      0.18173210      0.13143657      0.13137245      0.42746913      0.42746834  1.8483395E-004
      0.27259816      0.13143547      0.13128902      0.64120705      0.64120520  2.8911334E-004
      0.36346421      0.13143454      0.13117226      0.85494900      0.85494528  4.3508602E-004
      0.45433026      0.13143377      0.13102226       1.0686963       1.0686897  6.2273354E-004
      0.54519631      0.13143320      0.13083906       1.2824504       1.2824394  8.5203217E-004
      0.63606237      0.13143282      0.13062277       1.4962124       1.4961956  1.1229529E-003
      0.72692842      0.13143266      0.13037350       1.7099839       1.7099594  1.4354613E-003
      0.81779447      0.13143274      0.13009136       1.9237661       1.9237317  1.7895179E-003
      0.90866052      0.13143308      0.12977650       2.1375604       2.1375137  2.1850777E-003
      0.99952658      0.13143371      0.12942907       2.3513682       2.3513065  2.6220906E-003
       1.0903926      0.13143465      0.12904924       2.5651906       2.5651111  3.1004878E-003
       1.1812587      0.13143594      0.12863722       2.7790292       2.7789286  3.6202347E-003
       1.2721247      0.13143760      0.12819319       2.9928853       2.9927601  4.1812520E-003
       1.3629908      0.13143967      0.12771739       3.2067601       3.2066067  4.7834680E-003
       1.4538568      0.13144217      0.12721006       3.4206550       3.4204694  5.4268058E-003
       1.5447229      0.13144515      0.12667144       3.6345714       3.6343493  6.1111832E-003
       1.6355889      0.13144865      0.12610181       3.8485106       3.8482475  6.8365123E-003
       1.7264550      0.13145268      0.12550147       4.0624739       4.0621651  7.6027000E-003
       1.8173210      0.13145730      0.12487071       4.2764627       4.2761031  8.4096478E-003
       1.9081871      0.13146254      0.12420987       4.4904784       4.4900627  9.2572515E-003
       1.9990532      0.13146843      0.12351927       4.7045221       4.7040449     0.010145402
       2.0899192      0.13147501      0.12279928       4.9185954       4.9180508     0.011073984
       2.1807853      0.13148231      0.12205026       5.1326995       5.1320814     0.012042876
       2.2716513      0.13149036      0.12127261       5.3468357       5.3461379     0.013051954
       2.3625174      0.13149919      0.12046674       5.5610054       5.5602213     0.014101085
       2.4533834      0.13150884      0.11963306       5.7752099       5.7743328     0.015190132
       2.5442495      0.13151932      0.11877201       5.9894506       5.9884733     0.016318952
       2.6351155      0.13153065      0.11788406       6.2037287       6.2026441     0.017487397
       2.7259816      0.13154286      0.11696968       6.4180457       6.4168461     0.018695313
       2.8168476      0.13155595      0.11602935       6.6324028       6.6310804     0.019942539
       2.9077137      0.13156993      0.11506359       6.8468014       6.8453482     0.021228911
       2.9985797      0.13158481      0.11407292       7.0612427       7.0596505     0.022554256
       3.0894458      0.13160058      0.11305788       7.2757282       7.2739884     0.023918399
       3.1803118      0.13161723      0.11201903       7.4902592       7.4883630     0.025321154
       3.2711779      0.13163473      0.11095695       7.7048369       7.7027754     0.026762335
       3.3620439      0.13165308      0.10987222       7.9194627       7.9172267     0.028241745
       3.4529100      0.13167222      0.10876547       8.1341379       8.1317179     0.029759185
       3.5437760      0.13169211      0.10763731       8.3488638       8.3462502     0.031314447
       3.6346421      0.13171270      0.10648840       8.5636418       8.5608246     0.032907318
       3.7255081      0.13173392      0.10531939       8.7784731       8.7754423     0.034537580
       3.8163742      0.13175569      0.10413096       8.9933592       8.9901043     0.036205008
       3.9072402      0.13177791      0.10292381       9.2083012       9.2048117     0.037909370
       3.9981063      0.13180049      0.10169866       9.4233006       9.4195657     0.039650428
       4.0889724      0.13182330      0.10045623       9.6383586       9.6343672     0.041427939
       4.1798384      0.13184620     0.099197277       9.8534765       9.8492175     0.043241653
       4.2707045      0.13186904     0.097922564       10.068656       10.064118     0.045091314
       4.3615705      0.13189164     0.096632875       10.283897       10.279069     0.046976657
       4.4524366      0.13191382     0.095329012       10.499203       10.494072     0.048897414
       4.5433026      0.13193535     0.094011794       10.714574       10.709128     0.050853308
       4.6341687      0.13195602     0.092682058       10.930011       10.924238     0.052844057
       4.7250347      0.13197556     0.091340657       11.145516       11.139404     0.054869371
       4.8159008      0.13199368     0.089988463       11.361090       11.354626     0.056928953
       4.9067668      0.13201010     0.088626366       11.576734       11.569905     0.059022501
       4.9976329      0.13202446     0.087255273       11.792450       11.785243     0.061149703
       5.0884989      0.13203641     0.085876108       12.008239       12.000641     0.063310244
       5.1793650      0.13204556     0.084489815       12.224102       12.216100     0.065503798
       5.2702310      0.13205149     0.083097353       12.440041       12.431621     0.067730034
       5.3610971      0.13205373     0.081699700       12.656056       12.647205     0.069988612
       5.4519631      0.13205180     0.080297853       12.872150       12.862853     0.072279188
       5.5428292      0.13204517     0.078892823       13.088323       13.078566     0.074601407
       5.6336952      0.13203327     0.077485644       13.304576       13.294345     0.076954907
       5.7245613      0.13201549     0.076077362       13.520912       13.510193     0.079339321
       5.8154273      0.13199119     0.074669046       13.737330       13.726108     0.081754270
       5.9062934      0.13195967     0.073261778       13.953833       13.942094     0.084199370
       5.9971595      0.13192019     0.071856662       14.170422       14.158151     0.086674229
       6.0880255      0.13187196     0.070454817       14.387098       14.374279     0.089178446
       6.1788916      0.13181413     0.069057380       14.603862       14.590481     0.091711611
       6.2697576      0.13174582     0.067665505       14.820715       14.806756     0.094273307
       6.3606237      0.13166608     0.066280366       15.037660       15.023108     0.096863108
       6.4514897      0.13157388     0.064903152       15.254696       15.239535     0.099480579
       6.5423558      0.13146816     0.063535070       15.471825       15.456041      0.10212528
       6.6332218      0.13134779     0.062177345       15.689049       15.672625      0.10479675
       6.7240879      0.13121156     0.060831219       15.906369       15.889289      0.10749453
       6.8149539      0.13105819     0.059497951       16.123786       16.106034      0.11021816
       6.9058200      0.13088635     0.058178818       16.341301       16.322862      0.11296714
       6.9966860      0.13069459     0.056875112       16.558915       16.539772      0.11574100
       7.0875521      0.13048143     0.055588143       16.776630       16.756767      0.11853923
       7.1784181      0.13024527     0.054319240       16.994447       16.973848      0.12136131
       7.2692842      0.12998444     0.053069744       17.212368       17.191015      0.12420674
       7.3601502      0.12969716     0.051841017       17.430392       17.408270      0.12707497
       7.4510163      0.12938158     0.050634434       17.648522       17.625615      0.12996548
       7.5418823      0.12903573     0.049451387       17.866759       17.843049      0.13287769
       7.6327484      0.12865755     0.048293286       18.085103       18.060575      0.13581106
       7.7236144      0.12824486     0.047161553       18.303557       18.278193      0.13876501
       7.8144805      0.12779537     0.046057629       18.522121       18.495905      0.14173894
       7.9053465      0.12730668     0.044982967       18.740797       18.713712      0.14473226
       7.9962126      0.12677626     0.043939037       18.959585       18.931614      0.14774436
       8.0870787      0.12620144     0.042927324       19.178487       19.149614      0.15077462
       8.1779447      0.12557945     0.041949324       19.397504       19.367712      0.15382239
       8.2688108      0.12490734     0.041006552       19.616637       19.585910      0.15688703
       8.3596768      0.12418204     0.040100531       19.835888       19.804208      0.15996787
       8.4505429      0.12340032     0.039232802       20.055257       20.022608      0.16306424
       8.5414089      0.12255879     0.038404915       20.274746       20.241110      0.16617543
       8.6322750      0.12165389     0.037618435       20.494356       20.459717      0.16930076
       8.7231410      0.12068191     0.036874937       20.714087       20.678429      0.17243948
       8.8140071      0.11963893     0.036176007       20.933942       20.897248      0.17559087
       8.9048731      0.11852086     0.035523243       21.153920       21.116174      0.17875417
       8.9957392      0.11732341     0.034918251       21.374024       21.335210      0.18192860
       9.0866052      0.11604208     0.034362650       21.594255       21.554355      0.18511338
