Results for:	
File:	C:\Users\User\OneDrive - Massachusetts Institute of Technology\Documents\MIT\Grad School\Classes\2.156\Lens Project\Prime Lenses\DE02206106_Example01P.zmx
Title:	DE 2 206 106 Example 1 (Olympus 1000mm f11 E Zuiko Auto-T)
Date:	11/7/2025 5:22:43 PM

0 message(s) in output.
3 series table(s) in output.

Table series: Data for wavelength : 0.486133 µm.
   Y Angle (deg)       Tan Shift       Sag Shift     Real Height     Ref. Height      Distortion
  --------------  --------------  --------------  --------------  --------------  --------------
      0.00000000      0.88934420      0.88934420      0.00000000      0.00000000      0.00000000
     0.012349147      0.88946011      0.88940408      0.21536387      0.21536346  1.9245252E-004
     0.024698295      0.88986314      0.88958374      0.43072797      0.43072694  2.4081376E-004
     0.037047442      0.89055337      0.88988319      0.64609253      0.64609046  3.2141414E-004
     0.049396590      0.89153093      0.89030245      0.86145778      0.86145403  4.3425118E-004
     0.061745737      0.89279600      0.89084157       1.0768239       1.0768177  5.7932136E-004
     0.074094884      0.89434883      0.89150059       1.2921912       1.2921815  7.5662018E-004
     0.086444032      0.89618970      0.89227957       1.5075599       1.5075453  9.6614212E-004
     0.098793179      0.89831895      0.89317857       1.7229302       1.7229093  1.2078565E-003
      0.11114233      0.90073699      0.89419769       1.9383022       1.9382735  1.4818041E-003
      0.12349147      0.90344426      0.89533700       2.1536764       2.1536379  1.7879523E-003
      0.13584062      0.90644126      0.89659661       2.3690528       2.3690024  2.1262916E-003
      0.14818977      0.90972857      0.89797664       2.5844318       2.5843672  2.4968115E-003
      0.16053892      0.91330678      0.89947719       2.7998134       2.7997322  2.8995005E-003
      0.17288806      0.91717657      0.90109842       3.0151981       3.0150975  3.3343461E-003
      0.18523721      0.92133864      0.90284044       3.2305859       3.2304631  3.8013348E-003
      0.19758636      0.92579378      0.90470344       3.4459771       3.4458289  4.3004522E-003
      0.20993551      0.93054280      0.90668755       3.6613720       3.6611951  4.8316827E-003
      0.22228465      0.93558658      0.90879297       3.8767708       3.8765616  5.3950099E-003
      0.23463380      0.94092605      0.91101987       4.0921736       4.0919285  5.9904164E-003
      0.24698295      0.94656220      0.91336846       4.3075808       4.3072958  6.6178837E-003
      0.25933210      0.95249605      0.91583893       4.5229926       4.5226634  7.2773925E-003
      0.27168124      0.95872869      0.91843150       4.7384091       4.7380315  7.9689222E-003
      0.28403039      0.96526127      0.92114641       4.9538306       4.9534000  8.6924515E-003
      0.29637954      0.97209497      0.92398388       5.1692574       5.1687690  9.4479582E-003
      0.30872869      0.97923103      0.92694416       5.3846896       5.3841385     0.010235419
      0.32107783      0.98667076      0.93002752       5.6001275       5.5995085     0.011054809
      0.33342698      0.99441550      0.93323422       5.8155713       5.8148789     0.011906103
      0.34577613       1.0024666      0.93656454       6.0310212       6.0302500     0.012789276
      0.35812527       1.0108256      0.94001877       6.2464775       6.2456215     0.013704299
      0.37047442       1.0194940      0.94359720       6.4619403       6.4609937     0.014651146
      0.38282357       1.0284733      0.94730015       6.6774100       6.6763665     0.015629785
      0.39517272       1.0377650      0.95112793       6.8928866       6.8917398     0.016640189
      0.40752186       1.0473710      0.95508087       7.1083706       7.1071139     0.017682324
      0.41987101       1.0572928      0.95915932       7.3238620       7.3224886     0.018756161
      0.43222016       1.0675322      0.96336362       7.5393611       7.5378639     0.019861664
      0.44456931       1.0780910      0.96769414       7.7548681       7.7532400     0.020998801
      0.45691845       1.0889711      0.97215123       7.9703832       7.9686168     0.022167538
      0.46926760       1.1001743      0.97673528       8.1859067       8.1839943     0.023367837
      0.48161675       1.1117027      0.98144668       8.4014388       8.3993726     0.024599662
      0.49396590       1.1235582      0.98628583       8.6169797       8.6147516     0.025862977
      0.50631504       1.1357428      0.99125314       8.8325296       8.8301315     0.027157741
      0.51866419       1.1482587      0.99634902       9.0480887       9.0455122     0.028483917
      0.53101334       1.1611080       1.0015739       9.2636573       9.2608937     0.029841462
      0.54336249       1.1742928       1.0069282       9.4792356       9.4762761     0.031230337
      0.55571163       1.1878155       1.0124124       9.6948238       9.6916594     0.032650500
      0.56806078       1.2016782       1.0180270       9.9104220       9.9070436     0.034101906
      0.58040993       1.2158834       1.0237723       10.126031       10.122429     0.035584512
      0.59275908       1.2304333       1.0296490       10.341650       10.337815     0.037098273
      0.60510822       1.2453305       1.0356574       10.557280       10.553202     0.038643144
      0.61745737       1.2605773       1.0417981       10.772921       10.768590     0.040219079
      0.62980652       1.2761762       1.0480715       10.988573       10.983979     0.041826028
      0.64215567       1.2921299       1.0544782       11.204236       11.199369     0.043463945
      0.65450481       1.3084409       1.0610188       11.419911       11.414760     0.045132780
      0.66685396       1.3251118       1.0676936       11.635598       11.630152     0.046832484
      0.67920311       1.3421453       1.0745033       11.851297       11.845545     0.048563004
      0.69155225       1.3595442       1.0814484       12.067009       12.060939     0.050324291
      0.70390140       1.3773111       1.0885295       12.282733       12.276335     0.052116291
      0.71625055       1.3954489       1.0957472       12.498469       12.491731     0.053938951
      0.72859970       1.4139604       1.1031019       12.714218       12.707129     0.055792217
      0.74094884       1.4328484       1.1105943       12.929981       12.922528     0.057676034
      0.75329799       1.4521160       1.1182251       13.145757       13.137928     0.059590347
      0.76564714       1.4717660       1.1259947       13.361546       13.353329     0.061535099
      0.77799629       1.4918014       1.1339037       13.577349       13.568732     0.063510234
      0.79034543       1.5122252       1.1419529       13.793166       13.784135     0.065515692
      0.80269458       1.5330405       1.1501428       14.008997       13.999541     0.067551416
      0.81504373       1.5542504       1.1584740       14.224843       14.214947     0.069617346
      0.82739288       1.5758580       1.1669473       14.440703       14.430355     0.071713422
      0.83974202       1.5978665       1.1755631       14.656578       14.645764     0.073839584
      0.85209117       1.6202789       1.1843223       14.872468       14.861174     0.075995769
      0.86444032       1.6430986       1.1932254       15.088373       15.076586     0.078181916
      0.87678947       1.6663288       1.2022731       15.304293       15.291999     0.080397962
      0.88913861       1.6899727       1.2114661       15.520230       15.507414     0.082643844
      0.90148776       1.7140337       1.2208050       15.736181       15.722830     0.084919496
      0.91383691       1.7385150       1.2302907       15.952149       15.938247     0.087224856
      0.92618606       1.7634200       1.2399236       16.168133       16.153666     0.089559856
      0.93853520       1.7887521       1.2497046       16.384134       16.369087     0.091924432
      0.95088435       1.8145147       1.2596344       16.600151       16.584509     0.094318517
      0.96323350       1.8407110       1.2697136       16.816185       16.799932     0.096742044
      0.97558264       1.8673447       1.2799430       17.032236       17.015357     0.099194944
      0.98793179       1.8944191       1.2903233       17.248304       17.230784      0.10167715
       1.0002809       1.9219377       1.3008552       17.464389       17.446212      0.10418860
       1.0126301       1.9499040       1.3115395       17.680492       17.661642      0.10672921
       1.0249792       1.9783214       1.3223770       17.896613       17.877074      0.10929892
       1.0373284       2.0071934       1.3333682       18.112752       18.092507      0.11189766
       1.0496775       2.0365236       1.3445141       18.328909       18.307942      0.11452536
       1.0620267       2.0663154       1.3558153       18.545085       18.523379      0.11718194
       1.0743758       2.0965725       1.3672727       18.761279       18.738817      0.11986734
       1.0867250       2.1272982       1.3788869       18.977491       18.954257      0.12258149
       1.0990741       2.1584961       1.3906588       19.193723       19.169699      0.12532431
       1.1114233       2.1901698       1.4025891       19.409974       19.385142      0.12809573
       1.1237724       2.2223227       1.4146785       19.626244       19.600588      0.13089567
       1.1361216       2.2549584       1.4269279       19.842534       19.816035      0.13372407
       1.1484707       2.2880804       1.4393381       20.058843       20.031484      0.13658086
       1.1608199       2.3216922       1.4519097       20.275173       20.246935      0.13946595
       1.1731690       2.3557972       1.4646437       20.491522       20.462388      0.14237927
       1.1855182       2.3903990       1.4775408       20.707892       20.677843      0.14532076
       1.1978673       2.4255009       1.4906017       20.924282       20.893299      0.14829034
       1.2102164       2.4611064       1.5038273       21.140693       21.108758      0.15128793
       1.2225656       2.4972190       1.5172183       21.357125       21.324218      0.15431346
       1.2349147       2.5338419       1.5307756       21.573577       21.539681      0.15736685

Table series: Data for wavelength : 0.587562 µm.
   Y Angle (deg)       Tan Shift       Sag Shift     Real Height     Ref. Height      Distortion
  --------------  --------------  --------------  --------------  --------------  --------------
      0.00000000 -3.5757527E-003 -3.5757527E-003      0.00000000      0.00000000      0.00000000
     0.012349147 -3.5234078E-003 -3.5406932E-003      0.21555676      0.21555671  1.9436254E-005
     0.024698295 -3.3320102E-003 -3.4355090E-003      0.43111378      0.43111345  7.7744856E-005
     0.037047442 -3.0014785E-003 -3.2601825E-003      0.64667135      0.64667022  1.7492414E-004
     0.049396590 -2.5316734E-003 -3.0146849E-003      0.86222974      0.86222706  3.1097153E-004
     0.061745737 -1.9223974E-003 -2.6989755E-003       1.0777892       1.0777840  4.8588342E-004
     0.074094884 -1.1733951E-003 -2.3130020E-003       1.2933500       1.2933410  6.9965518E-004
     0.086444032 -2.8435368E-004 -1.8567006E-003       1.5089125       1.5088981  9.5228113E-004
     0.098793179  7.4509892E-004 -1.3299958E-003       1.7244768       1.7244554  1.2437545E-003
      0.11114233  1.9153896E-003 -7.3280078E-004       1.9400434       1.9400128  1.5740677E-003
      0.12349147  3.2270056E-003 -6.5016785E-005       2.1556123       2.1555704  1.9432119E-003
      0.13584062  4.6804921E-003  6.7346639E-004       2.3711840       2.3711283  2.3511773E-003
      0.14818977  6.2764506E-003  1.4827705E-003       2.5867587       2.5866863  2.7979531E-003
      0.16053892  8.0155418E-003  2.3630291E-003       2.8023366       2.8022446  3.2835275E-003
      0.17288806  9.8984828E-003  3.3143869E-003       3.0179180       3.0178031  3.8078876E-003
      0.18523721     0.011926049  4.3370006E-003       3.2335033       3.2333619  4.3710194E-003
      0.19758636     0.014099075  5.4310384E-003       3.4490926       3.4489211  4.9729081E-003
      0.20993551     0.016418450  6.5966797E-003       3.6646862       3.6644805  5.6135377E-003
      0.22228465     0.018885123  7.8341160E-003       3.8802844       3.8800403  6.2928913E-003
      0.23463380     0.021500101  9.1435500E-003       4.0958875       4.0956004  7.0109507E-003
      0.24698295     0.024264446     0.010525196       4.3114958       4.3111609  7.7676970E-003
      0.25933210     0.027179280     0.011979280       4.5271095       4.5267218  8.5631101E-003
      0.27168124     0.030245783     0.013506038       4.7427288       4.7422832  9.3971689E-003
      0.28403039     0.033465188     0.015105721       4.9583541       4.9578450     0.010269851
      0.29637954     0.036838790     0.016778589       5.1739857       5.1734072     0.011181134
      0.30872869     0.040367940     0.018524913       5.3896237       5.3889699     0.012130994
      0.32107783     0.044054044     0.020344978       5.6052684       5.6045332     0.013119404
      0.33342698     0.047898569     0.022239077       5.8209202       5.8200969     0.014146340
      0.34577613     0.051903036     0.024207517       6.0365793       6.0356612     0.015211773
      0.35812527     0.056069024     0.026250617       6.2522460       6.2512260     0.016315675
      0.37047442     0.060398169     0.028368704       6.4679204       6.4667915     0.017458018
      0.38282357     0.064892164     0.030562120       6.6836030       6.6823575     0.018638771
      0.39517272     0.069552757     0.032831217       6.8992939       6.8979241     0.019857903
      0.40752186     0.074381759     0.035176359       7.1149935       7.1134914     0.021115381
      0.41987101     0.079381028     0.037597921       7.3307019       7.3290594     0.022411173
      0.43222016     0.084552483     0.040096288       7.5464195       7.5446280     0.023745243
      0.44456931     0.089898103     0.042671859       7.7621465       7.7601973     0.025117556
      0.45691845     0.095419919     0.045325042       7.9778832       7.9757674     0.026528077
      0.46926760      0.10112002     0.048056258       8.1936299       8.1913382     0.027976767
      0.48161675      0.10700054     0.050865937       8.4093867       8.4069097     0.029463589
      0.49396590      0.11306369     0.053754524       8.6251541       8.6224821     0.030988504
      0.50631504      0.11931173     0.056722471       8.8409321       8.8380552     0.032551470
      0.51866419      0.12574696     0.059770245       9.0567212       9.0536292     0.034152446
      0.53101334      0.13237174     0.062898322       9.2725216       9.2692040     0.035791390
      0.54336249      0.13918851     0.066107187       9.4883334       9.4847796     0.037468259
      0.55571163      0.14619974     0.069397344       9.7041571       9.7003562     0.039183009
      0.56806078      0.15340795     0.072769299       9.9199928       9.9159336     0.040935594
      0.58040993      0.16081574     0.076223576       10.135841       10.131512     0.042725967
      0.59275908      0.16842575     0.079760705       10.351701       10.347091     0.044554082
      0.60510822      0.17624067     0.083381229       10.567575       10.562672     0.046419890
      0.61745737      0.18426324     0.087085704       10.783461       10.778253     0.048323342
      0.62980652      0.19249629     0.090874694       10.999361       10.993835     0.050264388
      0.64215567      0.20094264     0.094748775       11.215274       11.209418     0.052242977
      0.65450481      0.20960523     0.098708534       11.431202       11.425003     0.054259055
      0.66685396      0.21848701      0.10275457       11.647143       11.640588     0.056312571
      0.67920311      0.22759099      0.10688749       11.863099       11.856174     0.058403471
      0.69155225      0.23692024      0.11110791       12.079069       12.071762     0.060531698
      0.70390140      0.24647789      0.11541647       12.295055       12.287351     0.062697197
      0.71625055      0.25626711      0.11981381       12.511055       12.502941     0.064899911
      0.72859970      0.26629111      0.12430057       12.727071       12.718532     0.067139783
      0.74094884      0.27655317      0.12887742       12.943102       12.934124     0.069416753
      0.75329799      0.28705662      0.13354504       13.159149       13.149717     0.071730761
      0.76564714      0.29780483      0.13830410       13.375213       13.365312     0.074081748
      0.77799629      0.30880123      0.14315530       13.591293       13.580907     0.076469650
      0.79034543      0.32004929      0.14809934       13.807389       13.796505     0.078894406
      0.80269458      0.33155254      0.15313694       14.023503       14.012103     0.081355952
      0.81504373      0.34331454      0.15826882       14.239633       14.227703     0.083854224
      0.82739288      0.35533893      0.16349572       14.455781       14.443304     0.086389157
      0.83974202      0.36762936      0.16881838       14.671947       14.658906     0.088960683
      0.85209117      0.38018955      0.17423756       14.888130       14.874510     0.091568737
      0.86444032      0.39302326      0.17975402       15.104332       15.090115     0.094213250
      0.87678947      0.40613431      0.18536854       15.320552       15.305721     0.096894153
      0.88913861      0.41952654      0.19108191       15.536790       15.521329     0.099611377
      0.90148776      0.43320386      0.19689491       15.753048       15.736939      0.10236485
      0.91383691      0.44717020      0.20280836       15.969324       15.952549      0.10515450
      0.92618606      0.46142954      0.20882306       16.185620       16.168162      0.10798026
      0.93853520      0.47598593      0.21493984       16.401936       16.383775      0.11084205
      0.95088435      0.49084343      0.22115953       16.618271       16.599391      0.11373980
      0.96323350      0.50600614      0.22748298       16.834626       16.815008      0.11667344
      0.97558264      0.52147823      0.23391104       17.051002       17.030626      0.11964288
      0.98793179      0.53726387      0.24044456       17.267398       17.246246      0.12264806
       1.0002809      0.55336731      0.24708443       17.483815       17.461868      0.12568889
       1.0126301      0.56979281      0.25383151       17.700253       17.677491      0.12876530
       1.0249792      0.58654468      0.26068669       17.916713       17.893116      0.13187721
       1.0373284      0.60362725      0.26765088       18.133194       18.108742      0.13502454
       1.0496775      0.62104490      0.27472497       18.349696       18.324371      0.13820720
       1.0620267      0.63880205      0.28190988       18.566221       18.540001      0.14142512
       1.0743758      0.65690312      0.28920653       18.782767       18.755632      0.14467822
       1.0867250      0.67535260      0.29661585       18.999337       18.971266      0.14796642
       1.0990741      0.69415500      0.30413878       19.215929       19.186901      0.15128962
       1.1114233      0.71331483      0.31177627       19.432543       19.402538      0.15464775
       1.1237724      0.73283667      0.31952926       19.649181       19.618176      0.15804073
       1.1361216      0.75272510      0.32739872       19.865842       19.833817      0.16146846
       1.1484707      0.77298473      0.33538562       20.082527       20.049459      0.16493086
       1.1608199      0.79362020      0.34349093       20.299236       20.265104      0.16842785
       1.1731690      0.81463617      0.35171564       20.515968       20.480750      0.17195934
       1.1855182      0.83603731      0.36006073       20.732725       20.696398      0.17552523
       1.1978673      0.85782833      0.36852721       20.949507       20.912048      0.17912545
       1.2102164      0.88001393      0.37711608       21.166313       21.127700      0.18275991
       1.2225656      0.90259885      0.38582833       21.383144       21.343354      0.18642851
       1.2349147      0.92558782      0.39466500       21.600000       21.559010      0.19013117

Table series: Data for wavelength : 0.656273 µm.
   Y Angle (deg)       Tan Shift       Sag Shift     Real Height     Ref. Height      Distortion
  --------------  --------------  --------------  --------------  --------------  --------------
      0.00000000      0.74147783      0.74147783      0.00000000      0.00000000      0.00000000
     0.012349147      0.74150619      0.74150351      0.21533697      0.21533682  7.0049900E-005
     0.024698295      0.74161739      0.74158054      0.43067423      0.43067366  1.3203340E-004
     0.037047442      0.74181151      0.74170896      0.64601206      0.64601053  2.3533752E-004
     0.049396590      0.74208870      0.74188878      0.86135075      0.86134747  3.7995972E-004
     0.061745737      0.74244915      0.74212005       1.0766906       1.0766845  5.6589642E-004
     0.074094884      0.74289312      0.74240282       1.2920319       1.2920216  7.9314303E-004
     0.086444032      0.74342094      0.74273717       1.5073749       1.5073588  1.0616939E-003
     0.098793179      0.74403298      0.74312315       1.7227199       1.7226962  1.3715224E-003
      0.11114233      0.74472967      0.74356087       1.9380672       1.9380338  1.7226609E-003
      0.12349147      0.74551153      0.74405043       2.1534170       2.1533715  2.1150807E-003
      0.13584062      0.74637909      0.74459193       2.3687698       2.3687094  2.5487722E-003
      0.14818977      0.74733298      0.74518550       2.5841257       2.5840475  3.0237245E-003
      0.16053892      0.74837387      0.74583129       2.7994850       2.7993859  3.5399260E-003
      0.17288806      0.74950249      0.74652943       3.0148481       3.0147246  4.0973638E-003
      0.18523721      0.75071964      0.74728009       3.2302152       3.2300635  4.6960243E-003
      0.19758636      0.75202615      0.74808343       3.4455865       3.4454027  5.3358926E-003
      0.20993551      0.75342295      0.74893966       3.6609625       3.6607422  6.0169528E-003
      0.22228465      0.75491100      0.74984895       3.8763433       3.8760821  6.7391881E-003
      0.23463380      0.75649133      0.75081151       4.0917293       4.0914224  7.5025807E-003
      0.24698295      0.75816503      0.75182758       4.3071207       4.3067630  8.3071117E-003
      0.25933210      0.75993323      0.75289737       4.5225179       4.5221040  9.1527612E-003
      0.27168124      0.76179715      0.75402113       4.7379210       4.7374454     0.010039508
      0.28403039      0.76375805      0.75519911       4.9533305       4.9527873     0.010967331
      0.29637954      0.76581724      0.75643159       5.1687465       5.1681297     0.011936206
      0.30872869      0.76797612      0.75771885       5.3841694       5.3834725     0.012946110
      0.32107783      0.77023611      0.75906116       5.5995995       5.5988158     0.013997017
      0.33342698      0.77259872      0.76045884       5.8150369       5.8141596     0.015088903
      0.34577613      0.77506551      0.76191219       6.0304821       6.0295040     0.016221739
      0.35812527      0.77763808      0.76342155       6.2459353       6.2448490     0.017395497
      0.37047442      0.78031812      0.76498725       6.4613967       6.4601945     0.018610149
      0.38282357      0.78310736      0.76660964       6.6768667       6.6755406     0.019865664
      0.39517272      0.78600758      0.76828909       6.8923456       6.8908873     0.021162011
      0.40752186      0.78902065      0.77002596       7.1078336       7.1062347     0.022499159
      0.41987101      0.79214846      0.77182064       7.3233309       7.3215828     0.023877074
      0.43222016      0.79539298      0.77367353       7.5388380       7.5369315     0.025295722
      0.44456931      0.79875625      0.77558504       7.7543550       7.7522809     0.026755067
      0.45691845      0.80224034      0.77755558       7.9698823       7.9676311     0.028255074
      0.46926760      0.80584739      0.77958559       8.1854201       8.1829819     0.029795705
      0.48161675      0.80957960      0.78167551       8.4009687       8.3983336     0.031376923
      0.49396590      0.81343925      0.78382579       8.6165284       8.6136860     0.032998687
      0.50631504      0.81742862      0.78603691       8.8320995       8.8290392     0.034660958
      0.51866419      0.82155012      0.78830934       9.0476822       9.0443933     0.036363695
      0.53101334      0.82580615      0.79064357       9.2632768       9.2597482     0.038106855
      0.54336249      0.83019922      0.79304011       9.4788836       9.4751039     0.039890395
      0.55571163      0.83473188      0.79549946       9.6945028       9.6904605     0.041714271
      0.56806078      0.83940672      0.79802216       9.9101349       9.9058181     0.043578438
      0.58040993      0.84422641      0.80060874       10.125780       10.121177     0.045482848
      0.59275908      0.84919367      0.80325975       10.341438       10.336536     0.047427456
      0.60510822      0.85431127      0.80597574       10.557110       10.551896     0.049412213
      0.61745737      0.85958205      0.80875730       10.772796       10.767258     0.051437069
      0.62980652      0.86500891      0.81160500       10.988496       10.982620     0.053501974
      0.64215567      0.87059478      0.81451944       11.204210       11.197983     0.055606877
      0.65450481      0.87634267      0.81750122       11.419939       11.413348     0.057751727
      0.66685396      0.88225564      0.82055096       11.635683       11.628713     0.059936469
      0.67920311      0.88833681      0.82366929       11.851442       11.844080     0.062161049
      0.69155225      0.89458935      0.82685686       12.067217       12.059447     0.064425412
      0.70390140      0.90101649      0.83011431       12.283007       12.274816     0.066729502
      0.71625055      0.90762152      0.83344230       12.498813       12.490186     0.069073262
      0.72859970      0.91440777      0.83684152       12.714636       12.705557     0.071456634
      0.74094884      0.92137863      0.84031264       12.930475       12.920929     0.073879558
      0.75329799      0.92853756      0.84385636       13.146331       13.136303     0.076341975
      0.76564714      0.93588807      0.84747340       13.362204       13.351677     0.078843823
      0.77799629      0.94343370      0.85116447       13.578095       13.567053     0.081385041
      0.79034543      0.95117808      0.85493031       13.794003       13.782430     0.083965565
      0.80269458      0.95912487      0.85877165       14.009929       13.997809     0.086585331
      0.81504373      0.96727778      0.86268924       14.225873       14.213189     0.089244275
      0.82739288      0.97564060      0.86668386       14.441836       14.428570     0.091942330
      0.83974202      0.98421715      0.87075627       14.657817       14.643952     0.094679430
      0.85209117      0.99301130      0.87490727       14.873817       14.859336     0.097455507
      0.86444032       1.0020270      0.87913765       15.089836       15.074721      0.10027049
      0.87678947       1.0112682      0.88344821       15.305875       15.290107      0.10312432
      0.88913861       1.0207390      0.88783978       15.521934       15.505495      0.10601691
      0.90148776       1.0304434      0.89231319       15.738012       15.720885      0.10894820
      0.91383691       1.0403855      0.89686927       15.954111       15.936276      0.11191811
      0.92618606       1.0505696      0.90150887       16.170231       16.151668      0.11492658
      0.93853520       1.0610000      0.90623286       16.386371       16.367062      0.11797352
      0.95088435       1.0716807      0.91104211       16.602532       16.582457      0.12105886
      0.96323350       1.0826163      0.91593750       16.818714       16.797854      0.12418253
      0.97558264       1.0938111      0.92091993       17.034918       17.013253      0.12734445
      0.98793179       1.1052694      0.92599029       17.251144       17.228653      0.13054453
       1.0002809       1.1169958      0.93114950       17.467391       17.444054      0.13378271
       1.0126301       1.1289949      0.93639848       17.683661       17.659458      0.13705891
       1.0249792       1.1412710      0.94173816       17.899954       17.874862      0.14037303
       1.0373284       1.1538290      0.94716949       18.116269       18.090269      0.14372501
       1.0496775       1.1666733      0.95269343       18.332608       18.305677      0.14711475
       1.0620267       1.1798087      0.95831093       18.548969       18.521087      0.15054219
       1.0743758       1.1932400      0.96402296       18.765355       18.736499      0.15400722
       1.0867250       1.2069718      0.96983051       18.981763       18.951912      0.15750977
       1.0990741       1.2210091      0.97573458       19.198196       19.167328      0.16104976
       1.1114233       1.2353567      0.98173615       19.414654       19.382745      0.16462709
       1.1237724       1.2500194      0.98783624       19.631136       19.598163      0.16824168
       1.1361216       1.2650023      0.99403588       19.847642       19.813584      0.17189344
       1.1484707       1.2803101       1.0003361       20.064174       20.029006      0.17558229
       1.1608199       1.2959481       1.0067379       20.280731       20.244431      0.17930813
       1.1731690       1.3119211       1.0132423       20.497313       20.459857      0.18307088
       1.1855182       1.3282343       1.0198505       20.713921       20.675285      0.18687044
       1.1978673       1.3448928       1.0265634       20.930555       20.890715      0.19070672
       1.2102164       1.3619016       1.0333822       21.147215       21.106147      0.19457963
       1.2225656       1.3792660       1.0403079       21.363902       21.321581      0.19848908
       1.2349147       1.3969911       1.0473416       21.580615       21.537017      0.20243497
