Results for:	
File:	C:\Users\User\OneDrive - Massachusetts Institute of Technology\Documents\MIT\Grad School\Classes\2.156\Lens Project\Prime Lenses\US20160313535_Example01P.zmx
Title:	US 2016/0313535 Example 1 (Canon EF-M28mm f3.5 Macro IS STM)
Date:	11/7/2025 5:53:17 PM

0 message(s) in output.
3 series table(s) in output.

Table series: Data for wavelength : 0.486133 µm.
   Y Angle (deg)       Tan Shift       Sag Shift     Real Height     Ref. Height      Distortion
  --------------  --------------  --------------  --------------  --------------  --------------
      0.00000000     0.067616808     0.067616808      0.00000000      0.00000000      0.00000000
      0.26142156     0.067653817     0.067601784      0.12655596      0.12655589  5.7599254E-005
      0.52284311     0.067779804     0.067556699      0.25311706      0.25311705  5.0955827E-006
      0.78426467     0.067994449     0.067481519      0.37968844      0.37968875 -8.2197092E-005
       1.0456862     0.068297206     0.067376183      0.50627523      0.50627626 -2.0395865E-004
       1.3071078     0.068687301     0.067240608      0.63288258      0.63288486 -3.5975843E-004
       1.5685293     0.069163734     0.067074690      0.75951565      0.75951982 -5.4898590E-004
       1.8299509     0.069725285     0.066878299      0.88617960      0.88618643 -7.7095463E-004
       2.0913725     0.070370509     0.066651286       1.0128796       1.0128900 -1.0248334E-003
       2.3527940     0.071097746     0.066393478       1.1396208       1.1396357 -1.3096634E-003
       2.6142156     0.071905116     0.066104683       1.2664085       1.2664291 -1.6243588E-003
       2.8756371     0.072790531     0.065784690       1.3932478       1.3932752 -1.9677066E-003
       3.1370587     0.073751690     0.065433266       1.5201440       1.5201795 -2.3383671E-003
       3.3984802     0.074786091     0.065050164       1.6471022       1.6471473 -2.7348737E-003
       3.6599018     0.075891030     0.064635117       1.7741279       1.7741839 -3.1556339E-003
       3.9213234     0.077063608     0.064187845       1.9012263       1.9012947 -3.5989288E-003
       4.1827449     0.078300736     0.063708052       2.0284026       2.0284850 -4.0629137E-003
       4.4441665     0.079599140     0.063195432       2.1556622       2.1557602 -4.5456185E-003
       4.7055880     0.080955368     0.062649664       2.2830106       2.2831258 -5.0449476E-003
       4.9670096     0.082365796     0.062070421       2.4104530       2.4105870 -5.5586804E-003
       5.2284311     0.083826634     0.061457366       2.5379949       2.5381493 -6.0844714E-003
       5.4898527     0.085333934     0.060810157       2.6656418       2.6658183 -6.6198506E-003
       5.7512743     0.086883597     0.060128447       2.7933991       2.7935992 -7.1622233E-003
       6.0126958     0.088471379     0.059411887       2.9212724       2.9214977 -7.7088707E-003
       6.2741174     0.090092904     0.058660129       3.0492673       3.0495191 -8.2569498E-003
       6.5355389     0.091743667     0.057872825       3.1773893       3.1776690 -8.8034937E-003
       6.7969605     0.093419044     0.057049633       3.3056441       3.3059530 -9.3454111E-003
       7.0583820     0.095114305     0.056190216       3.4340373       3.4343766 -9.8794870E-003
       7.3198036     0.096824617     0.055294247       3.5625747       3.5629454    -0.010402382
       7.5812252     0.098545059     0.054361409       3.6912621       3.6916649    -0.010910633
       7.8426467      0.10027063     0.053391402       3.8201054       3.8205409    -0.011400652
       8.1040683      0.10199626     0.052383940       3.9491103       3.9495790    -0.011868727
       8.3654898      0.10371682     0.051338757       4.0782828       4.0787849    -0.012311019
       8.6269114      0.10542712     0.050255608       4.2076288       4.2081643    -0.012723565
       8.8883329      0.10712196     0.049134276       4.3371545       4.3377229    -0.013102276
       9.1497545      0.10879609     0.047974569       4.4668660       4.4674665    -0.013442935
       9.4111761      0.11044426     0.046776329       4.5967693       4.5974010    -0.013741199
       9.6725976      0.11206122     0.045539429       4.7268706       4.7275321    -0.013992594
       9.9340192      0.11364170     0.044263781       4.8571764       4.8578659    -0.014192519
       10.195441      0.11518050     0.042949339       4.9876929       4.9884080    -0.014336239
       10.456862      0.11667242     0.041596099       5.1184265       5.1191646    -0.014418889
       10.718284      0.11811231     0.040204106       5.2493837       5.2501416    -0.014435469
       10.979705      0.11949511     0.038773454       5.3805712       5.3813451    -0.014380844
       11.241127      0.12081581     0.037304295       5.5119954       5.5127810    -0.014249741
       11.502549      0.12206950     0.035796836       5.6436632       5.6444555    -0.014036745
       11.763970      0.12325135     0.034251348       5.7755813       5.7763748    -0.013736301
       12.025392      0.12435668     0.032668168       5.9077566       5.9085450    -0.013342710
       12.286813      0.12538092     0.031047701       6.0401961       6.0409724    -0.012850121
       12.548235      0.12631964     0.029390429       6.1729068       6.1736632    -0.012252538
       12.809656      0.12716859     0.027696909       6.3058958       6.3066238    -0.011543804
       13.071078      0.12792367     0.025967782       6.4391704       6.4398606    -0.010717610
       13.332499      0.12858100     0.024203776       6.5727379       6.5733800 -9.7674800E-003
       13.593921      0.12913687     0.022405707       6.7066058       6.7071884 -8.6867746E-003
       13.855343      0.12958782     0.020574489       6.8407815       6.8412924 -7.4686821E-003
       14.116764      0.12993059     0.018711136       6.9752727       6.9756986 -6.1062150E-003
       14.378186      0.13016221     0.016816765       7.1100871       7.1104137 -4.5922040E-003
       14.639607      0.13027995     0.014892603       7.2452327       7.2454442 -2.9192929E-003
       14.901029      0.13028137     0.012939992       7.3807173       7.3807970 -1.0799317E-003
       15.162450      0.13016432     0.010960393       7.5165490       7.5164788  9.3362951E-004
       15.423872      0.12992697  8.9553896E-003       7.6527361       7.6524966  3.1293480E-003
       15.685293      0.12956781  6.9266981E-003       7.7892869       7.7888573  5.5153954E-003
       15.946715      0.12908570  4.8761677E-003       7.9262098       7.9255679  8.1001662E-003
       16.208137      0.12847983  2.8057889E-003       8.0635135       8.0626353     0.010892286
       16.469558      0.12774979  7.1769827E-004       8.2012068       8.2000669     0.013900621
       16.730980      0.12689554 -1.3858155E-003       8.3392983       8.3378697     0.017134287
       16.992401      0.12591747 -3.5023056E-003       8.4777973       8.4760510     0.020602659
       17.253823      0.12481640 -5.6291613E-003       8.6167129       8.6146183     0.024315384
       17.515244      0.12359356 -7.7636011E-003       8.7560545       8.7535788     0.028282392
       17.776666      0.12225068 -9.9026668E-003       8.8958315       8.8929400     0.032513905
       18.038087      0.12078994    -0.012043216       9.0360536       9.0327096     0.037020454
       18.299509      0.11921400    -0.014181916       9.1767306       9.1728952     0.041812890
       18.560931      0.11752605    -0.016315237       9.3178727       9.3135044     0.046902400
       18.822352      0.11572980    -0.018439442       9.4594900       9.4545452     0.052300520
       19.083774      0.11382948    -0.020550583       9.6015929       9.5960254     0.058019152
       19.345195      0.11182990    -0.022644491       9.7441921       9.7379529     0.064070583
       19.606617      0.10973642    -0.024716767       9.8872983       9.8803359     0.070467496
       19.868038      0.10755499    -0.026762776       10.030923       10.023182     0.077222997
       20.129460      0.10529218    -0.028777635       10.175076       10.166501     0.084350628
       20.390881      0.10295516    -0.030756208       10.319771       10.310299     0.091864394
       20.652303      0.10055175    -0.032693092       10.465018       10.454586     0.099778776
       20.913725     0.098090402    -0.034582608       10.610830       10.599371      0.10810876
       21.175146     0.095580256    -0.036418796       10.757218       10.744661      0.11686987
       21.436568     0.093031124    -0.038195395       10.904196       10.890465      0.12607816
       21.697989     0.090453525    -0.039905839       11.051776       11.036793      0.13575029
       21.959411     0.087858692    -0.041543243       11.199971       11.183653      0.14590351
       22.220832     0.085258595    -0.043100389       11.348794       11.331055      0.15655571
       22.482254     0.082665957    -0.044569715       11.498260       11.479007      0.16772546
       22.743675     0.080094274    -0.045943302       11.648382       11.627519      0.17943200
       23.005097     0.077557832    -0.047212855       11.799175       11.776600      0.19169534
       23.266519     0.075071731    -0.048369695       11.950653       11.926260      0.20453623
       23.527940     0.072651901    -0.049404736       12.102832       12.076508      0.21797625
       23.789362     0.070315134    -0.050308475       12.255726       12.227354      0.23203780
       24.050783     0.068079102    -0.051070969       12.409353       12.378809      0.24674419
       24.312205     0.065962386    -0.051681818       12.563727       12.530881      0.26211964
       24.573626     0.063984510    -0.052130147       12.718866       12.683582      0.27818937
       24.835048     0.062165971    -0.052404583       12.874787       12.836921      0.29497960
       25.096469     0.060528275    -0.052493235       13.031508       12.990909      0.31251764
       25.357891     0.059093983    -0.052383666       13.189046       13.145557      0.33083191
       25.619313     0.057886759    -0.052062874       13.347421       13.300875      0.34995201
       25.880734     0.056931418    -0.051517261       13.506652       13.456874      0.36990878
       26.142156     0.056253995    -0.050732606       13.666758       13.613565      0.39073438

Table series: Data for wavelength : 0.587562 µm.
   Y Angle (deg)       Tan Shift       Sag Shift     Real Height     Ref. Height      Distortion
  --------------  --------------  --------------  --------------  --------------  --------------
      0.00000000     0.040944051     0.040944051      0.00000000      0.00000000      0.00000000
      0.26142156     0.040974108     0.040926042      0.12657160      0.12657163 -2.1780896E-005
      0.52284311     0.041074190     0.040872005      0.25314831      0.25314854 -8.7089999E-005
      0.78426467     0.041243973     0.040781901      0.37973524      0.37973598 -1.9573057E-004
       1.0456862     0.041482906     0.040655670      0.50633748      0.50633924 -3.4739078E-004
       1.3071078     0.041790210     0.040493227      0.63296015      0.63296358 -5.4164475E-004
       1.5685293     0.042164877     0.040294462      0.75960839      0.75961430 -7.7791043E-004
       1.8299509     0.042605676     0.040059245      0.88628731      0.88629666 -1.0555129E-003
       2.0913725     0.043111151     0.039787420       1.0130021       1.0130160 -1.3736427E-003
       2.3527940     0.043679627     0.039478811       1.1397578       1.1397775 -1.7313660E-003
       2.6142156     0.044309213     0.039133218       1.2665596       1.2665866 -2.1276255E-003
       2.8756371     0.044997800     0.038750425       1.3934128       1.3934485 -2.5612401E-003
       3.1370587     0.045743074     0.038330192       1.5203225       1.5203686 -3.0309055E-003
       3.3984802     0.046542512     0.037872264       1.6472939       1.6473522 -3.5351942E-003
       3.6599018     0.047393391     0.037376367       1.7743323       1.7744046 -4.0725560E-003
       3.9213234     0.048292790     0.036842210       1.9014429       1.9015312 -4.6413184E-003
       4.1827449     0.049237601     0.036269490       2.0286310       2.0287373 -5.2396865E-003
       4.4441665     0.050224527     0.035657888       2.1559019       2.1560284 -5.8657435E-003
       4.7055880     0.051250096     0.035007075       2.2832609       2.2834098 -6.5174514E-003
       4.9670096     0.052310659     0.034316711       2.4107134       2.4108868 -7.1926506E-003
       5.2284311     0.053402406     0.033586447       2.5382648       2.5384651 -7.8890608E-003
       5.4898527     0.054521367     0.032815930       2.6659205       2.6661499 -8.6042808E-003
       5.7512743     0.055663421     0.032004799       2.7936859       2.7939467 -9.3357891E-003
       6.0126958     0.056824305     0.031152692       2.9215665       2.9218611    -0.010080944
       6.2741174     0.057999623     0.030259245       3.0495679       3.0498984    -0.010836985
       6.5355389     0.059184851     0.029324097       3.1776956       3.1780643    -0.011601029
       6.7969605     0.060375350     0.028346890       3.3059552       3.3063642    -0.012370075
       7.0583820     0.061566373     0.027327272       3.4343524       3.4348038    -0.013141004
       7.3198036     0.062753077     0.026264899       3.5628929       3.5633886    -0.013910575
       7.5812252     0.063930528     0.025159437       3.6915823       3.6921242    -0.014675428
       7.8426467     0.065093717     0.024010569       3.8204265       3.8210162    -0.015432083
       8.1040683     0.066237569     0.022817989       3.9494313       3.9500703    -0.016176943
       8.3654898     0.067356949     0.021581414       4.0786026       4.0792923    -0.016906286
       8.6269114     0.068446682     0.020300580       4.2079463       4.2086877    -0.017616273
       8.8883329     0.069501557     0.018975250       4.3374684       4.3382625    -0.018302943
       9.1497545     0.070516340     0.017605211       4.4671750       4.4680222    -0.018962213
       9.4111761     0.071485789     0.016190284       4.5970721       4.5979729    -0.019589880
       9.6725976     0.072404665     0.014730321       4.7271660       4.7281202    -0.020181614
       9.9340192     0.073267741     0.013225212       4.8574628       4.8584701    -0.020732965
       10.195441     0.074069821     0.011674888       4.9879689       4.9890286    -0.021239355
       10.456862     0.074805748     0.010079321       5.1186906       5.1198014    -0.021696081
       10.718284     0.075470418  8.4385317E-003       5.2496344       5.2507947    -0.022098312
       10.979705     0.076058794  6.7525903E-003       5.3808067       5.3820145    -0.022441087
       11.241127     0.076565923  5.0216213E-003       5.5122141       5.5134667    -0.022719314
       11.502549     0.076986942  3.2458065E-003       5.6438633       5.6451576    -0.022927769
       11.763970     0.077317100  1.4253891E-003       5.7757611       5.7770933    -0.023061090
       12.025392     0.077551768 -4.3932282E-004       5.9079141       5.9092800    -0.023113778
       12.286813     0.077686453 -2.3479521E-003       6.0403294       6.0417238    -0.023080195
       12.548235     0.077716815 -4.3000487E-003       6.1730139       6.1744312    -0.022954558
       12.809656     0.077638681 -6.2950856E-003       6.3059746       6.3074083    -0.022730937
       13.071078     0.077448059 -8.3324548E-003       6.4392188       6.4406617    -0.022403252
       13.332499     0.077141153    -0.010411463       6.5727536       6.5741977    -0.021965269
       13.593921     0.076714379    -0.012531327       6.7065865       6.7080227    -0.021410595
       13.855343     0.076164381    -0.014691170       6.8407249       6.8421435    -0.020732676
       14.116764     0.075488045    -0.016890018       6.9751763       6.9765664    -0.019924789
       14.378186     0.074682514    -0.019126790       7.1099484       7.1112982    -0.018980039
       14.639607     0.073745208    -0.021400302       7.2450490       7.2463455    -0.017891352
       14.901029     0.072673832    -0.023709255       7.3804859       7.3817151    -0.016651473
       15.162450     0.071466400    -0.026052232       7.5162672       7.5174138    -0.015252953
       15.423872     0.070121246    -0.028427697       7.6524009       7.6534486    -0.013688148
       15.685293     0.068637042    -0.030833982       7.7888954       7.7898262    -0.011949209
       15.946715     0.067012813    -0.033269289       7.9257589       7.9265537    -0.010028076
       16.208137     0.065247952    -0.035731683       8.0629999       8.0636383 -7.9164667E-003
       16.469558     0.063342242    -0.038219083       8.2006272       8.2010869 -5.6058722E-003
       16.730980     0.061295863    -0.040729259       8.3386494       8.3389069 -3.0875443E-003
       16.992401     0.059109416    -0.043259827       8.4770755       8.4771054 -3.5248719E-004
       17.253823     0.056783935    -0.045808243       8.6159146       8.6156899  2.6085533E-003
       17.515244     0.054320906    -0.048371794       8.7551759       8.7546676  5.8051005E-003
       17.776666     0.051722280    -0.050947594       8.8948687       8.8940462  9.2469591E-003
       18.038087     0.048990493    -0.053532578       9.0350026       9.0338332     0.012944227
       18.299509     0.046128478    -0.056123494       9.1755873       9.1740362     0.016907307
       18.560931     0.043139685    -0.058716897       9.3166328       9.3146630     0.021146926
       18.822352     0.040028096    -0.061309142       9.4581490       9.4557213     0.025674140
       19.083774     0.036798240    -0.063896374       9.6001463       9.5972191     0.030500360
       19.345195     0.033455209    -0.066474525       9.7426350       9.7391643     0.035637360
       19.606617     0.030004678    -0.069039304       9.8856260       9.8815649     0.041097298
       19.868038     0.026452918    -0.071586186       10.029130       10.024429     0.046892734
       20.129460     0.022806811    -0.074110408       10.173158       10.167765     0.053036646
       20.390881     0.019073870    -0.076606958       10.317722       10.311582     0.059542454
       20.652303     0.015262253    -0.079070567       10.462832       10.455887     0.066424038
       20.913725     0.011380782    -0.081495697       10.608501       10.600689     0.073695760
       21.175146  7.4389574E-003    -0.083876534       10.754742       10.745997     0.081372489
       21.436568  3.4469749E-003    -0.086206976       10.901565       10.891820     0.089469622
       21.697989 -5.8425415E-004    -0.088480624       11.048984       11.038166     0.098003116
       21.959411 -4.6430876E-003    -0.090690768       11.197011       11.185045      0.10698950
       22.220832 -8.7171333E-003    -0.092830377       11.345661       11.332464      0.11644594
       22.482254    -0.012793229    -0.094892085       11.494945       11.480435      0.12639020
       22.743675    -0.016857424    -0.096868183       11.644878       11.628965      0.13684075
       23.005097    -0.020894958    -0.098750597       11.795475       11.778065      0.14781676
       23.266519    -0.024890238     -0.10053088       11.946749       11.927743      0.15933811
       23.527940    -0.028826815     -0.10220020       12.098715       12.078010      0.17142549
       23.789362    -0.032687359     -0.10374931       12.251389       12.228875      0.18410039
       24.050783    -0.036453633     -0.10516855       12.404785       12.380348      0.19738512
       24.312205    -0.040106461     -0.10644781       12.558921       12.532440      0.21130293
       24.573626    -0.043625695     -0.10757653       12.713812       12.685159      0.22587798
       24.835048    -0.046990179     -0.10854366       12.869476       12.838518      0.24113540
       25.096469    -0.050177712     -0.10933767       13.025929       12.992525      0.25710138
       25.357891    -0.053164997     -0.10994649       13.183189       13.147192      0.27380316
       25.619313    -0.055927591     -0.11035752       13.341275       13.302529      0.29126912
       25.880734    -0.058439852     -0.11055756       13.500206       13.458548      0.30952883
       26.142156    -0.060674864     -0.11053284       13.660000       13.615258      0.32861310

Table series: Data for wavelength : 0.656273 µm.
   Y Angle (deg)       Tan Shift       Sag Shift     Real Height     Ref. Height      Distortion
  --------------  --------------  --------------  --------------  --------------  --------------
      0.00000000     0.085839832     0.085839832      0.00000000      0.00000000      0.00000000
      0.26142156     0.085869012     0.085821124      0.12663247      0.12663256 -7.1893219E-005
      0.52284311     0.085963849     0.085764985      0.25327004      0.25327039 -1.4047512E-004
      0.78426467     0.086124021     0.085671381      0.37991781      0.37991877 -2.5457194E-004
       1.0456862     0.086348976     0.085540248      0.50658088      0.50658297 -4.1387423E-004
       1.3071078     0.086637933     0.085371502      0.63326436      0.63326827 -6.1797081E-004
       1.5685293     0.086989883     0.085165032      0.75997337      0.75997995 -8.6626128E-004
       1.8299509     0.087403592     0.084920707      0.88671303      0.88672330 -1.1580873E-003
       2.0913725     0.087877603     0.084638371       1.0134885       1.0135036 -1.4926456E-003
       2.3527940     0.088410239     0.084317845       1.1403049       1.1403262 -1.8690097E-003
       2.6142156     0.088999605     0.083958931       1.2671673       1.2671963 -2.2861305E-003
       2.8756371     0.089643591     0.083561408       1.3940810       1.3941193 -2.7428360E-003
       3.1370587     0.090339879     0.083125037       1.5210512       1.5211005 -3.2378322E-003
       3.3984802     0.091085944     0.082649561       1.6480830       1.6481452 -3.7697030E-003
       3.6599018     0.091879060     0.082134703       1.7751817       1.7752587 -4.3369105E-003
       3.9213234     0.092716304     0.081580173       1.9023526       1.9024465 -4.9377954E-003
       4.1827449     0.093594565     0.080985664       2.0296008       2.0297139 -5.5705774E-003
       4.4441665     0.094510545     0.080350857       2.1569318       2.1570662 -6.2333554E-003
       4.7055880     0.095460770     0.079675419       2.2843507       2.2845089 -6.9241079E-003
       4.9670096     0.096441591     0.078959010       2.4118631       2.4120474 -7.6406931E-003
       5.2284311     0.097449198     0.078201279       2.5394742       2.5396870 -8.3808497E-003
       5.4898527     0.098479622     0.077401869       2.6671894       2.6674333 -9.1421968E-003
       5.7512743     0.099528743     0.076560418       2.7950143       2.7952917 -9.9222343E-003
       6.0126958      0.10059230     0.075676563       2.9229543       2.9232676    -0.010718343
       6.2741174      0.10166591     0.074749938       3.0510148       3.0513666    -0.011527786
       6.5355389      0.10274504     0.073780179       3.1792015       3.1795941    -0.012347706
       6.7969605      0.10382506     0.072766926       3.3075200       3.3079558    -0.013175129
       7.0583820      0.10490125     0.071709826       3.4359759       3.4364572    -0.014006962
       7.3198036      0.10596876     0.070608532       3.5645748       3.5651039    -0.014839994
       7.5812252      0.10702267     0.069462711       3.6933226       3.6939014    -0.015670896
       7.8426467      0.10805799     0.068272041       3.8222249       3.8228555    -0.016496221
       8.1040683      0.10906966     0.067036217       3.9512876       3.9519718    -0.017312403
       8.3654898      0.11005257     0.065754954       4.0805166       4.0812559    -0.018115757
       8.6269114      0.11100156     0.064427986       4.2099177       4.2107137    -0.018902481
       8.8883329      0.11191145     0.063055075       4.3394971       4.3403508    -0.019668652
       9.1497545      0.11277704     0.061636009       4.4692606       4.4701730    -0.020410226
       9.4111761      0.11359310     0.060170606       4.5992145       4.6001862    -0.021123042
       9.6725976      0.11435444     0.058658718       4.7293648       4.7303962    -0.021802814
       9.9340192      0.11505587     0.057100236       4.8597179       4.8608089    -0.022445135
       10.195441      0.11569224     0.055495089       4.9902798       4.9914301    -0.023045476
       10.456862      0.11625843     0.053843250       5.1210571       5.1222659    -0.023599182
       10.718284      0.11674939     0.052144739       5.2520562       5.2533223    -0.024101472
       10.979705      0.11716014     0.050399628       5.3832834       5.3846052    -0.024547439
       11.241127      0.11748578     0.048608041       5.5147455       5.5161208    -0.024932044
       11.502549      0.11772152     0.046770162       5.6464490       5.6478751    -0.025250119
       11.763970      0.11786268     0.044886235       5.7784006       5.7798742    -0.025496363
       12.025392      0.11790469     0.042956570       5.9106072       5.9121245    -0.025665338
       12.286813      0.11784315     0.040981544       6.0430756       6.0446321    -0.025751467
       12.548235      0.11767380     0.038961612       6.1758127       6.1774034    -0.025749032
       12.809656      0.11739256     0.036897301       6.3088258       6.3104445    -0.025652173
       13.071078      0.11699553     0.034789222       6.4421218       6.4437620    -0.025454877
       13.332499      0.11647902     0.032638072       6.5757080       6.5773623    -0.025150985
       13.593921      0.11583955     0.030444636       6.7095918       6.7112518    -0.024734179
       13.855343      0.11507389     0.028209796       6.8437806       6.8454371    -0.024197981
       14.116764      0.11417904     0.025934528       6.9782819       6.9799247    -0.023535748
       14.378186      0.11315228     0.023619917       7.1131034       7.1147213    -0.022740669
       14.639607      0.11199115     0.021267152       7.2482528       7.2498337    -0.021805757
       14.901029      0.11069352     0.018877535       7.3837379       7.3852685    -0.020723842
       15.162450      0.10925754     0.016452488       7.5195668       7.5210325    -0.019487570
       15.423872      0.10768170     0.013993553       7.6557476       7.6571327    -0.018089389
       15.685293      0.10596486     0.011502401       7.7922884       7.7935760    -0.016521548
       15.946715      0.10410620  8.9808348E-003       7.9291976       7.9303694    -0.014776088
       16.208137      0.10210531  6.4307969E-003       8.0664836       8.0675199    -0.012844832
       16.469558     0.099962150  3.8543725E-003       8.2041552       8.2050347    -0.010719377
       16.730980     0.097677115  1.2537961E-003       8.3422209       8.3429210 -8.3910866E-003
       16.992401     0.095251012 -1.3685424E-003       8.4806898       8.4811861 -5.8510792E-003
       17.253823     0.092685096 -4.0100925E-003       8.6195708       8.6198372 -3.0902190E-003
       17.515244     0.089981081 -6.6681364E-003       8.7588732       8.7588819 -9.9104452E-005
       17.776666     0.087141159 -9.3397831E-003       8.8986063       8.8983276  3.1319429E-003
       18.038087     0.084168016    -0.012021962       9.0387795       9.0381819  6.6128907E-003
       18.299509     0.081064845    -0.014711415       9.1794027       9.1784524     0.010354009
       18.560931     0.077835370    -0.017404694       9.3204856       9.3191468     0.014365883
       18.822352     0.074483853    -0.020098146       9.4620383       9.4602730     0.018659430
       19.083774     0.071015119    -0.022787914       9.6040709       9.6018389     0.023245909
       19.345195     0.067434570    -0.025469925       9.7465940       9.7438524     0.028136944
       19.606617     0.063748198    -0.028139883       9.8896182       9.8863216     0.033344536
       19.868038     0.059962607    -0.030793261       10.033154       10.029255     0.038881080
       20.129460     0.056085026    -0.033425293       10.177213       10.172660     0.044759389
       20.390881     0.052123330    -0.036030963       10.321806       10.316546     0.050992708
       20.652303     0.048086053    -0.038605001       10.466945       10.460920     0.057594737
       20.913725     0.043982407    -0.041141868       10.612641       10.605792     0.064579653
       21.175146     0.039822299    -0.043635751       10.758907       10.751170     0.071962135
       21.436568     0.035616352    -0.046080547       10.905754       10.897063     0.079757382
       21.697989     0.031375917    -0.048469859       11.053196       11.043480     0.087981144
       21.959411     0.027113100    -0.050796980       11.201244       11.190429     0.096649745
       22.220832     0.022840773    -0.053054883       11.349913       11.337920      0.10578011
       22.482254     0.018572601    -0.055236208       11.499215       11.485961      0.11538981
       22.743675     0.014323059    -0.057333251       11.649164       11.634563      0.12549706
       23.005097     0.010107455    -0.059337948       11.799775       11.783734      0.13612078
       23.266519  5.9419565E-003    -0.061241863       11.951061       11.933485      0.14728062
       23.527940  1.8436100E-003    -0.063036170       12.103037       12.083824      0.15899699
       23.789362 -2.1696260E-003    -0.064711643       12.255719       12.234762      0.17129110
       24.050783 -6.0788571E-003    -0.066258632       12.409122       12.386308      0.18418501
       24.312205 -9.8642159E-003    -0.067667051       12.563261       12.538472      0.19770166
       24.573626    -0.013504831    -0.068926358       12.718154       12.691266      0.21186490
       24.835048    -0.016978787    -0.070025533       12.873817       12.844698      0.22669957
       25.096469    -0.020263078    -0.070953062       13.030266       12.998779      0.24223150
       25.357891    -0.023333567    -0.071696910       13.187521       13.153521      0.25848760
       25.619313    -0.026164924    -0.072244499       13.345598       13.308933      0.27549591
       25.880734    -0.028730568    -0.072582686       13.504517       13.465026      0.29328562
       26.142156    -0.031002598    -0.072697732       13.664297       13.621812      0.31188716
