Results for:	
File:	C:\Users\User\OneDrive - Massachusetts Institute of Technology\Documents\MIT\Grad School\Classes\2.156\Lens Project\Prime Lenses\US08970966-1.zmx
Title:	
Date:	11/7/2025 5:51:15 PM

0 message(s) in output.
3 series table(s) in output.

Table series: Data for wavelength : 0.486133 µm.
   Y Angle (deg)       Tan Shift       Sag Shift     Real Height     Ref. Height      Distortion
  --------------  --------------  --------------  --------------  --------------  --------------
      0.00000000    -0.036995841    -0.036995841      0.00000000      0.00000000      0.00000000
      0.25600000    -0.036993878    -0.037028718      0.20104108      0.20104126 -9.0514845E-005
      0.51200000    -0.037022338    -0.037127301      0.40208934      0.40209055 -3.0101524E-004
      0.76800000    -0.037081223    -0.037291442      0.60315197      0.60315590 -6.5192932E-004
       1.0240000    -0.037170520    -0.037520896      0.80423613      0.80424533 -1.1433773E-003
       1.2800000    -0.037290207    -0.037815320       1.0053490       1.0053669 -1.7755274E-003
       1.5360000    -0.037440245    -0.038174273       1.2064979       1.2065286 -2.5485962E-003
       1.7920000    -0.037620583    -0.038597214       1.4076898       1.4077385 -3.4628486E-003
       2.0480000    -0.037831156    -0.039083501       1.6089320       1.6090047 -4.5185931E-003
       2.3040000    -0.038071876    -0.039632394       1.8102317       1.8103352 -5.7162004E-003
       2.5600000    -0.038342641    -0.040243051       2.0115962       2.0117381 -7.0560763E-003
       2.8160000    -0.038643326    -0.040914530       2.2130325       2.2132215 -8.5386799E-003
       3.0720000    -0.038973783    -0.041645783       2.4145480       2.4147935    -0.010164519
       3.3280000    -0.039333841    -0.042435663       2.6161499       2.6164622    -0.011934152
       3.5840000    -0.039723298    -0.043282913       2.8178454       2.8182357    -0.013848184
       3.8400000    -0.040141922    -0.044186175       3.0196417       3.0201221    -0.015907272
       4.0960000    -0.040589448    -0.045143980       3.2215461       3.2221297    -0.018112122
       4.3520000    -0.041065574    -0.046154754       3.4235659       3.4242666    -0.020463490
       4.6080000    -0.041569956    -0.047216810       3.6257083       3.6265410    -0.022962183
       4.8640000    -0.042102209    -0.048328351       3.8279806       3.8289612    -0.025609058
       5.1200000    -0.042661898    -0.049487465       4.0303901       4.0315353    -0.028405025
       5.3760000    -0.043248538    -0.050692128       4.2329442       4.2342717    -0.031351042
       5.6320000    -0.043861585    -0.051940197       4.4356501       4.4371787    -0.034448123
       5.8880000    -0.044500438    -0.053229409       4.6385153       4.6402645    -0.037697331
       6.1440000    -0.045164432    -0.054557383       4.8415469       4.8435376    -0.041099784
       6.4000000    -0.045852829    -0.055921612       5.0447525       5.0470063    -0.044656652
       6.6560000    -0.046564822    -0.057319465       5.2481394       5.2506791    -0.048369158
       6.9120000    -0.047299521    -0.058748183       5.4517150       5.4545644    -0.052238582
       7.1680000    -0.048055955    -0.060204876       5.6554867       5.6586706    -0.056266256
       7.4240000    -0.048833063    -0.061686523       5.8594620       5.8630064    -0.060453569
       7.6800000    -0.049629689    -0.063189964       6.0636483       6.0675802    -0.064801965
       7.9360000    -0.050444578    -0.064711904       6.2680531       6.2724007    -0.069312947
       8.1920000    -0.051276372    -0.066248902       6.4726840       6.4774765    -0.073988071
       8.4480000    -0.052123600    -0.067797379       6.6775483       6.6828163    -0.078828956
       8.7040000    -0.052984675    -0.069353603       6.8826538       6.8884288    -0.083837277
       8.9600000    -0.053857890    -0.070913694       7.0880078       7.0943228    -0.089014770
       9.2160000    -0.054741410    -0.072473616       7.2936181       7.3005071    -0.094363230
       9.4720000    -0.055633267    -0.074029175       7.4994923       7.5069906    -0.099884515
       9.7280000    -0.056531355    -0.075576018       7.7056379       7.7137821     -0.10558055
       9.9840000    -0.057433422    -0.077109625       7.9120626       7.9208907     -0.11145330
       10.240000    -0.058337070    -0.078625306       8.1187742       8.1283253     -0.11750484
       10.496000    -0.059239743    -0.080118201       8.3257803       8.3360951     -0.12373726
       10.752000    -0.060138725    -0.081583271       8.5330886       8.5442092     -0.13015275
       11.008000    -0.061031134    -0.083015297       8.7407070       8.7526766     -0.13675356
       11.264000    -0.061913919    -0.084408871       8.9486433       8.9615068     -0.14354201
       11.520000    -0.062783850    -0.085758399       9.1569052       9.1707090     -0.15052047
       11.776000    -0.063637518    -0.087058090       9.3655006       9.3802926     -0.15769142
       12.032000    -0.064471329    -0.088301953       9.5744375       9.5902669     -0.16505738
       12.288000    -0.065281500    -0.089483793       9.7837236       9.8006416     -0.17262096
       12.544000    -0.066064052    -0.090597208       9.9933671       10.011426     -0.18038485
       12.800000    -0.066814810    -0.091635578       10.203376       10.222630     -0.18835180
       13.056000    -0.067529399    -0.092592064       10.413758       10.434264     -0.19652467
       13.312000    -0.068203241    -0.093459601       10.624521       10.646336     -0.20490636
       13.568000    -0.068831549    -0.094230894       10.835673       10.858857     -0.21349990
       13.824000    -0.069409332    -0.094898411       11.047223       11.071837     -0.22230838
       14.080000    -0.069931386    -0.095454375       11.259179       11.285286     -0.23133498
       14.336000    -0.070392298    -0.095890762       11.471549       11.499214     -0.24058296
       14.592000    -0.070786446    -0.096199294       11.684340       11.713631     -0.25005571
       14.848000    -0.071107994    -0.096371424       11.897562       11.928547     -0.25975667
       15.104000    -0.071350901    -0.096398351       12.111222       12.143973     -0.26968940
       15.360000    -0.071508916    -0.096270988       12.325329       12.359919     -0.27985757
       15.616000    -0.071575585    -0.095979965       12.539891       12.576396     -0.29026494
       15.872000    -0.071544254    -0.095515629       12.754917       12.793415     -0.30091538
       16.128000    -0.071408073    -0.094868025       12.970415       13.010985     -0.31181287
       16.384000    -0.071160001    -0.094026898       13.186394       13.229118     -0.32296151
       16.640000    -0.070792816    -0.092981679       13.402861       13.447826     -0.33436550
       16.896000    -0.070299119    -0.091721480       13.619826       13.667118     -0.34602917
       17.152000    -0.069671348    -0.090235085       13.837297       13.887006     -0.35795699
       17.408000    -0.068901786    -0.088510941       14.055282       14.107502     -0.37015354
       17.664000    -0.067982574    -0.086537153       14.273791       14.328616     -0.38262355
       17.920000    -0.066905723    -0.084301468       14.492832       14.550360     -0.39537186
       18.176000    -0.065663135    -0.081791273       14.712414       14.772746     -0.40840348
       18.432000    -0.064246613    -0.078993585       14.932545       14.995785     -0.42172356
       18.688000    -0.062647888    -0.075895034       15.153234       15.219490     -0.43533741
       18.944000    -0.060858632    -0.072481865       15.374490       15.443872     -0.44925049
       19.200000    -0.058870488    -0.068739918       15.596322       15.668943     -0.46346843
       19.456000    -0.056675090    -0.064654621       15.818739       15.894716     -0.47799702
       19.712000    -0.054264095    -0.060210983       16.041750       16.121202     -0.49284226
       19.968000    -0.051629209    -0.055393577       16.265363       16.348415     -0.50801030
       20.224000    -0.048762221    -0.050186534       16.489588       16.576366     -0.52350751
       20.480000    -0.045655040    -0.044573528       16.714433       16.805070     -0.53934045
       20.736000    -0.042299728    -0.038537765       16.939908       17.034538     -0.55551588
       20.992000    -0.038688542    -0.032061974       17.166022       17.264783     -0.57204080
       21.248000    -0.034813981    -0.025128390       17.392783       17.495820     -0.58892241
       21.504000    -0.030668823    -0.017718743       17.620201       17.727660     -0.60616818
       21.760000    -0.026246183 -9.8142448E-003       17.848285       17.960318     -0.62378581
       22.016000    -0.021539558 -1.3955770E-003       18.077043       18.193808     -0.64178325
       22.272000    -0.016542888  7.5571258E-003       18.306486       18.428143     -0.66016872
       22.528000    -0.011250605     0.017064289       18.536622       18.663337     -0.67895074
       22.784000 -5.6577024E-003     0.027146913       18.767460       18.899404     -0.69813811
       23.040000  2.4020724E-004     0.037826589       18.999010       19.136360     -0.71773994
       23.296000  6.4468236E-003     0.049125514       19.231281       19.374217     -0.73776564
       23.552000     0.012965091     0.061066508       19.464281       19.612991     -0.75822500
       23.808000     0.019797125     0.073673032       19.698020       19.852698     -0.77912811
       24.064000     0.026944144     0.086969202       19.932507       20.093351     -0.80048546
       24.320000     0.034406387      0.10097981       20.167751       20.334967     -0.82230791
       24.576000     0.042183046      0.11573035       20.403760       20.577560     -0.84460673
       24.832000     0.050272180      0.13124702       20.640545       20.821147     -0.86739358
       25.088000     0.058670648      0.14755675       20.878114       21.065743     -0.89068058
       25.344000     0.067374023      0.16468725       21.116476       21.311364     -0.91448032
       25.600000     0.076376525      0.18266698       21.355640       21.558028     -0.93880585

Table series: Data for wavelength : 0.587562 µm.
   Y Angle (deg)       Tan Shift       Sag Shift     Real Height     Ref. Height      Distortion
  --------------  --------------  --------------  --------------  --------------  --------------
      0.00000000  8.7880042E-003  8.7880042E-003      0.00000000      0.00000000      0.00000000
      0.25600000  8.7889356E-003  8.7515025E-003      0.20107195      0.20107209 -7.0901961E-005
      0.51200000  8.7567146E-003  8.6420458E-003      0.40215107      0.40215221 -2.8363311E-004
      0.76800000  8.6913450E-003  8.4597796E-003      0.60324454      0.60324839 -6.3826486E-004
       1.0240000  8.5928454E-003  8.2049468E-003      0.80435953      0.80436866 -1.1349170E-003
       1.2800000  8.4612497E-003  7.8778875E-003       1.0055032       1.0055211 -1.7737573E-003
       1.5360000  8.2966080E-003  7.4790396E-003       1.2066828       1.2067136 -2.5550015E-003
       1.7920000  8.0989879E-003  7.0089391E-003       1.4079054       1.4079544 -3.4789137E-003
       2.0480000  7.8684739E-003  6.4682209E-003       1.6091783       1.6092514 -4.5458067E-003
       2.3040000  7.6051747E-003  5.8576190E-003       1.8105086       1.8106128 -5.7560393E-003
       2.5600000  7.3092169E-003  5.1779674E-003       2.0119036       2.0120466 -7.1100212E-003
       2.8160000  6.9807521E-003  4.4302010E-003       2.2133704       2.2135609 -8.6082102E-003
       3.0720000  6.6199576E-003  3.6153567E-003       2.4149162       2.4151638    -0.010251112
       3.3280000  6.2270392E-003  2.7345728E-003       2.6165484       2.6168634    -0.012039283
       3.5840000  5.8022331E-003  1.7890924E-003       2.8182740       2.8186678    -0.013973327
       3.8400000  5.3458095E-003  7.8026399E-004       3.0201003       3.0205853    -0.016053898
       4.0960000  4.8580748E-003 -2.9045970E-004       3.2220347       3.2226238    -0.018281700
       4.3520000  4.3393756E-003 -1.4215167E-003       3.4240842       3.4247917    -0.020657486
       4.6080000  3.7901013E-003 -2.6112365E-003       3.6262563       3.6270971    -0.023182060
       4.8640000  3.2106883E-003 -3.8578383E-003       3.8285582       3.8295483    -0.025856276
       5.1200000  2.6016232E-003 -5.1594279E-003       4.0309971       4.0321535    -0.028681040
       5.3760000  1.9634475E-003 -6.5139998E-003       4.2335804       4.2349210    -0.031657308
       5.6320000  1.2967610E-003 -7.9194303E-003       4.4363153       4.4378591    -0.034786089
       5.8880000  6.0222638E-004 -9.3734788E-003       4.6392093       4.6409761    -0.038068442
       6.1440000 -1.1942619E-004    -0.010873785       4.8422697       4.8442803    -0.041505479
       6.4000000 -8.6739466E-004    -0.012417864       5.0455038       5.0477803    -0.045098368
       6.6560000 -1.6408004E-003    -0.014003113       5.2489190       5.2514843    -0.048848327
       6.9120000 -2.4386830E-003    -0.015626796       5.4525227       5.4554008    -0.052756628
       7.1680000 -3.2599955E-003    -0.017286052       5.6563224       5.6595384    -0.056824599
       7.4240000 -4.1035994E-003    -0.018977886       5.8603253       5.8639055    -0.061053624
       7.6800000 -4.9682588E-003    -0.020699170       6.0645391       6.0685107    -0.065445140
       7.9360000 -5.8526360E-003    -0.022446639       6.2689712       6.2733626    -0.070000641
       8.1920000 -6.7552850E-003    -0.024216887       6.4736290       6.4784698    -0.074721680
       8.4480000 -7.6746470E-003    -0.026006366       6.6785201       6.6838411    -0.079609866
       8.7040000 -8.6090441E-003    -0.027811382       6.8836521       6.8894852    -0.084666867
       8.9600000 -9.5566740E-003    -0.029628092       7.0890324       7.0954107    -0.089894409
       9.2160000    -0.010515605    -0.031452498       7.2946686       7.3016267    -0.095294281
       9.4720000    -0.011483768    -0.033280449       7.5005684       7.5081418     -0.10086833
       9.7280000    -0.012458955    -0.035107632       7.7067395       7.7149650     -0.10661847
       9.9840000    -0.013438810    -0.036929572       7.9131893       7.9221054     -0.11254666
       10.240000    -0.014420824    -0.038741627       8.1199257       8.1295718     -0.11865496
       10.496000    -0.015402330    -0.040538985       8.3269563       8.3373735     -0.12494545
       10.752000    -0.016380499    -0.042316655       8.5342889       8.5455194     -0.13142031
       11.008000    -0.017352333    -0.044069471       8.7419312       8.7540189     -0.13808177
       11.264000    -0.018314658    -0.045792080       8.9498910       8.9628811     -0.14493213
       11.520000    -0.019264124    -0.047478945       9.1581761       9.1721153     -0.15197378
       11.776000    -0.020197196    -0.049124333       9.3667945       9.3817310     -0.15920914
       12.032000    -0.021110151    -0.050722313       9.5757538       9.5917376     -0.16664075
       12.288000    -0.021999073    -0.052266758       9.7850622       9.8021445     -0.17427118
       12.544000    -0.022859851    -0.053751329       9.9947275       10.012961     -0.18210312
       12.800000    -0.023688172    -0.055169475       10.204758       10.224198     -0.19013929
       13.056000    -0.024479519    -0.056514429       10.415161       10.435864     -0.19838253
       13.312000    -0.025229169    -0.057779201       10.625945       10.647968     -0.20683574
       13.568000    -0.025932190    -0.058956574       10.837118       10.860522     -0.21550190
       13.824000    -0.026583439    -0.060039094       11.048688       11.073535     -0.22438409
       14.080000    -0.027177559    -0.061019070       11.260663       11.287017     -0.23348546
       14.336000    -0.027708978    -0.061888563       11.473052       11.500977     -0.24280926
       14.592000    -0.028171913    -0.062639386       11.685862       11.715427     -0.25235884
       14.848000    -0.028560364    -0.063263085       11.899102       11.930376     -0.26213762
       15.104000    -0.028868120    -0.063750958       12.112780       12.145835     -0.27214913
       15.360000    -0.029088756    -0.064094016       12.326905       12.361815     -0.28239700
       15.616000    -0.029215642    -0.064282997       12.541485       12.578325     -0.29288497
       15.872000    -0.029241940    -0.064308354       12.756528       12.795376     -0.30361686
       16.128000    -0.029160614    -0.064160247       12.972042       13.012980     -0.31459663
       16.384000    -0.028964432    -0.063828536       13.188036       13.231147     -0.32582833
       16.640000    -0.028645973    -0.063302775       13.404519       13.449888     -0.33731613
       16.896000    -0.028197636    -0.062572202       13.621499       13.669214     -0.34906432
       17.152000    -0.027611651    -0.061625732       13.838985       13.889136     -0.36107732
       17.408000    -0.026880084    -0.060451947       14.056985       14.109665     -0.37335966
       17.664000    -0.025994855    -0.059039093       14.275508       14.330813     -0.38591601
       17.920000    -0.024947746    -0.057375065       14.494563       14.552591     -0.39875119
       18.176000    -0.023730422    -0.055447400       14.714157       14.775011     -0.41187014
       18.432000    -0.022334441    -0.053243270       14.934301       14.998085     -0.42527794
       18.688000    -0.020751280    -0.050749473       15.155003       15.221824     -0.43897986
       18.944000    -0.018972347    -0.047952419       15.376272       15.446240     -0.45298128
       19.200000    -0.016989011    -0.044838124       15.598115       15.671346     -0.46728776
       19.456000    -0.014792623    -0.041392198       15.820544       15.897153     -0.48190505
       19.712000    -0.012374543    -0.037599839       16.043565       16.123674     -0.49683903
       19.968000 -9.7261669E-003    -0.033445813       16.267189       16.350922     -0.51209581
       20.224000 -6.8389630E-003    -0.028914455       16.491424       16.578908     -0.52768166
       20.480000 -3.7045012E-003    -0.023989647       16.716280       16.807647     -0.54360304
       20.736000 -3.1449129E-004    -0.018654814       16.941765       17.037150     -0.55986664
       20.992000  3.3391790E-003    -0.012892907       17.167888       17.267431     -0.57647935
       21.248000  7.2644011E-003 -6.6863944E-003       17.394658       17.498503     -0.59344828
       21.504000     0.011468802 -1.7248014E-005       17.622085       17.730379     -0.61078078
       21.760000     0.015959698  7.1330706E-003       17.850178       17.963073     -0.62848442
       22.016000     0.020744041     0.014783623       18.078945       18.196598     -0.64656704
       22.272000     0.025828369     0.022954006       18.308396       18.430969     -0.66503675
       22.528000     0.031218751     0.031664369       18.538540       18.666199     -0.68390191
       22.784000     0.036920723     0.040935425       18.769387       18.902303     -0.70317118
       23.040000     0.042939232     0.050788471       19.000945       19.139294     -0.72285351
       23.296000     0.049278568     0.061245397       19.233224       19.377188     -0.74295819
       23.552000     0.055942302     0.072328705       19.466232       19.615999     -0.76349478
       23.808000     0.062933211     0.084061529       19.699979       19.855742     -0.78447324
       24.064000     0.070253212     0.096467648       19.934474       20.096432     -0.80590384
       24.320000     0.077903286      0.10957150       20.169727       20.338085     -0.82779725
       24.576000     0.085883409      0.12339822       20.405746       20.580715     -0.85016451
       24.832000     0.094192470      0.13797363       20.642540       20.824340     -0.87301707
       25.088000      0.10282821      0.15332429       20.880118       21.068973     -0.89636683
       25.344000      0.11178712      0.16947747       21.118490       21.314632     -0.92022608
       25.600000      0.12106441      0.18646126       21.357664       21.561334     -0.94460763

Table series: Data for wavelength : 0.656273 µm.
   Y Angle (deg)       Tan Shift       Sag Shift     Real Height     Ref. Height      Distortion
  --------------  --------------  --------------  --------------  --------------  --------------
      0.00000000     0.072847453     0.072847453      0.00000000      0.00000000      0.00000000
      0.25600000     0.072848451     0.072809643      0.20109288      0.20109305 -8.6802825E-005
      0.51200000     0.072816098     0.072696263      0.40219293      0.40219413 -3.0011161E-004
      0.76800000     0.072750401     0.072507457      0.60330732      0.60331127 -6.5570590E-004
       1.0240000     0.072651380     0.072243467      0.80444323      0.80445251 -1.1537052E-003
       1.2800000     0.072519074     0.071904633       1.0056078       1.0056259 -1.7942768E-003
       1.5360000     0.072353538     0.071491392       1.2068083       1.2068394 -2.5776361E-003
       1.7920000     0.072154845     0.071004279       1.4080518       1.4081012 -3.5040462E-003
       2.0480000     0.071923089     0.070443926       1.6093456       1.6094192 -4.5738271E-003
       2.3040000     0.071658386     0.069811066       1.8106968       1.8108016 -5.7873213E-003
       2.5600000     0.071360873     0.069106532       2.0121126       2.0122564 -7.1449453E-003
       2.8160000     0.071030712     0.068331255       2.2136002       2.2137917 -8.6471555E-003
       3.0720000     0.070668093     0.067486271       2.4151669       2.4154156    -0.010294457
       3.3280000     0.070273235     0.066572714       2.6168198       2.6171362    -0.012087404
       3.5840000     0.069846389     0.065591826       2.8185663       2.8189617    -0.014026598
       3.8400000     0.069387840     0.064544950       3.0204134       3.0209001    -0.016112694
       4.0960000     0.068897912     0.063433537       3.2223685       3.2229597    -0.018346391
       4.3520000     0.068376969     0.062259145       3.4244387       3.4251487    -0.020728443
       4.6080000     0.067825420     0.061023439       3.6266315       3.6274752    -0.023259650
       4.8640000     0.067243722     0.059728197       3.8289540       3.8299475    -0.025940865
       5.1200000     0.066632382     0.058375309       4.0314136       4.0325739    -0.028772991
       5.3760000     0.065991966     0.056966774       4.2340175       4.2353625    -0.031756981
       5.6320000     0.065323096     0.055504711       4.4367730       4.4383217    -0.034893841
       5.8880000     0.064626461     0.053991356       4.6396875       4.6414599    -0.038184629
       6.1440000     0.063902818     0.052429063       4.8427684       4.8447853    -0.041630454
       6.4000000     0.063152995     0.050820309       5.0460230       5.0483065    -0.045232478
       6.6560000     0.062377900     0.049167694       5.2494586       5.2520317    -0.048991918
       6.9120000     0.061578525     0.047473944       5.4530827       5.4559695    -0.052910042
       7.1680000     0.060755946     0.045741914       5.6569027       5.6601283    -0.056988175
       7.4240000     0.059911335     0.043974591       5.8609260       5.8645167    -0.061227695
       7.6800000     0.059045962     0.042175096       6.0651601       6.0691433    -0.065630036
       7.9360000     0.058161200     0.040346685       6.2696124       6.2740165    -0.070196689
       8.1920000     0.057258530     0.038492756       6.4742904       6.4791452    -0.074929200
       8.4480000     0.056339550     0.036616846       6.6792017       6.6845379    -0.079829175
       8.7040000     0.055405975     0.034722642       6.8843537       6.8902033    -0.084898276
       8.9600000     0.054459649     0.032813976       7.0897540       7.0961504    -0.090138224
       9.2160000     0.053502545     0.030894834       7.2954103       7.3023878    -0.095550803
       9.4720000     0.052536773     0.028969359       7.5013301       7.5089244     -0.10113785
       9.7280000     0.051564587     0.027041850       7.7075210       7.7157692     -0.10690128
       9.9840000     0.050588388     0.025116772       7.9139907       7.9229312     -0.11284305
       10.240000     0.049610732     0.023198752       8.1207469       8.1304193     -0.11896519
       10.496000     0.048634333     0.021292592       8.3277973       8.3382426     -0.12526980
       10.752000     0.047662069     0.019403268       8.5351495       8.5464102     -0.13175904
       11.008000     0.046696992     0.017535932       8.7428115       8.7549314     -0.13843513
       11.264000     0.045742324     0.015695920       8.9507909       8.9638154     -0.14530037
       11.520000     0.044801471     0.013888758       9.1590956       9.1730714     -0.15235713
       11.776000     0.043878023     0.012120161       9.3677334       9.3827090     -0.15960784
       12.032000     0.042975758     0.010396041       9.5767123       9.5927374     -0.16705501
       12.288000     0.042098651  8.7225102E-003       9.7860401       9.8031663     -0.17470123
       12.544000     0.041250872  7.1058890E-003       9.9957247       10.014005     -0.18254914
       12.800000     0.040436796  5.5527087E-003       10.205774       10.225264     -0.19060148
       13.056000     0.039661000  4.0697167E-003       10.416196       10.436951     -0.19886106
       13.312000     0.038928272  2.6638823E-003       10.627000       10.649078     -0.20733078
       13.568000     0.038243609  1.3424023E-003       10.838192       10.861654     -0.21601361
       13.824000     0.037612222  1.1270647E-004       11.049781       11.074689     -0.22491261
       14.080000     0.037039537 -1.0175367E-003       11.261775       11.288193     -0.23403092
       14.336000     0.036531194 -2.0404120E-003       11.474183       11.502176     -0.24337179
       14.592000     0.036093050 -2.9477532E-003       11.687012       11.716648     -0.25293853
       14.848000     0.035731178 -3.7311480E-003       11.900271       11.931620     -0.26273455
       15.104000     0.035451866 -4.3819061E-003       12.113969       12.147101     -0.27276339
       15.360000     0.035261615 -4.8910722E-003       12.328112       12.363103     -0.28302864
       15.616000     0.035167135 -5.2494140E-003       12.542710       12.579636     -0.29353403
       15.872000     0.035175344 -5.4474151E-003       12.757772       12.796710     -0.30428336
       16.128000     0.035293364 -5.4752682E-003       12.973305       13.014337     -0.31528058
       16.384000     0.035528512 -5.3228674E-003       13.189318       13.232526     -0.32652970
       16.640000     0.035888297 -4.9798006E-003       13.405820       13.451290     -0.33803490
       16.896000     0.036380408 -4.4353422E-003       13.622819       13.670639     -0.34980042
       17.152000     0.037012711 -3.6784448E-003       13.840323       13.890583     -0.36183067
       17.408000     0.037793234 -2.6977312E-003       14.058342       14.111136     -0.37413016
       17.664000     0.038730155 -1.4814862E-003       14.276883       14.332307     -0.38670354
       17.920000     0.039831793 -1.7647749E-005       14.495956       14.554108     -0.39955558
       18.176000     0.041106587  1.7062018E-003       14.715570       14.776551     -0.41269122
       18.432000     0.042563087  3.7028444E-003       14.935733       14.999648     -0.42611551
       18.688000     0.044209926  5.9854359E-003       15.156453       15.223411     -0.43983366
       18.944000     0.046055809  8.5675156E-003       15.377740       15.447850     -0.45385105
       19.200000     0.048109487     0.011463016       15.599603       15.672979     -0.46817321
       19.456000     0.050379730     0.014686271       15.822050       15.898810     -0.48280583
       19.712000     0.052875305     0.018252032       16.045090       16.125355     -0.49775478
       19.968000     0.055604946     0.022175469       16.268733       16.352626     -0.51302612
       20.224000     0.058577321     0.026472190       16.492987       16.580637     -0.52862607
       20.480000     0.061801001     0.031158250       16.717861       16.809399     -0.54456107
       20.736000     0.065284424     0.036250159       16.943365       17.038926     -0.56083776
       20.992000     0.069035854     0.041764897       17.169507       17.269231     -0.57746298
       21.248000     0.073063342     0.047719926       17.396297       17.500327     -0.59444378
       21.504000     0.077374680     0.054133201       17.623743       17.732227     -0.61178748
       21.760000     0.081977357     0.061023185       17.851856       17.964945     -0.62950159
       22.016000     0.086878508     0.068408861       18.080643       18.198495     -0.64759390
       22.272000     0.092084859     0.076309744       18.310114       18.432890     -0.66607244
       22.528000     0.097602676     0.084745899       18.540278       18.668145     -0.68494553
       22.784000      0.10343770     0.093737951       18.771145       18.904273     -0.70422175
       23.040000      0.10959511      0.10330711       19.002723       19.141289     -0.72391000
       23.296000      0.11607940      0.11347516       19.235023       19.379208     -0.74401947
       23.552000      0.12289440      0.12426451       19.468052       19.618044     -0.76455967
       23.808000      0.13004314      0.13569820       19.701821       19.857812     -0.78554046
       24.064000      0.13752778      0.14779990       19.936338       20.098527     -0.80697203
       24.320000      0.14534961      0.16059394       20.171612       20.340205     -0.82886497
       24.576000      0.15350887      0.17410533       20.407653       20.582861     -0.85123021
       24.832000      0.16200478      0.18835979       20.644470       20.826510     -0.87407912
       25.088000      0.17083538      0.20338374       20.882072       21.071169     -0.89742346
       25.344000      0.17999753      0.21920436       21.120467       21.316854     -0.92127545
       25.600000      0.18948678      0.23584957       21.359666       21.563581     -0.94564774
