Results for:	
File:	C:\Users\User\OneDrive - Massachusetts Institute of Technology\Documents\MIT\Grad School\Classes\2.156\Lens Project\Prime Lenses\US20090190220_Example05P.zmx
Title:	US 2009/0190220 Example 5 (Nikon AF-S DX Micro Nikkor 85mm f/3.5G ED VR)
Date:	11/7/2025 5:51:59 PM

0 message(s) in output.
3 series table(s) in output.

Table series: Data for wavelength : 0.486133 µm.
   Y Angle (deg)       Tan Shift       Sag Shift     Real Height     Ref. Height      Distortion
  --------------  --------------  --------------  --------------  --------------  --------------
      0.00000000    -0.091434253    -0.091434253      0.00000000      0.00000000      0.00000000
     0.051553667    -0.091439026    -0.091445960      0.14076466      0.14076459  4.6702371E-005
      0.10310733    -0.091452258    -0.091481069      0.28152944      0.28152941  1.0076130E-005
      0.15466100    -0.091473920    -0.091539556      0.42229448      0.42229469 -5.0998954E-005
      0.20621467    -0.091503959    -0.091621376      0.56305988      0.56306065 -1.3656308E-004
      0.25776834    -0.091542304    -0.091726468      0.70382579      0.70382752 -2.4658177E-004
      0.30932200    -0.091588860    -0.091854753      0.84459232      0.84459554 -3.8106074E-004
      0.36087567    -0.091643511    -0.092006133      0.98535960      0.98536492 -5.4000701E-004
      0.41242934    -0.091706119    -0.092180496       1.1261277       1.1261359 -7.2342883E-004
      0.46398301    -0.091776526    -0.092377708       1.2668969       1.2669087 -9.3133575E-004
      0.51553667    -0.091854550    -0.092597620       1.4076672       1.4076835 -1.1637385E-003
      0.56709034    -0.091939989    -0.092840064       1.5484387       1.5484607 -1.4206492E-003
      0.61864401    -0.092032619    -0.093104857       1.6892116       1.6892403 -1.7020811E-003
      0.67019767    -0.092132192    -0.093391793       1.8299859       1.8300227 -2.0080486E-003
      0.72175134    -0.092238442    -0.093700654       1.9707619       1.9708080 -2.3385675E-003
      0.77330501    -0.092351077    -0.094031200       2.1115397       2.1115965 -2.6936546E-003
      0.82485868    -0.092469785    -0.094383174       2.2523193       2.2523885 -3.0733283E-003
      0.87641234    -0.092594230    -0.094756303       2.3931009       2.3931841 -3.4776077E-003
      0.92796601    -0.092724054    -0.095150293       2.5338846       2.5339836 -3.9065133E-003
      0.97951968    -0.092858878    -0.095564833       2.6746705       2.6747871 -4.3600670E-003
       1.0310733    -0.092998297    -0.095999595       2.8154588       2.8155950 -4.8382913E-003
       1.0826270    -0.093141887    -0.096454232       2.9562496       2.9564075 -5.3412104E-003
       1.1341807    -0.093289197    -0.096928378       3.0970430       3.0972248 -5.8688493E-003
       1.1857343    -0.093439755    -0.097421649       3.2378391       3.2380470 -6.4212343E-003
       1.2372880    -0.093593063    -0.097933643       3.3786381       3.3788746 -6.9983925E-003
       1.2888417    -0.093748604    -0.098463938       3.5194401       3.5197076 -7.6003523E-003
       1.3403953    -0.093905832    -0.099012095       3.6602451       3.6605463 -8.2271432E-003
       1.3919490    -0.094064179    -0.099577656       3.8010534       3.8013909 -8.8787956E-003
       1.4435027    -0.094223052     -0.10016014       3.9418650       3.9422417 -9.5553411E-003
       1.4950564    -0.094381835     -0.10075906       4.0826800       4.0830988    -0.010256812
       1.5466100    -0.094539886     -0.10137389       4.2234987       4.2239626    -0.010983242
       1.5981637    -0.094696536     -0.10200410       4.3643211       4.3648333    -0.011734665
       1.6497174    -0.094851094     -0.10264914       4.5051473       4.5057110    -0.012511116
       1.7012710    -0.095002841     -0.10330843       4.6459774       4.6465960    -0.013312633
       1.7528247    -0.095151032     -0.10398137       4.7868116       4.7874885    -0.014139251
       1.8043784    -0.095294898     -0.10466737       4.9276500       4.9283888    -0.014991009
       1.8559320    -0.095433640     -0.10536578       5.0684927       5.0692971    -0.015867946
       1.9074857    -0.095566435     -0.10607594       5.2093398       5.2102136    -0.016770102
       1.9590394    -0.095692430     -0.10679720       5.3501915       5.3511385    -0.017697515
       2.0105930    -0.095810748     -0.10752885       5.4910479       5.4920722    -0.018650229
       2.0621467    -0.095920481     -0.10827019       5.6319090       5.6330147    -0.019628285
       2.1137004    -0.096020694     -0.10902047       5.7727751       5.7739664    -0.020631724
       2.1652540    -0.096110423     -0.10977895       5.9136462       5.9149274    -0.021660591
       2.2168077    -0.096188674     -0.11054484       6.0545224       6.0558980    -0.022714929
       2.2683614    -0.096254427     -0.11131735       6.1954039       6.1968784    -0.023794782
       2.3199150    -0.096306627     -0.11209566       6.3362908       6.3378689    -0.024900197
       2.3714687    -0.096344193     -0.11287894       6.4771831       6.4788697    -0.026031217
       2.4230224    -0.096366012     -0.11366631       6.6180811       6.6198809    -0.027187889
       2.4745760    -0.096370938     -0.11445690       6.7589849       6.7609030    -0.028370259
       2.5261297    -0.096357796     -0.11524980       6.8998944       6.9019359    -0.029578375
       2.5776834    -0.096325377     -0.11604408       7.0408100       7.0429801    -0.030812283
       2.6292370    -0.096272442     -0.11683879       7.1817316       7.1840357    -0.032072031
       2.6807907    -0.096197716     -0.11763296       7.3226595       7.3251030    -0.033357667
       2.7323444    -0.096099892     -0.11842558       7.4635936       7.4661821    -0.034669239
       2.7838980    -0.095977629     -0.11921565       7.6045342       7.6072734    -0.036006795
       2.8354517    -0.095829552     -0.12000212       7.7454814       7.7483770    -0.037370384
       2.8870054    -0.095654248     -0.12078392       7.8864352       7.8894932    -0.038760055
       2.9385590    -0.095450272     -0.12155995       8.0273958       8.0306222    -0.040175856
       2.9901127    -0.095216141     -0.12232911       8.1683633       8.1717642    -0.041617836
       3.0416664    -0.094950335     -0.12309025       8.3093378       8.3129195    -0.043086045
       3.0932200    -0.094651298     -0.12384221       8.4503194       8.4540883    -0.044580529
       3.1447737    -0.094317433     -0.12458379       8.5913083       8.5952708    -0.046101339
       3.1963274    -0.093947109     -0.12531379       8.7323045       8.7364673    -0.047648524
       3.2478810    -0.093538651     -0.12603096       8.8733082       8.8776780    -0.049222130
       3.2994347    -0.093090347     -0.12673402       9.0143195       9.0189031    -0.050822207
       3.3509884    -0.092600445     -0.12742170       9.1553384       9.1601428    -0.052448802
       3.4025420    -0.092067149     -0.12809266       9.2963652       9.3013975    -0.054101963
       3.4540957    -0.091488623     -0.12874556       9.4373999       9.4426672    -0.055781737
       3.5056494    -0.090862988     -0.12937902       9.5784427       9.5839523    -0.057488171
       3.5572030    -0.090188322     -0.12999165       9.7194935       9.7252530    -0.059221310
       3.6087567    -0.089462659     -0.13058200       9.8605527       9.8665694    -0.060981202
       3.6603104    -0.088683987     -0.13114862       10.001620       10.007902    -0.062767890
       3.7118640    -0.087850250     -0.13169001       10.142696       10.149251    -0.064581419
       3.7634177    -0.086959345     -0.13220467       10.283781       10.290616    -0.066421833
       3.8149714    -0.086009121     -0.13269104       10.424874       10.431998    -0.068289175
       3.8665250    -0.084997381     -0.13314754       10.565976       10.573397    -0.070183488
       3.9180787    -0.083921878     -0.13357257       10.707087       10.714813    -0.072104812
       3.9696324    -0.082780315     -0.13396448       10.848207       10.856247    -0.074053187
       4.0211860    -0.081570346     -0.13432161       10.989337       10.997698    -0.076028654
       4.0727397    -0.080289572     -0.13464224       11.130475       11.139167    -0.078031250
       4.1242934    -0.078935544     -0.13492465       11.271623       11.280655    -0.080061014
       4.1758470    -0.077505757     -0.13516706       11.412781       11.422160    -0.082117980
       4.2274007    -0.075997654     -0.13536767       11.553948       11.563685    -0.084202184
       4.2789544    -0.074408623     -0.13552464       11.695124       11.705228    -0.086313659
       4.3305081    -0.072735995     -0.13563611       11.836311       11.846790    -0.088452438
       4.3820617    -0.070977046     -0.13570017       11.977508       11.988371    -0.090618551
       4.4336154    -0.069128992     -0.13571488       12.118714       12.129972    -0.092812028
       4.4851691    -0.067188992     -0.13567825       12.259931       12.271593    -0.095032897
       4.5367227    -0.065154143     -0.13558828       12.401158       12.413234    -0.097281183
       4.5882764    -0.063021484     -0.13544291       12.542395       12.554895    -0.099556911
       4.6398301    -0.060787990     -0.13524005       12.683643       12.696576     -0.10186010
       4.6913837    -0.058450572     -0.13497757       12.824902       12.838278     -0.10419078
       4.7429374    -0.056006079     -0.13465331       12.966171       12.980001     -0.10654897
       4.7944911    -0.053451296     -0.13426506       13.107451       13.121745     -0.10893468
       4.8460447    -0.050782934     -0.13381057       13.248742       13.263511     -0.11134792
       4.8975984    -0.047997651     -0.13328755       13.390044       13.405298     -0.11378872
       4.9491521    -0.045092024     -0.13269366       13.531358       13.547107     -0.11625708
       5.0007057    -0.042062564     -0.13202654       13.672682       13.688938     -0.11875300
       5.0522594    -0.038905712     -0.13128377       13.814018       13.830792     -0.12127651
       5.1038131    -0.035617835     -0.13046287       13.955366       13.972668     -0.12382760
       5.1553667    -0.032195229     -0.12956136       14.096725       14.114567     -0.12640628

Table series: Data for wavelength : 0.587562 µm.
   Y Angle (deg)       Tan Shift       Sag Shift     Real Height     Ref. Height      Distortion
  --------------  --------------  --------------  --------------  --------------  --------------
      0.00000000 -1.0628947E-004 -1.0628947E-004      0.00000000      0.00000000      0.00000000
     0.051553667 -1.1233195E-004 -1.1917981E-004      0.14065053      0.14065055 -9.9685743E-006
      0.10310733 -1.3085191E-004 -1.5784220E-004      0.28130121      0.28130132 -3.9874598E-005
      0.15466100 -1.6181909E-004 -2.2225064E-004      0.42195218      0.42195256 -8.9719738E-005
      0.20621467 -2.0518165E-004 -3.1236183E-004      0.56260357      0.56260447 -1.5950660E-004
      0.25776834 -2.6086616E-004 -4.2811513E-004      0.70325554      0.70325730 -2.4923878E-004
      0.30932200 -3.2877752E-004 -5.6943255E-004      0.84390823      0.84391126 -3.5892098E-004
      0.36087567 -4.0879892E-004 -7.3621874E-004      0.98456178      0.98456659 -4.8855891E-004
      0.41242934 -5.0079186E-004 -9.2836097E-004       1.1252163       1.1252235 -6.3815933E-004
      0.46398301 -6.0459595E-004 -1.1457291E-003       1.2658720       1.2658823 -8.0772995E-004
      0.51553667 -7.2002909E-004 -1.3881755E-003       1.4065290       1.4065431 -9.9727955E-004
      0.56709034 -8.4688709E-004 -1.6555351E-003       1.5471875       1.5472061 -1.2068180E-003
      0.61864401 -9.8494377E-004 -1.9476254E-003       1.6878475       1.6878717 -1.4363560E-003
      0.67019767 -1.1339509E-003 -2.2642462E-003       1.8285092       1.8285400 -1.6859054E-003
      0.72175134 -1.2936378E-003 -2.6051799E-003       1.9691728       1.9692113 -1.9554789E-003
      0.77330501 -1.4637118E-003 -2.9701911E-003       2.1098384       2.1098858 -2.2450903E-003
      0.82485868 -1.6438575E-003 -3.3590269E-003       2.2505062       2.2505637 -2.5547543E-003
      0.87641234 -1.8337370E-003 -3.7714163E-003       2.3911762       2.3912452 -2.8844866E-003
      0.92796601 -2.0329895E-003 -4.2070709E-003       2.5318487       2.5319306 -3.2343038E-003
      0.97951968 -2.2412316E-003 -4.6656842E-003       2.6725237       2.6726201 -3.6042234E-003
       1.0310733 -2.4580565E-003 -5.1469318E-003       2.8132015       2.8133139 -3.9942639E-003
       1.0826270 -2.6830345E-003 -5.6504714E-003       2.9538822       2.9540123 -4.4044446E-003
       1.1341807 -2.9157123E-003 -6.1759425E-003       3.0945658       3.0947155 -4.8347857E-003
       1.1857343 -3.1556132E-003 -6.7229665E-003       3.2352526       3.2354236 -5.2853085E-003
       1.2372880 -3.4022363E-003 -7.2911465E-003       3.3759427       3.3761371 -5.7560348E-003
       1.2888417 -3.6550571E-003 -7.8800674E-003       3.5166363       3.5168560 -6.2469875E-003
       1.3403953 -3.9135268E-003 -8.4892955E-003       3.6573334       3.6575806 -6.7581901E-003
       1.3919490 -4.1770721E-003 -9.1183788E-003       3.7980342       3.7983111 -7.2896671E-003
       1.4435027 -4.4450947E-003 -9.7668463E-003       3.9387389       3.9390477 -7.8414436E-003
       1.4950564 -4.7169721E-003    -0.010434209       4.0794475       4.0797908 -8.4135457E-003
       1.5466100 -4.9920559E-003    -0.011119958       4.2201604       4.2205405 -9.0060000E-003
       1.5981637 -5.2696726E-003    -0.011823566       4.3608774       4.3612970 -9.6188339E-003
       1.6497174 -5.5491227E-003    -0.012544488       4.5015990       4.5020605    -0.010252075
       1.7012710 -5.8296811E-003    -0.013282156       4.6423251       4.6428314    -0.010905753
       1.7528247 -6.1105958E-003    -0.014035988       4.7830558       4.7836098    -0.011579897
       1.8043784 -6.3910884E-003    -0.014805378       4.9237915       4.9243959    -0.012274537
       1.8559320 -6.6703536E-003    -0.015589702       5.0645321       5.0651900    -0.012989703
       1.9074857 -6.9475590E-003    -0.016388317       5.2052778       5.2059924    -0.013725426
       1.9590394 -7.2218439E-003    -0.017200560       5.3460288       5.3468032    -0.014481739
       2.0105930 -7.4923201E-003    -0.018025747       5.4867853       5.4876226    -0.015258673
       2.0621467 -7.7580710E-003    -0.018863173       5.6275472       5.6284509    -0.016056262
       2.1137004 -8.0181508E-003    -0.019712117       5.7683149       5.7692884    -0.016874537
       2.1652540 -8.2715852E-003    -0.020571831       5.9090883       5.9101352    -0.017713533
       2.2168077 -8.5173700E-003    -0.021441552       6.0498677       6.0509916    -0.018573284
       2.2683614 -8.7544711E-003    -0.022320494       6.1906533       6.1918578    -0.019453823
       2.3199150 -8.9818236E-003    -0.023207848       6.3314450       6.3327341    -0.020355186
       2.3714687 -9.1983327E-003    -0.024102788       6.4722432       6.4736206    -0.021277407
       2.4230224 -9.4028712E-003    -0.025004462       6.6130479       6.6145176    -0.022220521
       2.4745760 -9.5942811E-003    -0.025911999       6.7538592       6.7554254    -0.023184563
       2.5261297 -9.7713717E-003    -0.026824507       6.8946773       6.8963441    -0.024169570
       2.5776834 -9.9329198E-003    -0.027741069       7.0355023       7.0372740    -0.025175576
       2.6292370    -0.010077669    -0.028660749       7.1763344       7.1782153    -0.026202617
       2.6807907    -0.010204328    -0.029582585       7.3171738       7.3191683    -0.027250728
       2.7323444    -0.010311574    -0.030505595       7.4580204       7.4601331    -0.028319946
       2.7838980    -0.010398047    -0.031428773       7.5988746       7.6011101    -0.029410307
       2.8354517    -0.010462352    -0.032351090       7.7397364       7.7420994    -0.030521845
       2.8870054    -0.010503058    -0.033271494       7.8806059       7.8831012    -0.031654596
       2.9385590    -0.010518699    -0.034188908       8.0214833       8.0241159    -0.032808595
       2.9901127    -0.010507771    -0.035102231       8.1623687       8.1651436    -0.033983879
       3.0416664    -0.010468731    -0.036010340       8.3032624       8.3061845    -0.035180480
       3.0932200    -0.010400000    -0.036912084       8.4441643       8.4472389    -0.036398434
       3.1447737    -0.010299958    -0.037806291       8.5850746       8.5883071    -0.037637776
       3.1963274    -0.010166946    -0.038691761       8.7259936       8.7293892    -0.038898538
       3.2478810 -9.9992653E-003    -0.039567269       8.8669212       8.8704854    -0.040180755
       3.2994347 -9.7951756E-003    -0.040431566       9.0078577       9.0115961    -0.041484459
       3.3509884 -9.5528951E-003    -0.041283374       9.1488032       9.1527214    -0.042809682
       3.4025420 -9.2705998E-003    -0.042121391       9.2897578       9.2938616    -0.044156456
       3.4540957 -8.9464218E-003    -0.042944288       9.4307217       9.4350169    -0.045524812
       3.5056494 -8.5784500E-003    -0.043750707       9.5716949       9.5761876    -0.046914781
       3.5572030 -8.1647282E-003    -0.044539266       9.7126777       9.7173737    -0.048326392
       3.6087567 -7.7032549E-003    -0.045308551       9.8536701       9.8585757    -0.049759673
       3.6603104 -7.1919827E-003    -0.046057123       9.9946724       9.9997937    -0.051214653
       3.7118640 -6.6288164E-003    -0.046783513       10.135685       10.141028    -0.052691359
       3.7634177 -6.0116130E-003    -0.047486225       10.276707       10.282279    -0.054189816
       3.8149714 -5.3381815E-003    -0.048163730       10.417739       10.423546    -0.055710050
       3.8665250 -4.6062802E-003    -0.048814472       10.558782       10.564831    -0.057252084
       3.9180787 -3.8136169E-003    -0.049436864       10.699835       10.706132    -0.058815942
       3.9696324 -2.9578496E-003    -0.050029289       10.840899       10.847451    -0.060401644
       4.0211860 -2.0365817E-003    -0.050590098       10.981974       10.988788    -0.062009210
       4.0727397 -1.0473642E-003    -0.051117610       11.123060       11.130143    -0.063638661
       4.1242934  1.2305878E-005    -0.051610115       11.264156       11.271515    -0.065290012
       4.1758470  1.1449877E-003    -0.052065866       11.405264       11.412906    -0.066963280
       4.2274007  2.3532958E-003    -0.052483086       11.546383       11.554316    -0.068658480
       4.2789544  3.6399027E-003    -0.052859965       11.687513       11.695744    -0.070375624
       4.3305081  5.0075390E-003    -0.053194656       11.828655       11.837192    -0.072114724
       4.3820617  6.4589950E-003    -0.053485281       11.969809       11.978659    -0.073875788
       4.4336154  7.9971214E-003    -0.053729923       12.110975       12.120145    -0.075658825
       4.4851691  9.6248305E-003    -0.053926633       12.252152       12.261651    -0.077463841
       4.5367227     0.011345098    -0.054073424       12.393342       12.403177    -0.079290840
       4.5882764     0.013160962    -0.054168271       12.534544       12.544723    -0.081139822
       4.6398301     0.015075528    -0.054209115       12.675759       12.686289    -0.083010789
       4.6913837     0.017091965    -0.054193856       12.816985       12.827877    -0.084903738
       4.7429374     0.019213514    -0.054120355       12.958225       12.969485    -0.086818665
       4.7944911     0.021443479    -0.053986437       13.099477       13.111114    -0.088755563
       4.8460447     0.023785238    -0.053789882       13.240743       13.252765    -0.090714423
       4.8975984     0.026242241    -0.053528435       13.382021       13.394437    -0.092695233
       4.9491521     0.028818010    -0.053199794       13.523313       13.536132    -0.094697981
       5.0007057     0.031516135    -0.052801619       13.664618       13.677848    -0.096722649
       5.0522594     0.034340289    -0.052331524       13.805937       13.819586    -0.098769218
       5.1038131     0.037294220    -0.051787082       13.947269       13.961348     -0.10083767
       5.1553667     0.040381753    -0.051165819       14.088615       14.103132     -0.10292797

Table series: Data for wavelength : 0.656273 µm.
   Y Angle (deg)       Tan Shift       Sag Shift     Real Height     Ref. Height      Distortion
  --------------  --------------  --------------  --------------  --------------  --------------
      0.00000000      0.17894583      0.17894583      0.00000000      0.00000000      0.00000000
     0.051553667      0.17893916      0.17893239      0.14055340      0.14055320  1.4195846E-004
      0.10310733      0.17891801      0.17889209      0.28110696      0.28110664  1.1478591E-004
      0.15466100      0.17888243      0.17882495      0.42166082      0.42166053  6.9401261E-005
      0.20621467      0.17883246      0.17873102      0.56221513      0.56221510  5.8834544E-006
      0.25776834      0.17876818      0.17861035      0.70277004      0.70277058 -7.5798544E-005
      0.30932200      0.17868969      0.17846302      0.84332571      0.84332720 -1.7566814E-004
      0.36087567      0.17859709      0.17828913      0.98388229      0.98388518 -2.9370812E-004
      0.41242934      0.17849053      0.17808878       1.1244399       1.1244448 -4.2992459E-004
      0.46398301      0.17837018      0.17786212       1.2649988       1.2650062 -5.8432460E-004
      0.51553667      0.17823620      0.17760928       1.4055590       1.4055696 -7.5691613E-004
      0.56709034      0.17808881      0.17733043       1.5461207       1.5461353 -9.4770805E-004
      0.61864401      0.17792824      0.17702575       1.6866840       1.6867036 -1.1567181E-003
      0.67019767      0.17775473      0.17669545       1.8272492       1.8272745 -1.3839438E-003
      0.72175134      0.17756855      0.17633973       1.9678164       1.9678484 -1.6293981E-003
      0.77330501      0.17737000      0.17595883       2.1083856       2.1084255 -1.8930834E-003
      0.82485868      0.17715939      0.17555300       2.2489571       2.2490060 -2.1750380E-003
      0.87641234      0.17693707      0.17512251       2.3895311       2.3895902 -2.4752785E-003
      0.92796601      0.17670339      0.17466766       2.5301076       2.5301782 -2.7937969E-003
      0.97951968      0.17645874      0.17418874       2.6706868       2.6707704 -3.1306187E-003
       1.0310733      0.17620353      0.17368607       2.8112688       2.8113668 -3.4857606E-003
       1.0826270      0.17593818      0.17316000       2.9518539       2.9519678 -3.8592399E-003
       1.1341807      0.17566316      0.17261089       3.0924422       3.0925736 -4.2510751E-003
       1.1857343      0.17537894      0.17203911       3.2330337       3.2331844 -4.6612851E-003
       1.2372880      0.17508602      0.17144505       3.3736287       3.3738005 -5.0898898E-003
       1.2888417      0.17478493      0.17082914       3.5142274       3.5144220 -5.5369097E-003
       1.3403953      0.17447621      0.17019180       3.6548298       3.6550492 -6.0023662E-003
       1.3919490      0.17416046      0.16953348       3.7954361       3.7956823 -6.4862811E-003
       1.4435027      0.17383826      0.16885464       3.9360464       3.9363215 -6.9886771E-003
       1.4950564      0.17351023      0.16815579       4.0766610       4.0769672 -7.5095776E-003
       1.5466100      0.17317704      0.16743741       4.2172800       4.2176194 -8.0490066E-003
       1.5981637      0.17283935      0.16670004       4.3579034       4.3582785 -8.6069885E-003
       1.6497174      0.17249787      0.16594422       4.4985315       4.4989447 -9.1835485E-003
       1.7012710      0.17215332      0.16517052       4.6391644       4.6396181 -9.7787125E-003
       1.7528247      0.17180646      0.16437950       4.7798023       4.7802991    -0.010392507
       1.8043784      0.17145807      0.16357179       4.9204452       4.9209878    -0.011024958
       1.8559320      0.17110896      0.16274798       5.0610935       5.0616845    -0.011676093
       1.9074857      0.17075996      0.16190874       5.2017471       5.2023893    -0.012345940
       1.9590394      0.17041193      0.16105470       5.3424062       5.3431027    -0.013034527
       2.0105930      0.17006578      0.16018657       5.4830711       5.4838246    -0.013741884
       2.0621467      0.16972241      0.15930503       5.6237418       5.6245555    -0.014468037
       2.1137004      0.16938278      0.15841080       5.7644184       5.7652955    -0.015213018
       2.1652540      0.16904786      0.15750463       5.9051012       5.9060448    -0.015976856
       2.2168077      0.16871867      0.15658727       6.0457903       6.0468038    -0.016759580
       2.2683614      0.16839624      0.15565952       6.1864859       6.1875725    -0.017561220
       2.3199150      0.16808163      0.15472217       6.3271880       6.3283512    -0.018381808
       2.3714687      0.16777596      0.15377604       6.4678968       6.4691403    -0.019221373
       2.4230224      0.16748034      0.15282198       6.6086125       6.6099398    -0.020079946
       2.4745760      0.16719595      0.15186086       6.7493352       6.7507500    -0.020957559
       2.5261297      0.16692398      0.15089357       6.8900651       6.8915712    -0.021854241
       2.5776834      0.16666565      0.14992101       7.0308023       7.0324036    -0.022770024
       2.6292370      0.16642223      0.14894413       7.1715469       7.1732473    -0.023704938
       2.6807907      0.16619501      0.14796386       7.3122992       7.3141027    -0.024659015
       2.7323444      0.16598533      0.14698120       7.4530592       7.4549700    -0.025632285
       2.7838980      0.16579455      0.14599714       7.5938270       7.5958494    -0.026624779
       2.8354517      0.16562407      0.14501271       7.7346030       7.7367411    -0.027636526
       2.8870054      0.16547532      0.14402894       7.8753871       7.8776454    -0.028667558
       2.9385590      0.16534979      0.14304692       8.0161795       8.0185625    -0.029717904
       2.9901127      0.16524898      0.14206774       8.1569804       8.1594925    -0.030787594
       3.0416664      0.16517444      0.14109251       8.2977900       8.3004359    -0.031876657
       3.0932200      0.16512776      0.14012238       8.4386083       8.4413927    -0.032985122
       3.1447737      0.16511056      0.13915851       8.5794355       8.5823632    -0.034113017
       3.1963274      0.16512452      0.13820211       8.7202717       8.7233476    -0.035260371
       3.2478810      0.16517134      0.13725438       8.8611172       8.8643462    -0.036427210
       3.2994347      0.16525277      0.13631656       9.0019720       9.0053593    -0.037613561
       3.3509884      0.16537060      0.13538994       9.1428363       9.1463869    -0.038819450
       3.4025420      0.16552667      0.13447580       9.2837103       9.2874294    -0.040044904
       3.4540957      0.16572285      0.13357546       9.4245940       9.4284870    -0.041289945
       3.5056494      0.16596107      0.13269028       9.5654876       9.5695599    -0.042554599
       3.5572030      0.16624328      0.13182164       9.7063914       9.7106484    -0.043838888
       3.6087567      0.16657151      0.13097092       9.8473053       9.8517527    -0.045142834
       3.6603104      0.16694782      0.13013957       9.9882296       9.9928729    -0.046466459
       3.7118640      0.16737430      0.12932906       10.129164       10.134009    -0.047809782
       3.7634177      0.16785313      0.12854085       10.270110       10.275162    -0.049172822
       3.8149714      0.16838650      0.12777648       10.411066       10.416332    -0.050555596
       3.8665250      0.16897666      0.12703750       10.552033       10.557519    -0.051958123
       3.9180787      0.16962593      0.12632547       10.693012       10.698723    -0.053380416
       3.9696324      0.17033666      0.12564201       10.834001       10.839944    -0.054822491
       4.0211860      0.17111126      0.12498876       10.975002       10.981183    -0.056284358
       4.0727397      0.17195220      0.12436739       11.116014       11.122439    -0.057766031
       4.1242934      0.17286201      0.12377960       11.257039       11.263714    -0.059267517
       4.1758470      0.17384325      0.12322713       11.398075       11.405007    -0.060788826
       4.2274007      0.17489856      0.12271174       11.539122       11.546319    -0.062329963
       4.2789544      0.17603063      0.12223523       11.680182       11.687650    -0.063890934
       4.3305081      0.17724221      0.12179943       11.821255       11.828999    -0.065471741
       4.3820617      0.17853611      0.12140623       11.962339       11.970368    -0.067072386
       4.4336154      0.17991521      0.12105751       12.103437       12.111756    -0.068692867
       4.4851691      0.18138245      0.12075523       12.244546       12.253165    -0.070333181
       4.5367227      0.18294081      0.12050135       12.385669       12.394593    -0.071993325
       4.5882764      0.18459336      0.12029788       12.526805       12.536041    -0.073673290
       4.6398301      0.18634324      0.12014688       12.667954       12.677509    -0.075373069
       4.6913837      0.18819364      0.12005043       12.809116       12.818999    -0.077092648
       4.7429374      0.19014782      0.12001066       12.950292       12.960509    -0.078832016
       4.7944911      0.19220913      0.12002973       13.091481       13.102040    -0.080591156
       4.8460447      0.19438096      0.12010985       13.232684       13.243593    -0.082370049
       4.8975984      0.19666681      0.12025325       13.373901       13.385167    -0.084168674
       4.9491521      0.19907021      0.12046223       13.515132       13.526763    -0.085987008
       5.0007057      0.20159481      0.12073911       13.656377       13.668382    -0.087825026
       5.0522594      0.20424431      0.12108626       13.797637       13.810022    -0.089682696
       5.1038131      0.20702249      0.12150610       13.938911       13.951685    -0.091559988
       5.1553667      0.20993321      0.12200108       14.080200       14.093371    -0.093456866
