Results for:	Listing of Longitudinal Aberration Data


File:	C:\Users\User\OneDrive - Massachusetts Institute of Technology\Documents\MIT\Grad School\Classes\2.156\Lens Project\Prime Lenses\HandbookCamFig12.ZMX
Title:	
Date:	11/7/2025 3:43:59 PM

0 message(s) in output.
1 series table(s) in output.

Table series: Units are Millimeters.
      Rel. Pupil          0.5580          0.4830          0.6340          0.4330          0.6850
  --------------  --------------  --------------  --------------  --------------  --------------
      0.00000000     0.017670161     0.015097504      0.12063084      0.18197142      0.20675988
     0.010000000     0.017656738     0.015087972      0.12061498      0.18196608      0.20674286
     0.020000000     0.017603074     0.015049873      0.12055157      0.18194472      0.20667481
     0.030000000     0.017513730     0.014986477      0.12044598      0.18190923      0.20656149
     0.040000000     0.017388851     0.014897933      0.12029835      0.18185977      0.20640304
     0.050000000     0.017228639     0.014784455      0.12010888      0.18179657      0.20619965
     0.060000000     0.017033355     0.014646314      0.11987782      0.18171989      0.20595157
     0.070000000     0.016803317     0.014483843      0.11960548      0.18163010      0.20565911
     0.080000000     0.016538900     0.014297436      0.11929223      0.18152761      0.20532262
     0.090000000     0.016240537     0.014087544      0.11893848      0.18141289      0.20494252
      0.10000000     0.015908718     0.013854680      0.11854471      0.18128649      0.20451929
      0.11000000     0.015543990     0.013599418      0.11811145      0.18114899      0.20405344
      0.12000000     0.015146956     0.013322389      0.11763930      0.18100107      0.20354555
      0.13000000     0.014718279     0.013024284      0.11712889      0.18084345      0.20299627
      0.14000000     0.014258673     0.012705855      0.11658092      0.18067691      0.20240626
      0.15000000     0.013768913     0.012367909      0.11599614      0.18050232      0.20177629
      0.16000000     0.013249827     0.012011316      0.11537535      0.18032058      0.20110713
      0.17000000     0.012702299     0.011637002      0.11471942      0.18013266      0.20039964
      0.18000000     0.012127268     0.011245949      0.11402925      0.17993960      0.19965472
      0.19000000     0.011525729     0.010839201      0.11330582      0.17974249      0.19887332
      0.20000000     0.010898730     0.010417854      0.11255013      0.17954249      0.19805645
      0.21000000     0.010247374  9.9830662E-003      0.11176327      0.17934081      0.19720516
      0.22000000  9.5728154E-003  9.5360477E-003      0.11094635      0.17913873      0.19632055
      0.23000000  8.8762645E-003  9.0780668E-003      0.11010055      0.17893758      0.19540379
      0.24000000  8.1589825E-003  8.6104469E-003      0.10922709      0.17873876      0.19445608
      0.25000000  7.4222831E-003  8.1345660E-003      0.10832725      0.17854371      0.19347868
      0.26000000  6.6675316E-003  7.6518570E-003      0.10740235      0.17835394      0.19247290
      0.27000000  5.8961442E-003  7.1638064E-003      0.10645376      0.17817102      0.19144008
      0.28000000  5.1095874E-003  6.6719544E-003      0.10548291      0.17799657      0.19038165
      0.29000000  4.3093777E-003  6.1778937E-003      0.10449128      0.17783228      0.18929903
      0.30000000  3.4970807E-003  5.6832695E-003      0.10348036      0.17767987      0.18819373
      0.31000000  2.6743103E-003  5.1897782E-003      0.10245174      0.17754113      0.18706730
      0.32000000  1.8427285E-003  4.6991675E-003      0.10140703      0.17741792      0.18592132
      0.33000000  1.0040443E-003  4.2132350E-003      0.10034787      0.17731213      0.18475741
      0.34000000  1.6001292E-004  3.7338280E-003     0.099275971      0.17722570      0.18357727
      0.35000000 -6.8756466E-004  3.2628425E-003     0.098193076      0.17716065      0.18238260
      0.36000000 -1.5368428E-003  2.8022227E-003     0.097100973      0.17711903      0.18117516
      0.37000000 -2.3859318E-003  2.3539598E-003     0.096001490      0.17710295      0.17995676
      0.38000000 -3.2328990E-003  1.9200916E-003     0.094896498      0.17711456      0.17872925
      0.39000000 -4.0757693E-003  1.5027014E-003     0.093787908      0.17715607      0.17749449
      0.40000000 -4.9125266E-003  1.1039174E-003     0.092677670      0.17722973      0.17625442
      0.41000000 -5.7411142E-003  7.2591134E-004     0.091567772      0.17733786      0.17501099
      0.42000000 -6.5594361E-003  3.7089818E-004     0.090460240      0.17748280      0.17376619
      0.43000000 -7.3653580E-003  4.1134680E-005     0.089357137      0.17766694      0.17252205
      0.44000000 -8.1567081E-003 -2.6108134E-004     0.088260559      0.17789274      0.17128064
      0.45000000 -8.9312784E-003 -5.3341211E-004     0.087172639      0.17816267      0.17004405
      0.46000000 -9.6868265E-003 -7.7348105E-004     0.086095541      0.17847927      0.16881441
      0.47000000    -0.010421074 -9.7887307E-004     0.085031462      0.17884511      0.16759389
      0.48000000    -0.011131710 -1.1471370E-003     0.083982629      0.17926280      0.16638467
      0.49000000    -0.011816395 -1.2757857E-003     0.082951299      0.17973500      0.16518897
      0.50000000    -0.012472756 -1.3622975E-003     0.081939756      0.18026440      0.16400904
      0.51000000    -0.013098391 -1.4041173E-003     0.080950312      0.18085374      0.16284714
      0.52000000    -0.013690872 -1.3986579E-003     0.079985304      0.18150578      0.16170558
      0.53000000    -0.014247741 -1.3433012E-003     0.079047095      0.18222334      0.16058667
      0.54000000    -0.014766519 -1.2353994E-003     0.078138066      0.18300924      0.15949275
      0.55000000    -0.015244700 -1.0722764E-003     0.077260625      0.18386637      0.15842618
      0.56000000    -0.015679758 -8.5122862E-004     0.076417196      0.18479764      0.15738935
      0.57000000    -0.016069143 -5.6952769E-004     0.075610222      0.18580599      0.15638464
      0.58000000    -0.016410289 -2.2442021E-004     0.074842164      0.18689437      0.15541448
      0.59000000    -0.016700609  1.8686989E-004     0.074115497      0.18806580      0.15448128
      0.60000000    -0.016937504  6.6714017E-004     0.073432709      0.18932331      0.15358749
      0.61000000    -0.017118355  1.2192082E-003     0.072796301      0.19066993      0.15273555
      0.62000000    -0.017240534  1.8459099E-003     0.072208783      0.19210875      0.15192792
      0.63000000    -0.017301401  2.5500983E-003     0.071672673      0.19364288      0.15116707
      0.64000000    -0.017298304  3.3346419E-003     0.071190497      0.19527544      0.15045546
      0.65000000    -0.017228586  4.2024229E-003     0.070764784      0.19700957      0.14979557
      0.66000000    -0.017089583  5.1563358E-003     0.070398067      0.19884844      0.14918986
      0.67000000    -0.016878625  6.1992857E-003     0.070092879      0.20079524      0.14864082
      0.68000000    -0.016593043  7.3341865E-003     0.069851752      0.20285316      0.14815092
      0.69000000    -0.016230164  8.5639597E-003     0.069677215      0.20502543      0.14772262
      0.70000000    -0.015787320  9.8915322E-003     0.069571791      0.20731527      0.14735837
      0.71000000    -0.015261842     0.011319835     0.069537997      0.20972593      0.14706063
      0.72000000    -0.014651071     0.012851800     0.069578339      0.21226067      0.14683184
      0.73000000    -0.013952351     0.014490361     0.069695313      0.21492274      0.14667443
      0.74000000    -0.013163040     0.016238449     0.069891401      0.21771543      0.14659079
      0.75000000    -0.012280503     0.018098994     0.070169067      0.22064201      0.14658333
      0.76000000    -0.011302123     0.020074918     0.070530759      0.22370577      0.14665442
      0.77000000    -0.010225296     0.022169138     0.070978903      0.22691000      0.14680640
      0.78000000 -9.0474359E-003     0.024384561     0.071515902      0.23025800      0.14704159
      0.79000000 -7.7659787E-003     0.026724085     0.072144133      0.23375306      0.14736230
      0.80000000 -6.3783817E-003     0.029190594     0.072865948      0.23739847      0.14777079
      0.81000000 -4.8821270E-003     0.031786960     0.073683664      0.24119753      0.14826929
      0.82000000 -3.2747238E-003     0.034516035     0.074599570      0.24515353      0.14885999
      0.83000000 -1.5537108E-003     0.037380656     0.075615915      0.24926975      0.14954506
      0.84000000  2.8334214E-004     0.040383640     0.076734913      0.25354948      0.15032662
      0.85000000  2.2388307E-003     0.043527780     0.077958737      0.25799599      0.15120673
      0.86000000  4.3151146E-003     0.046815848     0.079289515      0.26261255      0.15218743
      0.87000000  6.5145146E-003     0.050250590     0.080729330      0.26740241      0.15327070
      0.88000000  8.8393106E-003     0.053834723     0.082280218      0.27236883      0.15445847
      0.89000000     0.011291739     0.057570938     0.083944162      0.27751503      0.15575260
      0.90000000     0.013873990     0.061461892     0.085723089      0.28284425      0.15715491
      0.91000000     0.016588207     0.065510213     0.087618874      0.28835969      0.15866716
      0.92000000     0.019436482     0.069718491     0.089633328      0.29406456      0.16029104
      0.93000000     0.022420852     0.074089285     0.091768202      0.29996203      0.16202816
      0.94000000     0.025543303     0.078625113     0.094025181      0.30605527      0.16388010
      0.95000000     0.028805759     0.083328455     0.096405881      0.31234744      0.16584832
      0.96000000     0.032210088     0.088201753     0.098911849      0.31884167      0.16793423
      0.97000000     0.035758090     0.093247401      0.10154456      0.32554108      0.17013917
      0.98000000     0.039451513     0.098467765      0.10430540      0.33244879      0.17246438
      0.99000000     0.043292026      0.10386515      0.10719570      0.33956786      0.17491102
       1.0000000     0.047281232      0.10944183      0.11021669      0.34690139      0.17748017
