Results for:	
File:	C:\Users\User\OneDrive - Massachusetts Institute of Technology\Documents\MIT\Grad School\Classes\2.156\Lens Project\Prime Lenses\US02733636-1.zmx
Title:	
Date:	11/7/2025 5:43:49 PM

0 message(s) in output.
3 series table(s) in output.

Table series: Data for wavelength : 0.486133 µm.
   Y Angle (deg)       Tan Shift       Sag Shift     Real Height     Ref. Height      Distortion
  --------------  --------------  --------------  --------------  --------------  --------------
      0.00000000     0.050574402     0.050574402      0.00000000      0.00000000      0.00000000
      0.30000000     0.050561949     0.050552082      0.13228750      0.13228760 -8.0297390E-005
      0.60000000     0.050526542     0.050485179      0.26458187      0.26458246 -2.2185048E-004
      0.90000000     0.050468301     0.050373861      0.39689001      0.39689183 -4.5819031E-004
       1.2000000     0.050387426     0.050218408      0.52921878      0.52922296 -7.8988159E-004
       1.5000000     0.050284200     0.050019213      0.66157507      0.66158312 -1.2177840E-003
       1.8000000     0.050158982     0.049776781      0.79396575      0.79397959 -1.7429813E-003
       2.1000000     0.050012215     0.049491731      0.92639771      0.92641964 -2.3668002E-003
       2.4000000     0.049844422     0.049164793       1.0588778       1.0589105 -3.0908122E-003
       2.7000000     0.049656204     0.048796812       1.1914130       1.1914596 -3.9168347E-003
       3.0000000     0.049448245     0.048388748       1.3240100       1.3240742 -4.8469333E-003
       3.3000000     0.049221308     0.047941673       1.4566758       1.4567615 -5.8834238E-003
       3.6000000     0.048976236     0.047456778       1.5894173       1.5895290 -7.0288745E-003
       3.9000000     0.048713953     0.046935367       1.7222413       1.7223840 -8.2861090E-003
       4.2000000     0.048435462     0.046378860       1.8551547       1.8553339 -9.6582094E-003
       4.5000000     0.048141845     0.045788797       1.9881644       1.9883860    -0.011148519
       4.8000000     0.047834266     0.045166835       2.1212772       2.1215479    -0.012760646
       5.1000000     0.047513968     0.044514750       2.2545000       2.2548269    -0.014498467
       5.4000000     0.047182270     0.043834439       2.3878397       2.3882306    -0.016366132
       5.7000000     0.046840574     0.043127919       2.5213031       2.5217663    -0.018368067
       6.0000000     0.046490358     0.042397329       2.6548971       2.6554417    -0.020508982
       6.3000000     0.046133180     0.041644935       2.7886285       2.7892643    -0.022793870
       6.6000000     0.045770675     0.040873123       2.9225043       2.9232418    -0.025228017
       6.9000000     0.045404556     0.040084408       3.0565311       3.0573816    -0.027817008
       7.2000000     0.045036612     0.039281432       3.1907160       3.1916916    -0.030566729
       7.5000000     0.044668709     0.038466965       3.3250656       3.3261793    -0.033483375
       7.8000000     0.044302789     0.037643909       3.4595869       3.4608526    -0.036573456
       8.1000000     0.043940868     0.036815295       3.5942866       3.5957192    -0.039843806
       8.4000000     0.043585036     0.035984291       3.7291715       3.7307870    -0.043301586
       8.7000000     0.043237457     0.035154198       3.8642485       3.8660638    -0.046954295
       9.0000000     0.042900366     0.034328455       3.9995244       4.0015576    -0.050809774
       9.3000000     0.042576069     0.033510638       4.1350059       4.1372763    -0.054876218
       9.6000000     0.042266940     0.032704465       4.2706997       4.2732279    -0.059162181
       9.9000000     0.041975422     0.031913797       4.4066127       4.4094205    -0.063676588
       10.200000     0.041704023     0.031142638       4.5427516       4.5458623    -0.068428740
       10.500000     0.041455316     0.030395141       4.6791230       4.6825614    -0.073428327
       10.800000     0.041231935     0.029675603       4.8157338       4.8195260    -0.078685436
       11.100000     0.041036571     0.028988476       4.9525905       4.9567646    -0.084210560
       11.400000     0.040871974     0.028338364       5.0896998       5.0942854    -0.090014613
       11.700000     0.040740945     0.027730024       5.2270684       5.2320969    -0.096108934
       12.000000     0.040646338     0.027168371       5.3647028       5.3702076     -0.10250531
       12.300000     0.040591049     0.026658481       5.5026097       5.5086260     -0.10921596
       12.600000     0.040578018     0.026205591       5.6407956       5.6473609     -0.11625359
       12.900000     0.040610221     0.025815101       5.7792670       5.7864209     -0.12363137
       13.200000     0.040690666     0.025492578       5.9180305       5.9258148     -0.13136297
       13.500000     0.040822386     0.025243759       6.0570923       6.0655515     -0.13946253
       13.800000     0.041008435     0.025074551       6.1964590       6.2056400     -0.14794475
       14.100000     0.041251877     0.024991034       6.3361370       6.3460892     -0.15682483
       14.400000     0.041555781     0.024999465       6.4761325       6.4869084     -0.16611852
       14.700000     0.041923211     0.025106276       6.6164518       6.6281068     -0.17584213
       15.000000     0.042357217     0.025318084       6.7571011       6.7696935     -0.18601254
       15.300000     0.042860823     0.025641684       6.8980865       6.9116782     -0.19664723
       15.600000     0.043437014     0.026084056       7.0394143       7.0540701     -0.20776427
       15.900000     0.044088727     0.026652370       7.1810904       7.1968791     -0.21938235
       16.200000     0.044818830     0.027353979       7.3231207       7.3401146     -0.23152082
       16.500000     0.045630110     0.028196429       7.4655112       7.4837866     -0.24419964
       16.800000     0.046525253     0.029187457       7.6082677       7.6279050     -0.25743949
       17.100000     0.047506822     0.030334992       7.7513960       7.7724797     -0.27126170
       17.400000     0.048577238     0.031647158       7.8949016       7.9175210     -0.28568833
       17.700000     0.049738750     0.033132273       8.0387901       8.0630390     -0.30074213
       18.000000     0.050993410     0.034798849       8.1830670       8.2090442     -0.31644662
       18.300000     0.052343038     0.036655597       8.3277376       8.3555470     -0.33282605
       18.600000     0.053789193     0.038711419       8.4728072       8.5025581     -0.34990547
       18.900000     0.055333124     0.040975414       8.6182809       8.6500882     -0.36771070
       19.200000     0.056975733     0.043456875       8.7641638       8.7981482     -0.38626836
       19.500000     0.058717522     0.046165284       8.9104606       8.9467492     -0.40560592
       19.800000     0.060558535     0.049110314       9.0571762       9.0959022     -0.42575166
       20.100000     0.062498297     0.052301822       9.2043152       9.2456186     -0.44673471
       20.400000     0.064535743     0.055749848       9.3518820       9.3959099     -0.46858508
       20.700000     0.066669127     0.059464609       9.4998810       9.5467876     -0.49133365
       21.000000     0.068895941     0.063456489       9.6483163       9.6982635     -0.51501218
       21.300000     0.071212802     0.067736038       9.7971919       9.8503496     -0.53965330
       21.600000     0.073615332     0.072313956       9.9465115       10.003058     -0.56529058
       21.900000     0.076098013     0.077201088       10.096279       10.156401     -0.59195844
       22.200000     0.078654028     0.082408408       10.246498       10.310390     -0.61969222
       22.500000     0.081275073     0.087947005       10.397171       10.465039     -0.64852810
       22.800000     0.083951134     0.093828063       10.548301       10.620361     -0.67850318
       23.100000     0.086670232      0.10006285       10.699893       10.776368     -0.70965533
       23.400000     0.089418114      0.10666267       10.851947       10.933073     -0.74202327
       23.700000     0.092177892      0.11363887       11.004466       11.090489     -0.77564645
       24.000000     0.094929611      0.12100279       11.157454       11.248632     -0.81056502
       24.300000     0.097649722      0.12876571       11.310912       11.407513     -0.84681970
       24.600000      0.10031045      0.13693882       11.464841       11.567147     -0.88445175
       24.900000      0.10287900      0.14553318       11.619244       11.727548     -0.92350274
       25.200000      0.10531663      0.15455964       11.774122       11.888731     -0.96401444
       25.500000      0.10757740      0.16402877       11.929477       12.050711      -1.0060286
       25.800000      0.10960666      0.17395077       12.085310       12.213501      -1.0495864
       26.100000      0.11133915      0.18433537       12.241622       12.377118      -1.0947287
       26.400000      0.11269640      0.19519172       12.398414       12.541576      -1.1414947
       26.700000      0.11358349      0.20652819       12.555689       12.706891      -1.1899221
       27.000000      0.11388462      0.21835222       12.713447       12.873079      -1.2400456
       27.300000      0.11345717      0.23067005       12.871691       13.040156      -1.2918962
       27.600000      0.11212350      0.24348643       13.030424       13.208139      -1.3454999
       27.900000      0.10965952      0.25680422       13.189649       13.377044      -1.4008751
       28.200000      0.10577820      0.27062384       13.349371       13.546888      -1.4580302
       28.500000      0.10010556      0.28494260       13.509597       13.717689      -1.5169601
       28.800000     0.092144509      0.29975367       13.670338       13.889463      -1.5776401
       29.100000     0.081218785      0.31504473       13.831607       14.062230      -1.6400184
       29.400000     0.066383325      0.33079589       13.993424       14.236006      -1.7040040
       29.700000     0.046274901      0.34697655       14.155819       14.410810      -1.7694482
       30.000000     0.018851679      0.36354050       14.318834       14.586662      -1.8361150

Table series: Data for wavelength : 0.587562 µm.
   Y Angle (deg)       Tan Shift       Sag Shift     Real Height     Ref. Height      Distortion
  --------------  --------------  --------------  --------------  --------------  --------------
      0.00000000     0.044290093     0.044290093      0.00000000      0.00000000      0.00000000
      0.30000000     0.044277226     0.044264679      0.13228466      0.13228472 -4.1386158E-005
      0.60000000     0.044240113     0.044188490      0.26457625      0.26457669 -1.6570501E-004
      0.90000000     0.044178877     0.044061693      0.39688169      0.39688317 -3.7330521E-004
       1.2000000     0.044093722     0.043884561      0.52920790      0.52921142 -6.6473567E-004
       1.5000000     0.043984935     0.043657480      0.66156182      0.66156870 -1.0408251E-003
       1.8000000     0.043852886     0.043380945      0.79395035      0.79396228 -1.5026205E-003
       2.1000000     0.043698027     0.043055561      0.92638044      0.92639944 -2.0514037E-003
       2.4000000     0.043520891     0.042682045       1.0588590       1.0588875 -2.6886925E-003
       2.7000000     0.043322095     0.042261225       1.1913929       1.1914336 -3.4162428E-003
       3.0000000     0.043102336     0.041794041       1.3239892       1.3240453 -4.2360502E-003
       3.3000000     0.042862394     0.041281546       1.4566547       1.4567298 -5.1503519E-003
       3.6000000     0.042603133     0.040724904       1.5893964       1.5894944 -6.1616293E-003
       3.9000000     0.042325496     0.040125395       1.7222212       1.7223465 -7.2726105E-003
       4.2000000     0.042030511     0.039484411       1.8551360       1.8552934 -8.4862730E-003
       4.5000000     0.041719286     0.038803460       1.9881477       1.9883427 -9.8058474E-003
       4.8000000     0.041393010     0.038084167       2.1212633       2.1215017    -0.011234820
       5.1000000     0.041052957     0.037328272       2.2544897       2.2547778    -0.012776937
       5.4000000     0.040700479     0.036537634       2.3878337       2.3881785    -0.014436208
       5.7000000     0.040337012     0.035714230       2.5213024       2.5217113    -0.016216911
       6.0000000     0.039964072     0.034860158       2.6549026       2.6553838    -0.018123596
       6.3000000     0.039583256     0.033977637       2.7886412       2.7892035    -0.020161090
       6.6000000     0.039196242     0.033069006       2.9225251       2.9231780    -0.022334502
       6.9000000     0.038804789     0.032136731       3.0565614       3.0573150    -0.024649228
       7.2000000     0.038410734     0.031183400       3.1907567       3.1916220    -0.027110959
       7.5000000     0.038015996     0.030211729       3.3251181       3.3261068    -0.029725683
       7.8000000     0.037622570     0.029224561       3.4596524       3.4607772    -0.032499693
       8.1000000     0.037232532     0.028224869       3.5943666       3.5956409    -0.035439595
       8.4000000     0.036848036     0.027215757       3.7292674       3.7307057    -0.038552313
       8.7000000     0.036471309     0.026200460       3.8643618       3.8659795    -0.041845097
       9.0000000     0.036104659     0.025182350       3.9996567       4.0014703    -0.045325529
       9.3000000     0.035750465     0.024164933       4.1351588       4.1371861    -0.049001534
       9.6000000     0.035411182     0.023151852       4.2708750       4.2731347    -0.052881385
       9.9000000     0.035089337     0.022146893       4.4068122       4.4093244    -0.056973712
       10.200000     0.034787526     0.021153981       4.5429772       4.5457632    -0.061287512
       10.500000     0.034508418     0.020177185       4.6793767       4.6824593    -0.065832158
       10.800000     0.034254747     0.019220722       4.8160176       4.8194210    -0.070617408
       11.100000     0.034029313     0.018288955       4.9529066       4.9566565    -0.075653415
       11.400000     0.033834977     0.017386396       5.0900506       5.0941743    -0.080950737
       11.700000     0.033674664     0.016517712       5.2274561       5.2319828    -0.086520349
       12.000000     0.033551353     0.015687721       5.3651300       5.3700905    -0.092373651
       12.300000     0.033468078     0.014901402       5.5030788       5.5085059    -0.098522484
       12.600000     0.033427924     0.014163889       5.6413093       5.6472378     -0.10497914
       12.900000     0.033434021     0.013480480       5.7798282       5.7862947     -0.11175636
       13.200000     0.033489543     0.012856635       5.9186419       5.9256856     -0.11886738
       13.500000     0.033597697     0.012297980       6.0577571       6.0654193     -0.12632592
       13.800000     0.033761724     0.011810310       6.1971802       6.2055047     -0.13414619
       14.100000     0.033984888     0.011399592       6.3369179       6.3459509     -0.14234291
       14.400000     0.034270470     0.011071962       6.4769764       6.4867670     -0.15093136
       14.700000     0.034621763     0.010833736       6.6173623       6.6279623     -0.15992732
       15.000000     0.035042060     0.010691405       6.7580819       6.7695460     -0.16934717
       15.300000     0.035534645     0.010651641       6.8991415       6.9115275     -0.17920783
       15.600000     0.036102784     0.010721296       7.0405473       7.0539164     -0.18952684
       15.900000     0.036749712     0.010907408       7.1823055       7.1967222     -0.20032231
       16.200000     0.037478621     0.011217201       7.3244223       7.3399546     -0.21161300
       16.500000     0.038292644     0.011658087       7.4669037       7.4836235     -0.22341830
       16.800000     0.039194839     0.012237667       7.6097557       7.6277387     -0.23575825
       17.100000     0.040188173     0.012963733       7.7529842       7.7723103     -0.24865356
       17.400000     0.041275499     0.013844270       7.8965950       7.9173484     -0.26212563
       17.700000     0.042459539     0.014887458       8.0405939       8.0628633     -0.27619659
       18.000000     0.043742851     0.016101671       8.1849865       8.2088653     -0.29088926
       18.300000     0.045127811     0.017495476       8.3297785       8.3553649     -0.30622721
       18.600000     0.046616575     0.019077638       8.4749752       8.5023728     -0.32223480
       18.900000     0.048211047     0.020857117       8.6205819       8.6498996     -0.33893712
       19.200000     0.049912842     0.022843067       8.7666040       8.7979564     -0.35636010
       19.500000     0.051723242     0.025044834       8.9130465       8.9465541     -0.37453045
       19.800000     0.053643148     0.027471958       9.0599145       9.0957039     -0.39347572
       20.100000     0.055673023     0.030134167       9.2072127       9.2454170     -0.41322431
       20.400000     0.057812835     0.033041375       9.3549459       9.3957050     -0.43380548
       20.700000     0.060061986     0.036203679       9.5031187       9.5465795     -0.45524935
       21.000000     0.062419231     0.039631351       9.6517355       9.6980521     -0.47758694
       21.300000     0.064882595     0.043334835       9.8008004       9.8501349     -0.50085016
       21.600000     0.067449269     0.047324739       9.9503177       10.002840     -0.52507184
       21.900000     0.070115491     0.051611824       10.100291       10.156179     -0.55028569
       22.200000     0.072876419     0.056206995       10.250725       10.310166     -0.57652638
       22.500000     0.075725970     0.061121289       10.401622       10.464811     -0.60382945
       22.800000     0.078656651     0.066365861       10.552986       10.620129     -0.63223138
       23.100000     0.081659352     0.071951964       10.704819       10.776133     -0.66176953
       23.400000     0.084723098     0.077890933       10.857126       10.932834     -0.69248213
       23.700000     0.087834775     0.084194160       11.009909       11.090248     -0.72440826
       24.000000     0.090978790     0.090873067       11.163170       11.248386     -0.75758781
       24.300000     0.094136673     0.097939076       11.316912       11.407264     -0.79206141
       24.600000     0.097286597      0.10540357       11.471136       11.566895     -0.82787036
       24.900000      0.10040280      0.11327786       11.625845       11.727293     -0.86505656
       25.200000      0.10345488      0.12157312       11.781041       11.888472     -0.90366235
       25.500000      0.10640691      0.13030033       11.936724       12.050448     -0.94373038
       25.800000      0.10921638      0.13947024       12.092897       12.213235     -0.98530338
       26.100000      0.11183283      0.14909325       12.249561       12.376848      -1.0284239
       26.400000      0.11419609      0.15917931       12.406717       12.541302      -1.0731341
       26.700000      0.11623410      0.16973784       12.564366       12.706614      -1.1194751
       27.000000      0.11785995      0.18077757       12.722510       12.872798      -1.1674865
       27.300000      0.11896809      0.19230636       12.881150       13.039872      -1.2172057
       27.600000      0.11942912      0.20433097       13.040288       13.207851      -1.2686669
       27.900000      0.11908274      0.21685684       13.199925       13.376753      -1.3219000
       28.200000      0.11772792      0.22988768       13.360066       13.546593      -1.3769283
       28.500000      0.11510889      0.24342506       13.520715       13.717390      -1.4337667
       28.800000      0.11089481      0.25746778       13.681876       13.889161      -1.4924182
       29.100000      0.10464950      0.27201101       13.843560       14.061923      -1.5528691
       29.400000     0.095784947      0.28704519       14.005777       14.235695      -1.6150823
       29.700000     0.083487676      0.30255428       14.168546       14.410496      -1.6789872
       30.000000     0.066597760      0.31851322       14.331891       14.586344      -1.7444640

Table series: Data for wavelength : 0.656273 µm.
   Y Angle (deg)       Tan Shift       Sag Shift     Real Height     Ref. Height      Distortion
  --------------  --------------  --------------  --------------  --------------  --------------
      0.00000000     0.062038385     0.062038385      0.00000000      0.00000000      0.00000000
      0.30000000     0.062025551     0.062011806      0.13227493      0.13227492  6.0486713E-006
      0.60000000     0.061988334     0.061932124      0.26455680      0.26455710 -1.1172097E-004
      0.90000000     0.061926856     0.061799502      0.39685256      0.39685378 -3.0840631E-004
       1.2000000     0.061841325     0.061614213      0.52916914      0.52917223 -5.8453522E-004
       1.5000000     0.061732029     0.061376640      0.66151348      0.66151971 -9.4093066E-004
       1.8000000     0.061599342     0.061087273      0.79389254      0.79390348 -1.3786240E-003
       2.1000000     0.061443720     0.060746714      0.92631324      0.92633083 -1.8988781E-003
       2.4000000     0.061265700     0.060355675       1.0587825       1.0588090 -2.5031884E-003
       2.7000000     0.061065905     0.059914978       1.1913074       1.1913454 -3.1932849E-003
       3.0000000     0.060845039     0.059425556       1.3238947       1.3239472 -3.9711335E-003
       3.3000000     0.060603890     0.058888453       1.4565514       1.4566219 -4.8389383E-003
       3.6000000     0.060343327     0.058304827       1.5892845       1.5893766 -5.7991442E-003
       3.9000000     0.060064305     0.057675946       1.7221009       1.7222189 -6.8544389E-003
       4.2000000     0.059767859     0.057003194       1.8550075       1.8551560 -8.0077561E-003
       4.5000000     0.059455109     0.056288067       1.9880113       1.9881954 -9.2622785E-003
       4.8000000     0.059127257     0.055532179       2.1211192       2.1213445    -0.010621441
       5.1000000     0.058785586     0.054737258       2.2543382       2.2546108    -0.012088935
       5.4000000     0.058431463     0.053905148       2.3876752       2.3880016    -0.013668711
       5.7000000     0.058066340     0.053037813       2.5211371       2.5215246    -0.015364984
       6.0000000     0.057691745     0.052137335       2.6547309       2.6551872    -0.017182236
       6.3000000     0.057309295     0.051205917       2.7884635       2.7889970    -0.019125225
       6.6000000     0.056920684     0.050245882       2.9223419       2.9229615    -0.021198983
       6.9000000     0.056527688     0.049259677       3.0563729       3.0570885    -0.023408830
       7.2000000     0.056132167     0.048249872       3.1905635       3.1913856    -0.025760370
       7.5000000     0.055736060     0.047219164       3.3249206       3.3258605    -0.028259506
       7.8000000     0.055341385     0.046170375       3.4594511       3.4605209    -0.030912438
       8.1000000     0.054950242     0.045106456       3.5941620       3.5953746    -0.033725676
       8.4000000     0.054564809     0.044030489       3.7290601       3.7304294    -0.036706043
       8.7000000     0.054187343     0.042945687       3.8641523       3.8656932    -0.039860684
       9.0000000     0.053820178     0.041855395       3.9994456       4.0011740    -0.043197070
       9.3000000     0.053465725     0.040763096       4.1349468       4.1368797    -0.046723011
       9.6000000     0.053126470     0.039672407       4.2706627       4.2728182    -0.050446660
       9.9000000     0.052804975     0.038587085       4.4066003       4.4089978    -0.054376524
       10.200000     0.052503873     0.037511029       4.5427664       4.5454265    -0.058521468
       10.500000     0.052225870     0.036448279       4.6791679       4.6821125    -0.062890730
       10.800000     0.051973740     0.035403020       4.8158115       4.8190640    -0.067493929
       11.100000     0.051750328     0.034379585       4.9527040       4.9562894    -0.072341072
       11.400000     0.051558541     0.033382455       5.0898523       5.0937971    -0.077442565
       11.700000     0.051401350     0.032416262       5.2272631       5.2315953    -0.082809225
       12.000000     0.051281787     0.031485793       5.3649432       5.3696928    -0.088452292
       12.300000     0.051202941     0.030595989       5.5028992       5.5080980    -0.094383437
       12.600000     0.051167954     0.029751950       5.6411380       5.6468195     -0.10061477
       12.900000     0.051180020     0.028958935       5.7796661       5.7858662     -0.10715888
       13.200000     0.051242374     0.028222367       5.9184902       5.9252467     -0.11402878
       13.500000     0.051358297     0.027547834       6.0576170       6.0649700     -0.12123801
       13.800000     0.051531102     0.026941091       6.1970530       6.2050451     -0.12880058
       14.100000     0.051764133     0.026408063       6.3368047       6.3454809     -0.13673102
       14.400000     0.052060755     0.025954845       6.4768786       6.4862866     -0.14504438
       14.700000     0.052424350     0.025587711       6.6172812       6.6274714     -0.15375622
       15.000000     0.052858308     0.025313107       6.7580190       6.7690446     -0.16288270
       15.300000     0.053366016     0.025137661       6.8990982       6.9110156     -0.17244051
       15.600000     0.053950849     0.025068181       7.0405252       7.0533939     -0.18244694
       15.900000     0.054616161     0.025111659       7.1823063       7.1961892     -0.19291986
       16.200000     0.055365269     0.025275271       7.3244476       7.3394110     -0.20387778
       16.500000     0.056201442     0.025566383       7.4669552       7.4830692     -0.21533981
       16.800000     0.057127884     0.025992547       7.6098353       7.6271738     -0.22732573
       17.100000     0.058147719     0.026561509       7.7530937       7.7717347     -0.23985598
       17.400000     0.059263970     0.027281205       7.8967364       7.9167620     -0.25295168
       17.700000     0.060479539     0.028159765       8.0407693       8.0622661     -0.26663466
       18.000000     0.061797185     0.029205514       8.1851981       8.2082573     -0.28092744
       18.300000     0.063219495     0.030426972       8.3300283       8.3547461     -0.29585329
       18.600000     0.064748858     0.031832854       8.4752656       8.5017431     -0.31143626
       18.900000     0.066387431     0.033432071       8.6209153       8.6492590     -0.32770113
       19.200000     0.068137104     0.035233731       8.7669829       8.7973048     -0.34467348
       19.500000     0.069999457     0.037247134       8.9134734       8.9458915     -0.36237972
       19.800000     0.071975720     0.039481773       9.0603921       9.0950302     -0.38084706
       20.100000     0.074066716     0.041947332       9.2077438       9.2447323     -0.40010355
       20.400000     0.076272807     0.044653683       9.3555334       9.3950092     -0.42017810
       20.700000     0.078593830     0.047610884       9.5037655       9.5458724     -0.44110051
       21.000000     0.081029022     0.050829169       9.6524447       9.6973338     -0.46290143
       21.300000     0.083576939     0.054318950       9.8015754       9.8494053     -0.48561244
       21.600000     0.086235362     0.058090802       9.9511617       10.002099     -0.50926600
       21.900000     0.089001191     0.062155463       10.101208       10.155427     -0.53389551
       22.200000     0.091870321     0.066523819       10.251717       10.309402     -0.55953528
       22.500000     0.094837498     0.071206894       10.402694       10.464036     -0.58622054
       22.800000     0.097896166     0.076215836       10.554141       10.619343     -0.61398743
       23.100000      0.10103827     0.081561902       10.706063       10.775335     -0.64287304
       23.400000      0.10425404     0.087256442       10.858461       10.932025     -0.67291530
       23.700000      0.10753175     0.093310873       11.011340       11.089426     -0.70415307
       24.000000      0.11085738     0.099736658       11.164701       11.247553     -0.73662601
       24.300000      0.11421430      0.10654528       11.318547       11.406419     -0.77037460
       24.600000      0.11758280      0.11374819       11.472881       11.566038     -0.80544005
       24.900000      0.12093964      0.12135680       11.627704       11.726424     -0.84186421
       25.200000      0.12425736      0.12938242       11.783018       11.887592     -0.87968949
       25.500000      0.12750353      0.13783619       11.938825       12.049555     -0.91895873
       25.800000      0.13063985      0.14672905       12.095127       12.212330     -0.95971501
       26.100000      0.13362094      0.15607165       12.251924       12.375931      -1.0020014
       26.400000      0.13639285      0.16587424       12.409219       12.540373      -1.0458608
       26.700000      0.13889119      0.17614663       12.567011       12.705673      -1.0913353
       27.000000      0.14103865      0.18689799       12.725303       12.871845      -1.1384661
       27.300000      0.14274179      0.19813675       12.884096       13.038906      -1.1872925
       27.600000      0.14388676      0.20987038       13.043392       13.206873      -1.2378513
       27.900000      0.14433351      0.22210519       13.203191       13.375762      -1.2901759
       28.200000      0.14390778      0.23484600       13.363497       13.545590      -1.3442942
       28.500000      0.14238987      0.24809577       13.524314       13.716374      -1.4002275
       28.800000      0.13949861      0.26185510       13.685645       13.888132      -1.4579872
       29.100000      0.13486766      0.27612155       13.847498       14.060882      -1.5175711
       29.400000      0.12800988      0.29088870       14.009882       14.234641      -1.5789584
       29.700000      0.11826194      0.30614482       14.172812       14.409429      -1.6421011
       30.000000      0.10469515      0.32187092       14.336306       14.585264      -1.7069127
