Results for:	
File:	C:\Users\User\OneDrive - Massachusetts Institute of Technology\Documents\MIT\Grad School\Classes\2.156\Lens Project\Prime Lenses\US02532751-1.zmx
Title:	
Date:	11/7/2025 5:42:18 PM

0 message(s) in output.
3 series table(s) in output.

Table series: Data for wavelength : 0.486133 µm.
   Y Angle (deg)       Tan Shift       Sag Shift     Real Height     Ref. Height      Distortion
  --------------  --------------  --------------  --------------  --------------  --------------
      0.00000000     0.051259425     0.051259425      0.00000000      0.00000000      0.00000000
      0.21000000     0.051255825     0.051241483     0.093530578     0.093530643 -7.0198845E-005
      0.42000000     0.051247846     0.051187668      0.18706366      0.18706380 -7.2022156E-005
      0.63000000     0.051235435     0.051098016      0.28060177      0.28060198 -7.5123194E-005
      0.84000000     0.051218507     0.050972583      0.37414741      0.37414770 -7.9496864E-005
       1.0500000     0.051196941     0.050811450      0.46770308      0.46770348 -8.5242979E-005
       1.2600000     0.051170583     0.050614720      0.56127131      0.56127183 -9.2453809E-005
       1.4700000     0.051139243     0.050382519      0.65485460      0.65485526 -1.0124229E-004
       1.6800000     0.051102698     0.050114998      0.74845547      0.74845630 -1.1174213E-004
       1.8900000     0.051060688     0.049812327      0.84207642      0.84207747 -1.2410791E-004
       2.1000000     0.051012920     0.049474705      0.93571999      0.93572129 -1.3851525E-004
       2.3100000     0.050959063     0.049102348       1.0293887       1.0293903 -1.5516094E-004
       2.5200000     0.050898750     0.048695499       1.1230850       1.1230870 -1.7426313E-004
       2.7300000     0.050831578     0.048254423       1.2168115       1.2168139 -1.9606151E-004
       2.9400000     0.050757107     0.047779408       1.3105707       1.3105736 -2.2081752E-004
       3.1500000     0.050674859     0.047270768       1.4043651       1.4043686 -2.4881461E-004
       3.3600000     0.050584316     0.046728836       1.4981972       1.4982014 -2.8035847E-004
       3.5700000     0.050484923     0.046153972       1.5920696       1.5920747 -3.1577730E-004
       3.7800000     0.050376083     0.045546558       1.6859848       1.6859908 -3.5542214E-004
       3.9900000     0.050257160     0.044906999       1.7799454       1.7799525 -3.9966716E-004
       4.2000000     0.050127475     0.044235727       1.8739538       1.8739622 -4.4890998E-004
       4.4100000     0.049986307     0.043533194       1.9680127       1.9680226 -5.0357210E-004
       4.6200000     0.049832892     0.042799877       2.0621245       2.0621361 -5.6409922E-004
       4.8300000     0.049666421     0.042036279       2.1562918       2.1563054 -6.3096168E-004
       5.0400000     0.049486040     0.041242924       2.2505172       2.2505331 -7.0465488E-004
       5.2500000     0.049290846     0.040420362       2.3448032       2.3448217 -7.8569979E-004
       5.4600000     0.049079890     0.039569168       2.4391525       2.4391738 -8.7464335E-004
       5.6700000     0.048852174     0.038689939       2.5335674       2.5335920 -9.7205908E-004
       5.8800000     0.048606649     0.037783297       2.6280507       2.6280790 -1.0785475E-003
       6.0900000     0.048342212     0.036849892       2.7226049       2.7226374 -1.1947370E-003
       6.3000000     0.048057709     0.035890394       2.8172325       2.8172697 -1.3212839E-003
       6.5100000     0.047751930     0.034905501       2.9119362       2.9119787 -1.4588736E-003
       6.7200000     0.047423607     0.033895933       3.0067185       3.0067669 -1.6082210E-003
       6.9300000     0.047071416     0.032862439       3.1015821       3.1016370 -1.7700713E-003
       7.1400000     0.046693969     0.031805791       3.1965295       3.1965917 -1.9452007E-003
       7.3500000     0.046289818     0.030726785       3.2915634       3.2916336 -2.1344170E-003
       7.5600000     0.045857451     0.029626245       3.3866862       3.3867654 -2.3385608E-003
       7.7700000     0.045395288     0.028505019       3.4819008       3.4819899 -2.5585058E-003
       7.9800000     0.044901682     0.027363981       3.5772096       3.5773096 -2.7951604E-003
       8.1900000     0.044374914     0.026204030       3.6726153       3.6727273 -3.0494679E-003
       8.4000000     0.043813191     0.025026093       3.7681205       3.7682457 -3.3224079E-003
       8.6100000     0.043214647     0.023831120       3.8637279       3.8638676 -3.6149973E-003
       8.8200000     0.042577333     0.022620091       3.9594401       3.9595957 -3.9282912E-003
       9.0300000     0.041899223     0.021394007       4.0552598       4.0554327 -4.2633843E-003
       9.2400000     0.041178205     0.020153901       4.1511896       4.1513814 -4.6214117E-003
       9.4500000     0.040412080     0.018900829       4.2472322       4.2474447 -5.0035505E-003
       9.6600000     0.039598559     0.017635874       4.3433901       4.3436252 -5.4110206E-003
       9.8700000     0.038735258     0.016360145       4.4396663       4.4399258 -5.8450869E-003
       10.080000     0.037819697     0.015074780       4.5360632       4.5363493 -6.3070597E-003
       10.290000     0.036849298     0.013780942       4.6325835       4.6328985 -6.7982968E-003
       10.500000     0.035821374     0.012479820       4.7292301       4.7295763 -7.3202052E-003
       10.710000     0.034733132     0.011172633       4.8260055       4.8263855 -7.8742420E-003
       10.920000     0.033581668  9.8606236E-003       4.9229125       4.9233291 -8.4619168E-003
       11.130000     0.032363958  8.5450628E-003       5.0199537       5.0204098 -9.0847934E-003
       11.340000     0.031076861  7.2272485E-003       5.1171320       5.1176307 -9.7444910E-003
       11.550000     0.029717106  5.9085053E-003       5.2144500       5.2149946    -0.010442687
       11.760000     0.028281294  4.5901849E-003       5.3119104       5.3125044    -0.011181119
       11.970000     0.026765889  3.2736656E-003       5.4095160       5.4101632    -0.011961587
       12.180000     0.025167215  1.9603527E-003       5.5072696       5.5079738    -0.012785953
       12.390000     0.023481448  6.5167806E-004       5.6051738       5.6059394    -0.013656149
       12.600000     0.021704612 -6.5090004E-004       5.7032315       5.7040628    -0.014574174
       12.810000     0.019832571 -1.9458968E-003       5.8014453       5.8023471    -0.015542100
       13.020000     0.017861026 -3.2318013E-003       5.8998181       5.9007954    -0.016562073
       13.230000     0.015785503 -4.5070767E-003       5.9983527       5.9994107    -0.017636317
       13.440000     0.013601352 -5.7701605E-003       6.0970517       6.0981962    -0.018767136
       13.650000     0.011303736 -7.0194647E-003       6.1959180       6.1971548    -0.019956918
       13.860000  8.8876209E-003 -8.2533766E-003       6.2949544       6.2962897    -0.021208138
       14.070000  6.3477743E-003 -9.4702587E-003       6.3941636       6.3956041    -0.022523363
       14.280000  3.6787510E-003    -0.010668449       6.4935484       6.4951011    -0.023905251
       14.490000  8.7488659E-004    -0.011846264       6.5931117       6.5947839    -0.025356563
       14.700000 -2.0697124E-003    -0.013001994       6.6928563       6.6946558    -0.026880158
       14.910000 -5.1611782E-003    -0.014133910       6.7927848       6.7947199    -0.028479005
       15.120000 -8.4058921E-003    -0.015240259       6.8929002       6.8949795    -0.030156182
       15.330000    -0.011810495    -0.016319270       6.9932053       6.9954379    -0.031914886
       15.540000    -0.015381901    -0.017369151       7.0937028       7.0960983    -0.033758432
       15.750000    -0.019127303    -0.018388090       7.1943956       7.1969642    -0.035690266
       15.960000    -0.023054196    -0.019374261       7.2952864       7.2980388    -0.037713962
       16.170000    -0.027170378    -0.020325818       7.3963781       7.3993255    -0.039833236
       16.380000    -0.031483973    -0.021240904       7.4976735       7.5008277    -0.042051947
       16.590000    -0.036003442    -0.022117646       7.5991753       7.6025489    -0.044374108
       16.800000    -0.040737597    -0.022954160       7.7008864       7.7044924    -0.046803887
       17.010000    -0.045695625    -0.023748554       7.8028096       7.8066619    -0.049345622
       17.220000    -0.050887093    -0.024498928       7.9049476       7.9090607    -0.052003823
       17.430000    -0.056321977    -0.025203376       8.0073033       8.0116924    -0.054783186
       17.640000    -0.062010666    -0.025859990       8.1098794       8.1145606    -0.057688597
       17.850000    -0.067964006    -0.026466863       8.2126786       8.2176688    -0.060725142
       18.060000    -0.074193298    -0.027022090       8.3157038       8.3210207    -0.063898123
       18.270000    -0.080710333    -0.027523774       8.4189576       8.4246200    -0.067213061
       18.480000    -0.087527416    -0.027970025       8.5224427       8.5284703    -0.070675713
       18.690000    -0.094657381    -0.028358971       8.6261620       8.6325753    -0.074292083
       18.900000     -0.10211363    -0.028688756       8.7301180       8.7369388    -0.078068433
       19.110000     -0.10991015    -0.028957548       8.8343135       8.8415646    -0.082011299
       19.320000     -0.11806154    -0.029163542       8.9387510       8.9464564    -0.086127506
       19.530000     -0.12658308    -0.029304969       9.0434333       9.0516181    -0.090424185
       19.740000     -0.13549070    -0.029380099       9.1483628       9.1570537    -0.094908784
       19.950000     -0.14480107    -0.029387248       9.2535422       9.2627669    -0.099589093
       20.160000     -0.15453161    -0.029324786       9.3589739       9.3687618     -0.10447326
       20.370000     -0.16470054    -0.029191147       9.4646605       9.4750423     -0.10956982
       20.580000     -0.17532693    -0.028984834       9.5706044       9.5816125     -0.11488769
       20.790000     -0.18643070    -0.028704430       9.6768080       9.6884765     -0.12043624
       21.000000     -0.19803276    -0.028348609       9.7832737       9.7956382     -0.12622527

Table series: Data for wavelength : 0.587562 µm.
   Y Angle (deg)       Tan Shift       Sag Shift     Real Height     Ref. Height      Distortion
  --------------  --------------  --------------  --------------  --------------  --------------
      0.00000000     0.042511160     0.042511160      0.00000000      0.00000000      0.00000000
      0.21000000     0.042504337     0.042490717     0.093528536     0.093528536  2.7754455E-007
      0.42000000     0.042486304     0.042429399      0.18705959      0.18705958  1.0322374E-006
      0.63000000     0.042457005     0.042327239      0.28059567      0.28059566  2.2348205E-006
      0.84000000     0.042416353     0.042184291      0.37413929      0.37413927  3.8835026E-006
       1.0500000     0.042364224     0.042000634      0.46769297      0.46769294  5.8876216E-006
       1.2600000     0.042300458     0.041776365      0.56125923      0.56125918  8.1603304E-006
       1.4700000     0.042224861     0.041511605      0.65484058      0.65484051  1.0595331E-005
       1.6800000     0.042137203     0.041206498      0.74843954      0.74843944  1.3066784E-005
       1.8900000     0.042037218     0.040861209      0.84205863      0.84205850  1.5429201E-005
       2.1000000     0.041924601     0.040475923      0.93570036      0.93570020  1.7517317E-005
       2.3100000     0.041799014     0.040050851       1.0293673       1.0293671  1.9145952E-005
       2.5200000     0.041660080     0.039586224       1.1230619       1.1230617  2.0109848E-005
       2.7300000     0.041507384     0.039082296       1.2167867       1.2167865  2.0183493E-005
       2.9400000     0.041340472     0.038539342       1.3105443       1.3105441  1.9120924E-005
       3.1500000     0.041158854     0.037957660       1.4043372       1.4043369  1.6655515E-005
       3.3600000     0.040961996     0.037337572       1.4981679       1.4981677  1.2499745E-005
       3.5700000     0.040749329     0.036679419       1.5920389       1.5920388  6.3449425E-006
       3.7800000     0.040520239     0.035983568       1.6859528       1.6859528 -2.1389811E-006
       3.9900000     0.040274071     0.035250407       1.7799122       1.7799124 -1.3303825E-005
       4.2000000     0.040010129     0.034480345       1.8739195       1.8739200 -2.7523410E-005
       4.4100000     0.039727672     0.033673817       1.9679774       1.9679782 -4.5193910E-005
       4.6200000     0.039425914     0.032831279       2.0620883       2.0620897 -6.6734205E-005
       4.8300000     0.039104025     0.031953209       2.1562548       2.1562568 -9.2586257E-005
       5.0400000     0.038761127     0.031040110       2.2504796       2.2504824 -1.2321551E-004
       5.2500000     0.038396295     0.030092507       2.3447651       2.3447688 -1.5911131E-004
       5.4600000     0.038008554     0.029110947       2.4391139       2.4391188 -2.0078735E-004
       5.6700000     0.037596880     0.028096003       2.5335287       2.5335350 -2.4878214E-004
       5.8800000     0.037160196     0.027048268       2.6280118       2.6280198 -3.0365950E-004
       6.0900000     0.036697373     0.025968362       2.7225661       2.7225761 -3.6600910E-004
       6.3000000     0.036207225     0.024856925       2.8171940       2.8172063 -4.3644697E-004
       6.5100000     0.035688512     0.023714623       2.9118981       2.9119131 -5.1561613E-004
       6.7200000     0.035139937     0.022542145       3.0066810       3.0066992 -6.0418715E-004
       6.9300000     0.034560139     0.021340203       3.1015453       3.1015671 -7.0285883E-004
       7.1400000     0.033947700     0.020109534       3.1964937       3.1965197 -8.1235882E-004
       7.3500000     0.033301136     0.018850899       3.2915287       3.2915594 -9.3344437E-004
       7.5600000     0.032618898     0.017565083       3.3866530       3.3866891 -1.0669030E-003
       7.7700000     0.031899371     0.016252895       3.4818691       3.4819114 -1.2135535E-003
       7.9800000     0.031140867     0.014915167       3.5771798       3.5772290 -1.3742463E-003
       8.1900000     0.030341629     0.013552759       3.6725876       3.6726445 -1.5498646E-003
       8.4000000     0.029499824     0.012166551       3.7680952       3.7681608 -1.7413255E-003
       8.6100000     0.028613542     0.010757452       3.8637052       3.8637805 -1.9495805E-003
       8.8200000     0.027680795  9.3263923E-003       3.9594203       3.9595065 -2.1756164E-003
       9.0300000     0.026699509  7.8743289E-003       4.0552432       4.0553413 -2.4204570E-003
       9.2400000     0.025667527  6.4022430E-003       4.1511764       4.1512879 -2.6851634E-003
       9.4500000     0.024582605  4.9111408E-003       4.2472228       4.2473490 -2.9708355E-003
       9.6600000     0.023442405  3.4020537E-003       4.3433849       4.3435273 -3.2786133E-003
       9.8700000     0.022244496  1.8760381E-003       4.4396655       4.4398257 -3.6096776E-003
       10.080000     0.020986347  3.3417553E-004       4.5360672       4.5362470 -3.9652519E-003
       10.290000     0.019665326 -1.2224272E-003       4.6325927       4.6327941 -4.3466034E-003
       10.500000     0.018278696 -2.7926382E-003       4.7292448       4.7294697 -4.7550444E-003
       10.710000     0.016823610 -4.3753001E-003       4.8260262       4.8262768 -5.1919338E-003
       10.920000     0.015297107 -5.9692304E-003       4.9229395       4.9232181 -5.6586787E-003
       11.130000     0.013696108 -7.5732213E-003       5.0199876       5.0202967 -6.1567362E-003
       11.340000     0.012017413 -9.1860397E-003       5.1171731       5.1175154 -6.6876147E-003
       11.550000     0.010257693    -0.010806427       5.2144988       5.2148770 -7.2528759E-003
       11.760000  8.4134888E-003    -0.012433101       5.3119675       5.3123847 -7.8541365E-003
       11.970000  6.4812021E-003    -0.014064752       5.4095818       5.4100413 -8.4930706E-003
       12.180000  4.4570932E-003    -0.015700046       5.5073446       5.5078497 -9.1714111E-003
       12.390000  2.3372740E-003    -0.017337626       5.6052586       5.6058131 -9.8909524E-003
       12.600000  1.1770269E-004    -0.018976108       5.7033266       5.7039343    -0.010653552
       12.810000 -2.2058231E-003    -0.020614085       5.8015514       5.8022164    -0.011461134
       13.020000 -4.6376722E-003    -0.022250125       5.8999358       5.9006625    -0.012315691
       13.230000 -7.1823869E-003    -0.023882771       5.9984825       5.9992756    -0.013219285
       13.440000 -9.8446897E-003    -0.025510544       6.0971944       6.0980587    -0.014174053
       13.650000    -0.012629491    -0.027131942       6.1960743       6.1970151    -0.015182209
       13.860000    -0.015541897    -0.028745437       6.2951249       6.2961478    -0.016246045
       14.070000    -0.018587217    -0.030349481       6.3943492       6.3954600    -0.017367938
       14.280000    -0.021770972    -0.031942503       6.4937499       6.4949548    -0.018550349
       14.490000    -0.025098906    -0.033522911       6.5933299       6.5946353    -0.019795831
       14.700000    -0.028576992    -0.035089092       6.6930919       6.6945049    -0.021107027
       14.910000    -0.032211444    -0.036639412       6.7930389       6.7945668    -0.022486682
       15.120000    -0.036008725    -0.038172218       6.8931737       6.8948241    -0.023937637
       15.330000    -0.039975561    -0.039685838       6.9934990       6.9952802    -0.025462844
       15.540000    -0.044118951    -0.041178584       7.0940179       7.0959384    -0.027065363
       15.750000    -0.048446177    -0.042648750       7.1947330       7.1968020    -0.028748368
       15.960000    -0.052964820    -0.044094615       7.2956474       7.2978743    -0.030515155
       16.170000    -0.057682770    -0.045514444       7.3967637       7.3991587    -0.032369146
       16.380000    -0.062608242    -0.046906488       7.4980849       7.5006587    -0.034313894
       16.590000    -0.067749792    -0.048268989       7.5996139       7.6023776    -0.036353090
       16.800000    -0.073116326    -0.049600179       7.7013534       7.7043188    -0.038490567
       17.010000    -0.078717123    -0.050898281       7.8033063       7.8064859    -0.040730311
       17.220000    -0.084561853    -0.052161515       7.9054756       7.9088824    -0.043076466
       17.430000    -0.090660586    -0.053388095       8.0078639       8.0115118    -0.045533339
       17.640000    -0.097023821    -0.054576236       8.1104743       8.1143777    -0.048105414
       17.850000     -0.10366250    -0.055724155       8.2133094       8.2174836    -0.050797354
       18.060000     -0.11058803    -0.056830073       8.3163721       8.3208332    -0.053614016
       18.270000     -0.11781230    -0.057892219       8.4196653       8.4244302    -0.056560456
       18.480000     -0.12534773    -0.058908835       8.5231917       8.5282781    -0.059641943
       18.690000     -0.13320726    -0.059878176       8.6269541       8.6323808    -0.062863967
       18.900000     -0.14140440    -0.060798520       8.7309554       8.7367419    -0.066232251
       19.110000     -0.14995325    -0.061668165       8.8351982       8.8413653    -0.069752767
       19.320000     -0.15886853    -0.062485441       8.9396854       8.9462548    -0.073431745
       19.530000     -0.16816561    -0.063248713       9.0444196       9.0514142    -0.077275689
       19.740000     -0.17786055    -0.063956383       9.1494036       9.1568473    -0.081291391
       19.950000     -0.18797015    -0.064606905       9.2546400       9.2625582    -0.085485949
       20.160000     -0.19851192    -0.065198781       9.3601315       9.3685507    -0.089866784
       20.370000     -0.20950422    -0.065730579       9.4658807       9.4748288    -0.094441657
       20.580000     -0.22096623    -0.066200935       9.5718901       9.5813966    -0.099218689
       20.790000     -0.23291800    -0.066608564       9.6781624       9.6882582     -0.10420638
       21.000000     -0.24538055    -0.066952271       9.7847000       9.7954175     -0.10941365

Table series: Data for wavelength : 0.656273 µm.
   Y Angle (deg)       Tan Shift       Sag Shift     Real Height     Ref. Height      Distortion
  --------------  --------------  --------------  --------------  --------------  --------------
      0.00000000     0.056151390     0.056151390      0.00000000      0.00000000      0.00000000
      0.21000000     0.056143418     0.056129991     0.093525245     0.093525166  8.5149165E-005
      0.42000000     0.056121776     0.056065806      0.18705301      0.18705284  8.6699630E-005
      0.63000000     0.056086409     0.055958867      0.28058580      0.28058555  8.9221877E-005
      0.84000000     0.056037228     0.055809228      0.37412614      0.37412579  9.2729856E-005
       1.0500000     0.055974109     0.055616964      0.46767655      0.46767609  9.7127055E-005
       1.2600000     0.055896890     0.055382173      0.56123953      0.56123896  1.0232855E-004
       1.4700000     0.055805377     0.055104974      0.65481762      0.65481691  1.0823039E-004
       1.6800000     0.055699336     0.054785507      0.74841333      0.74841247  1.1470953E-004
       1.8900000     0.055578499     0.054423935      0.84202918      0.84202816  1.2162371E-004
       2.1000000     0.055442562     0.054020441      0.93566769      0.93566649  1.2881134E-004
       2.3100000     0.055291180     0.053575232       1.0293314       1.0293300  1.3609135E-004
       2.5200000     0.055123976     0.053088535       1.1230228       1.1230212  1.4326305E-004
       2.7300000     0.054940530     0.052560599       1.2167445       1.2167426  1.5010597E-004
       2.9400000     0.054740386     0.051991697       1.3104989       1.3104968  1.5637964E-004
       3.1500000     0.054523049     0.051382120       1.4042886       1.4042863  1.6182342E-004
       3.3600000     0.054287982     0.050732185       1.4981162       1.4981137  1.6615622E-004
       3.5700000     0.054034611     0.050042229       1.5919841       1.5919814  1.6907634E-004
       3.7800000     0.053762317     0.049312611       1.6858950       1.6858921  1.7026111E-004
       3.9900000     0.053470441     0.048543713       1.7798513       1.7798483  1.6936670E-004
       4.2000000     0.053158281     0.047735938       1.8738556       1.8738525  1.6602777E-004
       4.4100000     0.052825091     0.046889714       1.9679105       1.9679073  1.5985714E-004
       4.6200000     0.052470080     0.046005489       2.0620185       2.0620154  1.5044551E-004
       4.8300000     0.052092411     0.045083733       2.1561821       2.1561792  1.3736100E-004
       5.0400000     0.051691200     0.044124941       2.2504040       2.2504013  1.2014887E-004
       5.2500000     0.051265516     0.043129629       2.3446867       2.3446844  9.8331041E-005
       5.4600000     0.050814377     0.042098336       2.4390327       2.4390309  7.1405702E-005
       5.6700000     0.050336751     0.041031623       2.5334447       2.5334437  3.8846836E-005
       5.8800000     0.049831555     0.039930076       2.6279251       2.6279251  1.0375651E-007
       6.0900000     0.049297651     0.038794303       2.7224767       2.7224780 -4.5399407E-005
       6.3000000     0.048733847     0.037624933       2.8171020       2.8171048 -9.8264226E-005
       6.5100000     0.048138894     0.036422622       2.9118035       2.9118082 -1.5911854E-004
       6.7200000     0.047511486     0.035188046       3.0065839       3.0065908 -2.2861705E-004
       6.9300000     0.046850255     0.033921906       3.1014458       3.1014554 -3.0744190E-004
       7.1400000     0.046153772     0.032624927       3.1963918       3.1964045 -3.9630336E-004
       7.3500000     0.045420545     0.031297856       3.2914245       3.2914408 -4.9594048E-004
       7.5600000     0.044649017     0.029941464       3.3865465       3.3865671 -6.0712180E-004
       7.7700000     0.043837561     0.028556547       3.4817605       3.4817859 -7.3064610E-004
       7.9800000     0.042984480     0.027143924       3.5770690       3.5771001 -8.6734319E-004
       8.1900000     0.042088008     0.025704437       3.6724748       3.6725122 -1.0180747E-003
       8.4000000     0.041146301     0.024238955       3.7679804       3.7680250 -1.1837349E-003
       8.6100000     0.040157438     0.022748367       3.8635886       3.8636413 -1.3652518E-003
       8.8200000     0.039119420     0.021233590       3.9593019       3.9593638 -1.5635876E-003
       9.0300000     0.038030164     0.019695563       4.0551230       4.0551952 -1.7797404E-003
       9.2400000     0.036887501     0.018135251       4.1510547       4.1511383 -2.0147446E-003
       9.4500000     0.035689174     0.016553641       4.2470995       4.2471959 -2.2696722E-003
       9.6600000     0.034432836     0.014951747       4.3432602       4.3433708 -2.5456338E-003
       9.8700000     0.033116041     0.013330606       4.4395395       4.4396658 -2.8437803E-003
       10.080000     0.031736249     0.011691282       4.5359400       4.5360836 -3.1653032E-003
       10.290000     0.030290816     0.010034859       4.6324645       4.6326272 -3.5114369E-003
       10.500000     0.028776991  8.3624518E-003       4.7291156       4.7292993 -3.8834592E-003
       10.710000     0.027191915  6.6751948E-003       4.8258962       4.8261029 -4.2826934E-003
       10.920000     0.025532614  4.9742495E-003       4.9228088       4.9230407 -4.7105091E-003
       11.130000     0.023795999  3.2608017E-003       5.0198564       5.0201158 -5.1683244E-003
       11.340000     0.021978854  1.5360618E-003       5.1170415       5.1173310 -5.6576070E-003
       11.550000     0.020077839 -1.9873502E-004       5.2143669       5.2146892 -6.1798765E-003
       11.760000     0.018089480 -1.9423292E-003       5.3118354       5.3121933 -6.7367055E-003
       11.970000     0.016010166 -3.6934364E-003       5.4094498       5.4098463 -7.3297218E-003
       12.180000     0.013836146 -5.4507482E-003       5.5072128       5.5076513 -7.9606105E-003
       12.390000     0.011563517 -7.2129318E-003       5.6051272       5.6056111 -8.6311158E-003
       12.600000  9.1882239E-003 -8.9786302E-003       5.7031959       5.7037288 -9.3430434E-003
       12.810000  6.7060514E-003    -0.010746463       5.8014214       5.8020073    -0.010098262
       13.020000  4.1126173E-003    -0.012515025       5.8998068       5.9004499    -0.010898708
       13.230000  1.4033660E-003    -0.014282888       5.9983547       5.9990594    -0.011746384
       13.440000 -1.4264384E-003    -0.016048602       6.0970681       6.0978390    -0.012643366
       13.650000 -4.3817194E-003    -0.017810693       6.1959496       6.1967918    -0.013591801
       13.860000 -7.4675962E-003    -0.019567664       6.2950021       6.2959210    -0.014593916
       14.070000    -0.010689391    -0.021317997       6.3942286       6.3952295    -0.015652016
       14.280000    -0.014052639    -0.023060153       6.4936317       6.4947207    -0.016768489
       14.490000    -0.017563096    -0.024792570       6.5932143       6.5943977    -0.017945810
       14.700000    -0.021226747    -0.026513669       6.6929793       6.6942637    -0.019186544
       14.910000    -0.025049818    -0.028221849       6.7929296       6.7943220    -0.020493349
       15.120000    -0.029038785    -0.029915491       6.8930679       6.8945757    -0.021868980
       15.330000    -0.033200386    -0.031592957       6.9933972       6.9950282    -0.023316297
       15.540000    -0.037541630    -0.033252594       7.0939203       7.0956828    -0.024838262
       15.750000    -0.042069811    -0.034892731       7.1946401       7.1965427    -0.026437951
       15.960000    -0.046792521    -0.036511684       7.2955594       7.2976114    -0.028118553
       16.170000    -0.051717658    -0.038107754       7.3966811       7.3988921    -0.029883381
       16.380000    -0.056853449    -0.039679230       7.4980081       7.5003884    -0.031735871
       16.590000    -0.062208457    -0.041224393       7.5995433       7.6021036    -0.033679593
       16.800000    -0.067791597    -0.042741511       7.7012895       7.7040412    -0.035718255
       17.010000    -0.073612157    -0.044228848       7.8032496       7.8062047    -0.037855710
       17.220000    -0.079679808    -0.045684663       7.9054265       7.9085975    -0.040095961
       17.430000    -0.086004632    -0.047107209       8.0078230       8.0112232    -0.042443170
       17.640000    -0.092597129    -0.048494743       8.1104420       8.1140853    -0.044901667
       17.850000    -0.099468248    -0.049845521       8.2132864       8.2171876    -0.047475956
       18.060000     -0.10662939    -0.051157805       8.3163590       8.3205334    -0.050170722
       18.270000     -0.11409247    -0.052429868       8.4196626       8.4241266    -0.052990846
       18.480000     -0.12186987    -0.053659990       8.5232002       8.5279708    -0.055941408
       18.690000     -0.12997456    -0.054846471       8.6269745       8.6320698    -0.059027704
       18.900000     -0.13842003    -0.055987627       8.7309883       8.7364272    -0.062255251
       19.110000     -0.14722039    -0.057081802       8.8352444       8.8410468    -0.065629802
       19.320000     -0.15639033    -0.058127365       8.9397457       8.9459325    -0.069157360
       19.530000     -0.16594524    -0.059122722       9.0444949       9.0510880    -0.072844188
       19.740000     -0.17590116    -0.060066318       9.1494946       9.1565174    -0.076696825
       19.950000     -0.18627485    -0.060956646       9.2547478       9.2622244    -0.080722102
       20.160000     -0.19708384    -0.061792249       9.3602570       9.3682131    -0.084927159
       20.370000     -0.20834646    -0.062571734       9.4660249       9.4744875    -0.089319459
       20.580000     -0.22008185    -0.063293775       9.5720542       9.5810514    -0.093906810
       20.790000     -0.23231007    -0.063957125       9.6783474       9.6879091    -0.098697384
       21.000000     -0.24505208    -0.064560623       9.7849071       9.7950646     -0.10369974
