Results for:	
File:	C:\Users\User\OneDrive - Massachusetts Institute of Technology\Documents\MIT\Grad School\Classes\2.156\Lens Project\Prime Lenses\US004094588_Example01P.zmx
Title:	US 4,094,588 Example 1 (Olympus Zuiko Auto-S 50mm F1.4)
Date:	11/7/2025 5:36:49 PM

0 message(s) in output.
3 series table(s) in output.

Table series: Data for wavelength : 0.486133 µm.
   Y Angle (deg)       Tan Shift       Sag Shift     Real Height     Ref. Height      Distortion
  --------------  --------------  --------------  --------------  --------------  --------------
      0.00000000    -0.038532910    -0.038532910      0.00000000      0.00000000      0.00000000
      0.23902038    -0.038572320    -0.038584545      0.20840353      0.20840379 -1.2653236E-004
      0.47804077    -0.038684257    -0.038739395      0.41681211      0.41681484 -6.5559536E-004
      0.71706115    -0.038868597    -0.038997291      0.62523078      0.62524039 -1.5373308E-003
      0.95608153    -0.039125134    -0.039357954      0.83366461      0.83368772 -2.7716844E-003
       1.1951019    -0.039453577    -0.039820993       1.0421186       1.0421641 -4.3585794E-003
       1.4341223    -0.039853554    -0.040385904       1.2505979       1.2506767 -6.2979055E-003
       1.6731427    -0.040324610    -0.041052072       1.4591076       1.4592329 -8.5895641E-003
       1.9121631    -0.040866209    -0.041818767       1.6676526       1.6678399    -0.011233399
       2.1511835    -0.041477730    -0.042685149       1.8762381       1.8765051    -0.014229241
       2.3902038    -0.042158472    -0.043650262       2.0848691       2.0852356    -0.017576898
       2.6292242    -0.042907652    -0.044713039       2.2935508       2.2940389    -0.021276151
       2.8682446    -0.043724404    -0.045872296       2.5022882       2.5029222    -0.025326755
       3.1072650    -0.044607785    -0.047126736       2.7110866       2.7118928    -0.029728440
       3.3462854    -0.045556767    -0.048474947       2.9199509       2.9209580    -0.034480907
       3.5853058    -0.046570245    -0.049915401       3.1288863       3.1301253    -0.039583826
       3.8243261    -0.047647033    -0.051446453       3.3378981       3.3394020    -0.045036840
       4.0633465    -0.048785867    -0.053066340       3.5469912       3.5487954    -0.050839557
       4.3023669    -0.049985405    -0.054773182       3.7561711       3.7583130    -0.056991555
       4.5413873    -0.051244226    -0.056564982       3.9654428       3.9679621    -0.063492374
       4.7804077    -0.052560834    -0.058439620       4.1748115       4.1777502    -0.070341521
       5.0194281    -0.053933655    -0.060394857       4.3842826       4.3876848    -0.077538462
       5.2584484    -0.055361043    -0.062428332       4.5938613       4.5977732    -0.085082624
       5.4974688    -0.056841277    -0.064537563       4.8035528       4.8080230    -0.092973393
       5.7364892    -0.058372562    -0.066719942       5.0133626       5.0184417     -0.10121011
       5.9755096    -0.059953033    -0.068972738       5.2232958       5.2290369     -0.10979206
       6.2145300    -0.061580755    -0.071293094       5.4333580       5.4398161     -0.11871851
       6.4535504    -0.063253724    -0.073678023       5.6435544       5.6507868     -0.12798863
       6.6925707    -0.064969869    -0.076124413       5.8538906       5.8619567     -0.13760156
       6.9315911    -0.066727055    -0.078629020       6.0643719       6.0733335     -0.14755639
       7.1706115    -0.068523082    -0.081188470       6.2750039       6.2849248     -0.15785214
       7.4096319    -0.070355690    -0.083799255       6.4857921       6.4967383     -0.16848776
       7.6486523    -0.072222561    -0.086457733       6.6967421       6.7087818     -0.17946214
       7.8876727    -0.074121320    -0.089160125       6.9078594       6.9210630     -0.19077410
       8.1266930    -0.076049537    -0.091902518       7.1191497       7.1335897     -0.20242238
       8.3657134    -0.078004733    -0.094680856       7.3306188       7.3463698     -0.21440564
       8.6047338    -0.079984381    -0.097490942       7.5422722       7.5594111     -0.22672245
       8.8437542    -0.081985910     -0.10032844       7.7541159       7.7727215     -0.23937132
       9.0827746    -0.084006709     -0.10318886       7.9661556       7.9863091     -0.25235062
       9.3217950    -0.086044131     -0.10606758       8.1783972       8.2001817     -0.26565867
       9.5608153    -0.088095496     -0.10895982       8.3908467       8.4143474     -0.27929366
       9.7998357    -0.090158099     -0.11186064       8.6035100       8.6288143     -0.29325366
       10.038856    -0.092229210     -0.11476497       8.8163932       8.8435905     -0.30753665
       10.277876    -0.094306087     -0.11766756       9.0295025       9.0586842     -0.32214047
       10.516897    -0.096385974     -0.12056302       9.2428439       9.2741035     -0.33706284
       10.755917    -0.098466115     -0.12344579       9.4564239       9.4898568     -0.35230132
       10.994938     -0.10054376     -0.12631015       9.6702486       9.7059522     -0.36785336
       11.233958     -0.10261615     -0.12915023       9.8843245       9.9223983     -0.38371624
       11.472978     -0.10468059     -0.13195997       10.098658       10.139203     -0.39988708
       11.711999     -0.10673437     -0.13473315       10.313256       10.356376     -0.41636282
       11.951019     -0.10877483     -0.13746337       10.528124       10.573924     -0.43314023
       12.190040     -0.11079938     -0.14014408       10.743271       10.791857     -0.45021590
       12.429060     -0.11280548     -0.14276852       10.958701       11.010183     -0.46758621
       12.668080     -0.11479065     -0.14532977       11.174423       11.228911     -0.48524731
       12.907101     -0.11675252     -0.14782072       11.390444       11.448050     -0.50319515
       13.146121     -0.11868882     -0.15023408       11.606770       11.667608     -0.52142543
       13.385141     -0.12059738     -0.15256235       11.823409       11.887594     -0.53993361
       13.624162     -0.12247619     -0.15479786       12.040368       12.108018     -0.55871487
       13.863182     -0.12432339     -0.15693273       12.257655       12.328887     -0.57776412
       14.102203     -0.12613729     -0.15895891       12.475278       12.550212     -0.59707597
       14.341223     -0.12791641     -0.16086811       12.693244       12.772001     -0.61664471
       14.580243     -0.12965949     -0.16265185       12.911560       12.994264     -0.63646431
       14.819264     -0.13136553     -0.16430146       13.130237       13.217010     -0.65652836
       15.058284     -0.13303380     -0.16580805       13.349280       13.440248     -0.67683012
       15.297305     -0.13466390     -0.16716249       13.568700       13.663988     -0.69736240
       15.536325     -0.13625575     -0.16835549       13.788505       13.888239     -0.71811764
       15.775345     -0.13780968     -0.16937748       14.008703       14.113010     -0.73908781
       16.014366     -0.13932646     -0.17021871       14.229303       14.338312     -0.76026441
       16.253386     -0.14080729     -0.17086919       14.450315       14.564154     -0.78163844
       16.492406     -0.14225394     -0.17131872       14.671749       14.790547     -0.80320036
       16.731427     -0.14366874     -0.17155684       14.893614       15.017499     -0.82494008
       16.970447     -0.14505464     -0.17157289       15.115919       15.245021     -0.84684691
       17.209468     -0.14641531     -0.17135596       15.338676       15.473123     -0.86890951
       17.448488     -0.14775520     -0.17089490       15.561894       15.701816     -0.89111585
       17.687508     -0.14907960     -0.17017835       15.785585       15.931108     -0.91345321
       17.926529     -0.15039474     -0.16919469       16.009760       16.161012     -0.93590808
       18.165549     -0.15170788     -0.16793207       16.234430       16.391537     -0.95846613
       18.404570     -0.15302743     -0.16637840       16.459607       16.622695     -0.98111215
       18.643590     -0.15436303     -0.16452137       16.685304       16.854494      -1.0038300
       18.882610     -0.15572571     -0.16234841       16.911532       17.086947      -1.0266026
       19.121631     -0.15712801     -0.15984672       17.138306       17.320065      -1.0494117
       19.360651     -0.15858416     -0.15700330       17.365639       17.553858      -1.0722379
       19.599671     -0.16011021     -0.15380490       17.593544       17.788337      -1.0950608
       19.838692     -0.16172424     -0.15023803       17.822037       18.023514      -1.1178584
       20.077712     -0.16344659     -0.14628903       18.051132       18.259400      -1.1406075
       20.316733     -0.16530007     -0.14194401       18.280845       18.496006      -1.1632834
       20.555753     -0.16731020     -0.13718888       18.511193       18.733345      -1.1858596
       20.794773     -0.16950554     -0.13200937       18.742193       18.971427      -1.2083081
       21.033794     -0.17191802     -0.12639104       18.973863       19.210264      -1.2305989
       21.272814     -0.17458323     -0.12031930       19.206221       19.449870      -1.2526999
       21.511835     -0.17754091     -0.11377944       19.439287       19.690254      -1.2745770
       21.750855     -0.18083537     -0.10675660       19.673081       19.931431      -1.2961938
       21.989875     -0.18451600    -0.099235891       19.907625       20.173412      -1.3175111
       22.228896     -0.18863783    -0.091202332       20.142941       20.416209      -1.3384872
       22.467916     -0.19326225    -0.082640950       20.379053       20.659836      -1.3590773
       22.706936     -0.19845768    -0.073536801       20.615986       20.904305      -1.3792333
       22.945957     -0.20430047    -0.063875022       20.853766       21.149629      -1.3989037
       23.184977     -0.21087583    -0.053640894       21.092421       21.395821      -1.4180330
       23.423998     -0.21827893    -0.042819906       21.331980       21.642894      -1.4365617
       23.663018     -0.22661621    -0.031397848       21.572476       21.890862      -1.4544256
       23.902038     -0.23600676    -0.019360888       21.813940       22.139738      -1.4715552

Table series: Data for wavelength : 0.587562 µm.
   Y Angle (deg)       Tan Shift       Sag Shift     Real Height     Ref. Height      Distortion
  --------------  --------------  --------------  --------------  --------------  --------------
      0.00000000  9.9848965E-003  9.9848965E-003      0.00000000      0.00000000      0.00000000
      0.23902038  9.9442728E-003  9.9298535E-003      0.20853352      0.20853390 -1.8284864E-004
      0.47804077  9.8306255E-003  9.7647793E-003      0.41707201      0.41707506 -7.3139531E-004
      0.71706115  9.6440783E-003  9.4898385E-003      0.62562044      0.62563074 -1.6456170E-003
      0.95608153  9.3848381E-003  9.1053051E-003      0.83418379      0.83420819 -2.9254794E-003
       1.1951019  9.0531949E-003  8.6115636E-003       1.0427670       1.0428147 -4.5709343E-003
       1.4341223  8.6495218E-003  8.0091080E-003       1.2513751       1.2514575 -6.5819217E-003
       1.6731427  8.1742739E-003  7.2985428E-003       1.4600131       1.4601439 -8.9583594E-003
       1.9121631  7.6279897E-003  6.4805828E-003       1.6686859       1.6688812    -0.011700158
       2.1511835  7.0112898E-003  5.5560539E-003       1.8773986       1.8776766    -0.014807210
       2.3902038  6.3248771E-003  4.5258929E-003       2.0861560       2.0865374    -0.018279392
       2.6292242  5.5695365E-003  3.3911482E-003       2.2949634       2.2954711    -0.022116563
       2.8682446  4.7461344E-003  2.1529802E-003       2.5038256       2.5044847    -0.026318566
       3.1072650  3.8556186E-003  8.1266166E-004       2.7127477       2.7135858    -0.030885224
       3.3462854  2.8990177E-003 -6.2842149E-004       2.9217348       2.9227816    -0.035816344
       3.5853058  1.8774410E-003 -2.1687698E-003       3.1307918       3.1320795    -0.041111708
       3.8243261  7.9207753E-004 -3.8067697E-003       3.3399240       3.3414868    -0.046771081
       4.0633465 -3.5580390E-004 -5.5406926E-003       3.5491362       3.5510110    -0.052794203
       4.3023669 -1.5648558E-003 -7.3686942E-003       3.7584338       3.7606593    -0.059180792
       4.5413873 -2.8336524E-003 -9.2888141E-003       3.9678216       3.9704394    -0.065930540
       4.7804077 -4.1606904E-003    -0.011298974       4.1773050       4.1803584    -0.073043113
       5.0194281 -5.5443896E-003    -0.013396979       4.3868889       4.3904240    -0.080518147
       5.2584484 -6.9830941E-003    -0.015580513       4.5965787       4.6006436    -0.088355252
       5.4974688 -8.4750729E-003    -0.017847141       4.8063795       4.8110247    -0.096554002
       5.7364892    -0.010018521    -0.020194307       5.0162964       5.0215748     -0.10511394
       5.9755096    -0.011611562    -0.022619334       5.2263348       5.2323014     -0.11403457
       6.2145300    -0.013252245    -0.025119419       5.4364998       5.4432122     -0.12331537
       6.4535504    -0.014938551    -0.027691636       5.6467969       5.6543146     -0.13295576
       6.6925707    -0.016668392    -0.030332933       5.8572312       5.8656164     -0.14295513
       6.9315911    -0.018439613    -0.033040133       6.0678081       6.0771251     -0.15331282
       7.1706115    -0.020249992    -0.035809927       6.2785331       6.2888485     -0.16402812
       7.4096319    -0.022097246    -0.038638878       6.4894114       6.5007943     -0.17510028
       7.6486523    -0.023979028    -0.041523419       6.7004485       6.7129701     -0.18652849
       7.8876727    -0.025892933    -0.044459848       6.9116500       6.9253839     -0.19831187
       8.1266930    -0.027836499    -0.047444330       7.1230213       7.1380433     -0.21044949
       8.3657134    -0.029807208    -0.050472894       7.3345679       7.3509562     -0.22294037
       8.6047338    -0.031802494    -0.053541430       7.5462955       7.5641305     -0.23578344
       8.8437542    -0.033819741    -0.056645689       7.7582097       7.7775741     -0.24897756
       9.0827746    -0.035856286    -0.059781283       7.9703161       7.9912950     -0.26252153
       9.3217950    -0.037909427    -0.062943678       8.1826205       8.2053011     -0.27641405
       9.5608153    -0.039976424    -0.066128196       8.3951286       8.4196005     -0.29065374
       9.7998357    -0.042054504    -0.069330012       8.6078464       8.6342013     -0.30523913
       10.038856    -0.044140865    -0.072544153       8.8207795       8.8491116     -0.32016867
       10.277876    -0.046232682    -0.075765491       9.0339341       9.0643396     -0.33544067
       10.516897    -0.048327112    -0.078988750       9.2473160       9.2798934     -0.35105337
       10.755917    -0.050421300    -0.082208495       9.4609314       9.4957813     -0.36700487
       10.994938    -0.052512385    -0.085419133       9.6747862       9.7120117     -0.38329316
       11.233958    -0.054597507    -0.088614912       9.8888869       9.9285929     -0.39991610
       11.472978    -0.056673815    -0.091789918       10.103239       10.145533     -0.41687141
       11.711999    -0.058738475    -0.094938071       10.317850       10.362841     -0.43415667
       11.951019    -0.060788679    -0.098053122       10.532726       10.580526     -0.45176931
       12.190040    -0.062821654     -0.10112866       10.747873       10.798595     -0.46970660
       12.429060    -0.064834673     -0.10415808       10.963298       11.017057     -0.48796563
       12.668080    -0.066825066     -0.10713463       11.179007       11.235922     -0.50654332
       12.907101    -0.068790233     -0.11005136       11.395007       11.455197     -0.52543640
       13.146121    -0.070727655     -0.11290115       11.611306       11.674892     -0.54464137
       13.385141    -0.072634912     -0.11567669       11.827909       11.895016     -0.56415456
       13.624162    -0.074509694     -0.11837049       12.044825       12.115577     -0.58397204
       13.863182    -0.076349821     -0.12097486       12.262060       12.336584     -0.60408966
       14.102203    -0.078153269     -0.12348193       12.479622       12.558047     -0.62450300
       14.341223    -0.079918168     -0.12588363       12.697518       12.779975     -0.64520738
       14.580243    -0.081642847     -0.12817168       12.915755       13.002377     -0.66619783
       14.819264    -0.083325847     -0.13033763       13.134342       13.225262     -0.68746909
       15.058284    -0.084965948     -0.13237280       13.353286       13.448639     -0.70901557
       15.297305    -0.086562196     -0.13426832       13.572595       13.672518     -0.73083134
       15.536325    -0.088113937     -0.13601509       13.792278       13.896909     -0.75291010
       15.775345    -0.089620846     -0.13760382       14.012342       14.121821     -0.77524520
       16.014366    -0.091082965     -0.13902499       14.232797       14.347264     -0.79782956
       16.253386    -0.092500744     -0.14026889       14.453651       14.573247     -0.82065567
       16.492406    -0.093875080     -0.14132555       14.674912       14.799781     -0.84371557
       16.731427    -0.095207370     -0.14218481       14.896591       15.026874     -0.86700081
       16.970447    -0.096499556     -0.14283628       15.118696       15.254539     -0.89050245
       17.209468    -0.097754184     -0.14326933       15.341238       15.482783     -0.91421097
       17.448488    -0.098974466     -0.14347312       15.564225       15.711618     -0.93811629
       17.687508     -0.10016435     -0.14343659       15.787668       15.941054     -0.96220769
       17.926529     -0.10132857     -0.14314841       16.011578       16.171102     -0.98647382
       18.165549     -0.10247279     -0.14259706       16.235965       16.401771      -1.0109026
       18.404570     -0.10360360     -0.14177078       16.460840       16.633072      -1.0354812
       18.643590     -0.10472869     -0.14065757       16.686214       16.865017      -1.0601961
       18.882610     -0.10585692     -0.13924520       16.912100       17.097615      -1.0850327
       19.121631     -0.10699846     -0.13752123       17.138509       17.330878      -1.1099757
       19.360651     -0.10816489     -0.13547298       17.365455       17.564817      -1.1350088
       19.599671     -0.10936937     -0.13308755       17.592948       17.799442      -1.1601146
       19.838692     -0.11062679     -0.13035181       17.821005       18.034766      -1.1852746
       20.077712     -0.11195393     -0.12725246       18.049637       18.270799      -1.2104692
       20.316733     -0.11336969     -0.12377594       18.278860       18.507553      -1.2356773
       20.555753     -0.11489527     -0.11990853       18.508688       18.745040      -1.2608767
       20.794773     -0.11655442     -0.11563631       18.739138       18.983271      -1.2860437
       21.033794     -0.11837370     -0.11094519       18.970224       19.222257      -1.3111528
       21.272814     -0.12038282     -0.10582090       19.201965       19.462012      -1.3361771
       21.511835     -0.12261488     -0.10024905       19.434378       19.702547      -1.3610876
       21.750855     -0.12510686    -0.094215117       19.667481       19.943874      -1.3858536
       21.989875     -0.12789990    -0.087704469       19.901294       20.186006      -1.4104421
       22.228896     -0.13103990    -0.080702407       20.135837       20.428955      -1.4348178
       22.467916     -0.13457795    -0.073194188       20.371131       20.672734      -1.4589431
       22.706936     -0.13857094    -0.065165062       20.607198       20.917356      -1.4827774
       22.945957     -0.14308227    -0.056600312       20.844062       21.162833      -1.5062776
       23.184977     -0.14818256    -0.047485319       21.081747       21.409178      -1.5293969
       23.423998     -0.15395052    -0.037805592       21.320280       21.656406      -1.5520856
       23.663018     -0.16047398    -0.027546855       21.559688       21.904529      -1.5742898
       23.902038     -0.16785094    -0.016695119       21.800000       22.153560      -1.5959517

Table series: Data for wavelength : 0.656273 µm.
   Y Angle (deg)       Tan Shift       Sag Shift     Real Height     Ref. Height      Distortion
  --------------  --------------  --------------  --------------  --------------  --------------
      0.00000000     0.065355635     0.065355635      0.00000000      0.00000000      0.00000000
      0.23902038     0.065314614     0.065299237      0.20860216      0.20860240 -1.1710770E-004
      0.47804077     0.065200456     0.065130099      0.41720926      0.41721207 -6.7337735E-004
      0.71706115     0.065013284     0.064848383      0.62582624      0.62583625 -1.6004762E-003
      0.95608153     0.064753307     0.064454361      0.83445804      0.83448223 -2.8983783E-003
       1.1951019     0.064420814     0.063948417       1.0431096       1.0431573 -4.5670470E-003
       1.4341223     0.064016182     0.063331040       1.2517859       1.2518686 -6.6064533E-003
       1.6731427     0.063539865     0.062602832       1.4604919       1.4606236 -9.0165013E-003
       1.9121631     0.062992404     0.061764502       1.6692324       1.6694294    -0.011797139
       2.1511835     0.062374423     0.060816871       1.8780126       1.8782934    -0.014948285
       2.3902038     0.061686625     0.059760870       2.0868374       2.0872229    -0.018469844
       2.6292242     0.060929800     0.058597540       2.2957116       2.2962251    -0.022361707
       2.8682446     0.060104816     0.057328034       2.5046405       2.5053075    -0.026623752
       3.1072650     0.059212624     0.055953616       2.7136288       2.7144772    -0.031255843
       3.3462854     0.058254257     0.054475664       2.9226817       2.9237417    -0.036257827
       3.5853058     0.057230830     0.052895667       3.1318041       3.1331084    -0.041629536
       3.8243261     0.056143534     0.051215228       3.3410011       3.3425845    -0.047370783
       4.0633465     0.054993645     0.049436063       3.5502777       3.5521775    -0.053481362
       4.3023669     0.053782516     0.047560006       3.7596390       3.7618947    -0.059961050
       4.5413873     0.052511579     0.045589003       3.9690901       3.9717436    -0.066809600
       4.7804077     0.051182343     0.043525119       4.1786361       4.1817317    -0.074026744
       5.0194281     0.049796397     0.041370534       4.3882820       4.3918663    -0.081612190
       5.2584484     0.048355405     0.039127549       4.5980330       4.6021549    -0.089565619
       5.4974688     0.046861107     0.036798581       4.8078942       4.8126051    -0.097886686
       5.7364892     0.045315316     0.034386170       5.0178709       5.0232244     -0.10657502
       5.9755096     0.043719922     0.031892975       5.2279681       5.2340202     -0.11563020
       6.2145300     0.042076885     0.029321779       5.4381912       5.4450002     -0.12505181
       6.4535504     0.040388237     0.026675487       5.6485453       5.6561720     -0.13483937
       6.6925707     0.038656080     0.023957131       5.8590357       5.8675432     -0.14499235
       6.9315911     0.036882583     0.021169866       6.0696678       6.0791215     -0.15551022
       7.1706115     0.035069984     0.018316978       6.2804468       6.2909144     -0.16639238
       7.4096319     0.033220585     0.015401878       6.4913781       6.5029298     -0.17763818
       7.6486523     0.031336749     0.012428110       6.7024671       6.7151753     -0.18924694
       7.8876727     0.029420902  9.3993483E-003       6.9137191       6.9276588     -0.20121793
       8.1266930     0.027475529  6.3194010E-003       7.1251398       7.1403881     -0.21355034
       8.3657134     0.025503170  3.1922106E-003       7.3367344       7.3533709     -0.22624332
       8.6047338     0.023506419  2.1856614E-005       7.5485087       7.5666153     -0.23929596
       8.8437542     0.021487919 -3.1874436E-003       7.7604680       7.7801290     -0.25270727
       9.0827746     0.019450362 -6.4313324E-003       7.9726182       7.9939201     -0.26647622
       9.3217950     0.017396483 -9.7053105E-003       8.1849647       8.2079965     -0.28060167
       9.5608153     0.015329057    -0.013004735       8.3975134       8.4223663     -0.29508242
       9.7998357     0.013250897    -0.016324816       8.6102700       8.6370376     -0.30991719
       10.038856     0.011164844    -0.019660618       8.8232402       8.8520185     -0.32510460
       10.277876  9.0737691E-003    -0.023007055       9.0364300       9.0673172     -0.34064318
       10.516897  6.9805635E-003    -0.026358888       9.2498452       9.2829418     -0.35653136
       10.755917  4.8881350E-003    -0.029710724       9.4634919       9.4989007     -0.37276748
       10.994938  2.7994013E-003    -0.033057016       9.6773760       9.7152021     -0.38934974
       11.233958  7.1728357E-004    -0.036392056       9.8915037       9.9318544     -0.40627625
       11.472978 -1.3553008E-003    -0.039709976       10.105881       10.148866     -0.42354496
       11.711999 -3.4154457E-003    -0.043004744       10.320514       10.366246     -0.44115373
       11.951019 -5.4602648E-003    -0.046270163       10.535410       10.584001     -0.45910025
       12.190040 -7.4869009E-003    -0.049499867       10.750575       10.802142     -0.47738207
       12.429060 -9.4925353E-003    -0.052687319       10.966014       11.020676     -0.49599656
       12.668080    -0.011474399    -0.055825810       11.181735       11.239613     -0.51494097
       12.907101    -0.013429783    -0.058908453       11.397745       11.458960     -0.53421233
       13.146121    -0.015356054    -0.061928183       11.614050       11.678727     -0.55380749
       13.385141    -0.017250663    -0.064877753       11.830656       11.898923     -0.57372312
       13.624162    -0.019111166    -0.067749734       12.047572       12.119557     -0.59395566
       13.863182    -0.020935232    -0.070536506       12.264803       12.340637     -0.61450134
       14.102203    -0.022720676    -0.073230263       12.482358       12.562173     -0.63535614
       14.341223    -0.024465454    -0.075823003       12.700243       12.784173     -0.65651579
       14.580243    -0.026167704    -0.078306532       12.918466       13.006648     -0.67797578
       14.819264    -0.027825760    -0.080672455       13.137034       13.229606     -0.69973128
       15.058284    -0.029438179    -0.082912176       13.355956       13.453057     -0.72177718
       15.297305    -0.031003763    -0.085016898       13.575238       13.677010     -0.74410807
       15.536325    -0.032521592    -0.086977614       13.794889       13.901474     -0.76671818
       15.775345    -0.033991053    -0.088785110       14.014917       14.126460     -0.78960138
       16.014366    -0.035411875    -0.090429959       14.235331       14.351977     -0.81275119
       16.253386    -0.036784165    -0.091902520       14.456138       14.578034     -0.83616070
       16.492406    -0.038108450    -0.093192935       14.677349       14.804642     -0.85982259
       16.731427    -0.039385719    -0.094291128       14.898970       15.031811     -0.88372910
       16.970447    -0.040617473    -0.095186799       15.121012       15.259550     -0.90787195
       17.209468    -0.041805777    -0.095869429       15.343485       15.487869     -0.93224240
       17.448488    -0.042953315    -0.096328272       15.566396       15.716779     -0.95683112
       17.687508    -0.044063458    -0.096552354       15.789758       15.946291     -0.98162823
       17.926529    -0.045140325    -0.096530476       16.013578       16.176414      -1.0066232
       18.165549    -0.046188868    -0.096251212       16.237869       16.407159      -1.0318050
       18.404570    -0.047214944    -0.095702904       16.462640       16.638536      -1.0571616
       18.643590    -0.048225414    -0.094873668       16.687903       16.870557      -1.0826805
       18.882610    -0.049228239    -0.093751392       16.913668       17.103231      -1.1083483
       19.121631    -0.050232590    -0.092323738       17.139948       17.336571      -1.1341508
       19.360651    -0.051248965    -0.090578142       17.366755       17.570587      -1.1600728
       19.599671    -0.052289329    -0.088501822       17.594101       17.805289      -1.1860983
       19.838692    -0.053367255    -0.086081774       17.821999       18.040691      -1.2122101
       20.077712    -0.054498084    -0.083304785       18.050463       18.276801      -1.2383899
       20.316733    -0.055699112    -0.080157434       18.279506       18.513633      -1.2646184
       20.555753    -0.056989780    -0.076626101       18.509143       18.751198      -1.2908748
       20.794773    -0.058391898    -0.072696976       18.739389       18.989507      -1.3171372
       21.033794    -0.059929888    -0.068356070       18.970259       19.228572      -1.3433820
       21.272814    -0.061631056    -0.063589231       19.201769       19.468405      -1.3695841
       21.511835    -0.063525896    -0.058382153       19.433937       19.709019      -1.3957168
       21.750855    -0.065648427    -0.052720401       19.666780       19.950426      -1.4217516
       21.989875    -0.068036570    -0.046589427       19.900317       20.192637      -1.4476577
       22.228896    -0.070732574    -0.039974600       20.134566       20.435666      -1.4734027
       22.467916    -0.073783493    -0.032861232       20.369549       20.679525      -1.4989514
       22.706936    -0.077241717    -0.025234610       20.605286       20.924227      -1.5242666
       22.945957    -0.081165583    -0.017080038       20.841799       21.169784      -1.5493081
       23.184977    -0.085620050 -8.3828889E-003       21.079113       21.416211      -1.5740327
       23.423998    -0.090677481  8.7135875E-004       21.317251       21.663520      -1.5983944
       23.663018    -0.096418522     0.010697048       21.556241       21.911724      -1.6223435
       23.902038     -0.10293310     0.021108276       21.796109       22.160837      -1.6458264
