Results for:	
File:	C:\Users\User\OneDrive - Massachusetts Institute of Technology\Documents\MIT\Grad School\Classes\2.156\Lens Project\Prime Lenses\US008970966_Example02P.zmx
Title:	US 8,970,966 Example 2 (Canon EF40mm f2.8 STM)
Date:	11/7/2025 5:40:18 PM

0 message(s) in output.
3 series table(s) in output.

Table series: Data for wavelength : 0.486133 µm.
   Y Angle (deg)       Tan Shift       Sag Shift     Real Height     Ref. Height      Distortion
  --------------  --------------  --------------  --------------  --------------  --------------
      0.00000000    -0.077523972    -0.077523972      0.00000000      0.00000000      0.00000000
      0.29255375    -0.077522822    -0.077577856      0.19903713      0.19903756 -2.1698006E-004
      0.58510749    -0.077541441    -0.077739468      0.39808247      0.39808550 -7.6142481E-004
      0.87766124    -0.077579976    -0.078008690      0.59714423      0.59715420 -1.6686035E-003
       1.1702150    -0.077638662    -0.078385325      0.79623065      0.79625404 -2.9381722E-003
       1.4627687    -0.077717816    -0.078869094      0.99534994      0.99539542 -4.5696484E-003
       1.7553225    -0.077817842    -0.079459639       1.1945103       1.1945887 -6.5624110E-003
       2.0478762    -0.077939226    -0.080156523       1.3937201       1.3938444 -8.9156872E-003
       2.3404300    -0.078082533    -0.080959227       1.5929876       1.5931729    -0.011628599
       2.6329837    -0.078248409    -0.081867148       1.7923210       1.7925845    -0.014700090
       2.9255375    -0.078437576    -0.082879603       1.9917287       1.9920898    -0.018128975
       3.2180912    -0.078650831    -0.083995822       2.1912190       2.1916993    -0.021913921
       3.5106450    -0.078889044    -0.085214953       2.3908004       2.3914234    -0.026053450
       3.8031987    -0.079153150    -0.086536055       2.5904812       2.5912727    -0.030545935
       4.0957525    -0.079444155    -0.087958099       2.7902699       2.7912577    -0.035389598
       4.3883062    -0.079763122    -0.089479968       2.9901750       2.9913890    -0.040582507
       4.6808600    -0.080111173    -0.091100452       3.1902051       3.1916772    -0.046122576
       4.9734137    -0.080489486    -0.092818250       3.3903688       3.3921329    -0.052007560
       5.2659675    -0.080899282    -0.094631964       3.5906746       3.5927669    -0.058235052
       5.5585212    -0.081341832    -0.096540097       3.7911314       3.7935898    -0.064802480
       5.8510749    -0.081818440    -0.098541054       3.9917479       3.9946123    -0.071707103
       6.1436287    -0.082330444     -0.10063314       4.1925329       4.1958454    -0.078946009
       6.4361824    -0.082879209     -0.10281455       4.3934954       4.3972998    -0.086516111
       6.7287362    -0.083466117     -0.10508337       4.5946443       4.5989864    -0.094414140
       7.0212899    -0.084092565     -0.10743759       4.7959886       4.8009161     -0.10263664
       7.3138437    -0.084759951     -0.10987507       4.9975375       5.0031000     -0.11117998
       7.6063974    -0.085469674     -0.11239355       5.1993003       5.2055490     -0.12004030
       7.8989512    -0.086223118     -0.11499067       5.4012861       5.4082744     -0.12921358
       8.1915049    -0.087021649     -0.11766392       5.6035045       5.6112871     -0.13869558
       8.4840587    -0.087866600     -0.12041067       5.8059649       5.8145986     -0.14848184
       8.7766124    -0.088759267     -0.12322817       6.0086770       6.0182199     -0.15856768
       9.0691662    -0.089700896     -0.12611351       6.2116504       6.2221626     -0.16894822
       9.3617199    -0.090692670     -0.12906366       6.4148949       6.4264380     -0.17961832
       9.6542737    -0.091735702     -0.13207543       6.6184206       6.6310575     -0.19057263
       9.9468274    -0.092831017     -0.13514547       6.8222374       6.8360329     -0.20180551
       10.239381    -0.093979549     -0.13827030       7.0263556       7.0413757     -0.21331112
       10.531935    -0.095182117     -0.14144623       7.2307856       7.2470976     -0.22508333
       10.824489    -0.096439420     -0.14466946       7.4355378       7.4532105     -0.23711572
       11.117042    -0.097752018     -0.14793596       7.6406227       7.6597262     -0.24940162
       11.409596    -0.099120320     -0.15124154       7.8460513       7.8666568     -0.26193407
       11.702150     -0.10054457     -0.15458183       8.0518345       8.0740142     -0.27470577
       11.994704     -0.10202482     -0.15795225       8.2579832       8.2818108     -0.28770916
       12.287257     -0.10356094     -0.16134802       8.4645090       8.4900587     -0.30093631
       12.579811     -0.10515256     -0.16476413       8.6714231       8.6987702     -0.31437899
       12.872365     -0.10679910     -0.16819539       8.8787373       8.9079580     -0.32802861
       13.164919     -0.10849973     -0.17163633       9.0864635       9.1176345     -0.34187621
       13.457472     -0.11025332     -0.17508129       9.2946136       9.3278125     -0.35591247
       13.750026     -0.11205850     -0.17852432       9.5032000       9.5385047     -0.37012767
       14.042580     -0.11391354     -0.18195923       9.7122352       9.7497240     -0.38451170
       14.335134     -0.11581644     -0.18537957       9.9217319       9.9614836     -0.39905402
       14.627687     -0.11776482     -0.18877860       10.131703       10.173796     -0.41374367
       14.920241     -0.11975594     -0.19214927       10.342162       10.386676     -0.42856920
       15.212795     -0.12178670     -0.19548426       10.553122       10.600136     -0.44351874
       15.505349     -0.12385357     -0.19877591       10.764597       10.814189     -0.45857989
       15.797902     -0.12595261     -0.20201625       10.976601       11.028849     -0.47373977
       16.090456     -0.12807945     -0.20519694       11.189149       11.244131     -0.48898494
       16.383010     -0.13022925     -0.20830931       11.402254       11.460048     -0.50430144
       16.675564     -0.13239670     -0.21134429       11.615933       11.676614     -0.51967472
       16.968117     -0.13457600     -0.21429245       11.830200       11.893843     -0.53508962
       17.260671     -0.13676083     -0.21714394       12.045072       12.111750     -0.55053039
       17.553225     -0.13894437     -0.21988849       12.260563       12.330350     -0.56598059
       17.845779     -0.14111927     -0.22251538       12.476691       12.549658     -0.58142314
       18.138332     -0.14327761     -0.22501346       12.693472       12.769687     -0.59684025
       18.430886     -0.14541094     -0.22737108       12.910924       12.990454     -0.61221337
       18.723440     -0.14751027     -0.22957609       13.129065       13.211973     -0.62752321
       19.015994     -0.14956603     -0.23161583       13.347912       13.434260     -0.64274967
       19.308547     -0.15156812     -0.23347711       13.567484       13.657332     -0.65787183
       19.601101     -0.15350589     -0.23514615       13.787800       13.881202     -0.67286790
       19.893655     -0.15536817     -0.23660861       14.008880       14.105889     -0.68771516
       20.186209     -0.15714327     -0.23784951       14.230744       14.331407     -0.70238998
       20.478762     -0.15881903     -0.23885325       14.453413       14.557773     -0.71686773
       20.771316     -0.16038286     -0.23960357       14.676908       14.785005     -0.73112274
       21.063870     -0.16182174     -0.24008349       14.901251       15.013118     -0.74512829
       21.356424     -0.16312234     -0.24027534       15.126464       15.242130     -0.75885652
       21.648977     -0.16427104     -0.24016067       15.352571       15.472059     -0.77227840
       21.941531     -0.16525403     -0.23972026       15.579596       15.702921     -0.78536371
       22.234085     -0.16605742     -0.23893407       15.807563       15.934735     -0.79808090
       22.526639     -0.16666733     -0.23778121       16.036498       16.167519     -0.81039715
       22.819192     -0.16707003     -0.23623990       16.266427       16.401291     -0.82227821
       23.111746     -0.16725214     -0.23428744       16.497377       16.636070     -0.83368839
       23.404300     -0.16720076     -0.23190017       16.729376       16.871874     -0.84459048
       23.696854     -0.16690368     -0.22905342       16.962452       17.108723     -0.85494571
       23.989407     -0.16634970     -0.22572149       17.196637       17.346635     -0.86471363
       24.281961     -0.16552883     -0.22187761       17.431959       17.585632     -0.87385207
       24.574515     -0.16443262     -0.21749385       17.668452       17.825732     -0.88231707
       24.867069     -0.16305459     -0.21254114       17.906148       18.066955     -0.89006278
       25.159622     -0.16139059     -0.20698919       18.145081       18.309324     -0.89704138
       25.452176     -0.15943927     -0.20080644       18.385287       18.552857     -0.90320302
       25.744730     -0.15720269     -0.19396003       18.626802       18.797577     -0.90849567
       26.037284     -0.15468683     -0.18641573       18.869664       19.043506     -0.91286511
       26.329837     -0.15190238     -0.17813790       19.113912       19.290664     -0.91625474
       26.622391     -0.14886547     -0.16908945       19.359588       19.539075     -0.91860555
       26.914945     -0.14559856     -0.15923177       19.606732       19.788760     -0.91985599
       27.207498     -0.14213146     -0.14852470       19.855389       20.039743     -0.91994184
       27.500052     -0.13850241     -0.13692643       20.105605       20.292048     -0.91879613
       27.792606     -0.13475940     -0.12439352       20.357427       20.545697     -0.91634898
       28.085160     -0.13096155     -0.11088077       20.610903       20.800715     -0.91252754
       28.377713     -0.12718072    -0.096341236       20.866085       21.057127     -0.90725579
       28.670267     -0.12350330    -0.080726130       21.123025       21.314957     -0.90045446
       28.962821     -0.12003221    -0.063984791       21.381780       21.574231     -0.89204086
       29.255375     -0.11688913    -0.046064638       21.642405       21.834974     -0.88192879

Table series: Data for wavelength : 0.587562 µm.
   Y Angle (deg)       Tan Shift       Sag Shift     Real Height     Ref. Height      Distortion
  --------------  --------------  --------------  --------------  --------------  --------------
      0.00000000    -0.016542930    -0.016542930      0.00000000      0.00000000      0.00000000
      0.29255375    -0.016542166    -0.016599696      0.19917871      0.19917908 -1.8652967E-004
      0.58510749    -0.016561167    -0.016769954      0.39836557      0.39836854 -7.4604288E-004
      0.87766124    -0.016600077    -0.017053589      0.59756875      0.59757878 -1.6783438E-003
       1.1702150    -0.016659120    -0.017450405      0.79679642      0.79682019 -2.9831003E-003
       1.4627687    -0.016738606    -0.017960130      0.99605675      0.99610316 -4.6598469E-003
       1.7553225    -0.016838921    -0.018582411       1.1953579       1.1954381 -6.7079843E-003
       2.0478762    -0.016960535    -0.019316817       1.3947081       1.3948355 -9.1267754E-003
       2.3404300    -0.017103991    -0.020162839       1.5941157       1.5943056    -0.011915355
       2.6329837    -0.017269911    -0.021119883       1.7935887       1.7938591    -0.015072714
       2.9255375    -0.017458990    -0.022187277       1.9931355       1.9935062    -0.018597706
       3.2180912    -0.017671994    -0.023364264       2.1927644       2.1932576    -0.022489046
       3.5106450    -0.017909757    -0.024650006       2.3924837       2.3931238    -0.026745308
       3.8031987    -0.018173180    -0.026043576       2.5923018       2.5931151    -0.031364920
       4.0957525    -0.018463225    -0.027543964       2.7922271       2.7932423    -0.036346167
       4.3883062    -0.018780911    -0.029150070       2.9922680       2.9935159    -0.041687185
       4.6808600    -0.019127314    -0.030860704       3.1924330       3.1939465    -0.047385960
       4.9734137    -0.019503557    -0.032674586       3.3927307       3.3945448    -0.053440323
       5.2659675    -0.019910810    -0.034590341       3.5931697       3.5953214    -0.059847952
       5.5585212    -0.020350282    -0.036606497       3.7937585       3.7962871    -0.066606363
       5.8510749    -0.020823217    -0.038721486       3.9945059       3.9974526    -0.073712911
       6.1436287    -0.021330886    -0.040933639       4.1954207       4.1988287    -0.081164785
       6.4361824    -0.021874584    -0.043241182       4.3965117       4.4004263    -0.088959002
       6.7287362    -0.022455620    -0.045642239       4.5977879       4.6022563    -0.097092406
       7.0212899    -0.023075313    -0.048134820       4.7992581       4.8043296     -0.10556166
       7.3138437    -0.023734982    -0.050716827       5.0009315       5.0066572     -0.11436326
       7.6063974    -0.024435937    -0.053386044       5.2028172       5.2092502     -0.12349348
       7.8989512    -0.025179474    -0.056140137       5.4049244       5.4121197     -0.13294843
       8.1915049    -0.025966866    -0.058976649       5.6072625       5.6152768     -0.14272401
       8.4840587    -0.026799348    -0.061892997       5.8098409       5.8187328     -0.15281593
       8.7766124    -0.027678114    -0.064886466       6.0126691       6.0224990     -0.16321966
       9.0691662    -0.028604302    -0.067954207       6.2157567       6.2265866     -0.17393048
       9.3617199    -0.029578985    -0.071093230       6.4191135       6.4310072     -0.18494343
       9.6542737    -0.030603158    -0.074300403       6.6227494       6.6357723     -0.19625334
       9.9468274    -0.031677730    -0.077572440       6.8266743       6.8408934     -0.20785477
       10.239381    -0.032803504    -0.080905905       7.0308983       7.0463822     -0.21974206
       10.531935    -0.033981173    -0.084297196       7.2354317       7.2522504     -0.23190928
       10.824489    -0.035211298    -0.087742550       7.4402849       7.4585098     -0.24435026
       11.117042    -0.036494299    -0.091238026       7.6454684       7.6651724     -0.25705853
       11.409596    -0.037830439    -0.094779508       7.8509928       7.8722501     -0.27002736
       11.702150    -0.039219807    -0.098362691       8.0568691       8.0797550     -0.28324971
       11.994704    -0.040662304     -0.10198308       8.2631081       8.2876992     -0.29671824
       12.287257    -0.042157627     -0.10563597       8.4697212       8.4960952     -0.31042533
       12.579811    -0.043705250     -0.10931647       8.6767195       8.7049552     -0.32436299
       12.872365    -0.045304407     -0.11301945       8.8841147       8.9142917     -0.33852293
       13.164919    -0.046954077     -0.11673955       9.0919186       9.1241173     -0.35289648
       13.457472    -0.048652961     -0.12047121       9.3001429       9.3344447     -0.36747463
       13.750026    -0.050399467     -0.12420858       9.5088000       9.5452867     -0.38224798
       14.042580    -0.052191690     -0.12794561       9.7179021       9.7566562     -0.39720676
       14.335134    -0.054027391     -0.13167593       9.9274618       9.9685663     -0.41234077
       14.627687    -0.055903980     -0.13539294       10.137492       10.181030     -0.42763940
       14.920241    -0.057818494     -0.13908973       10.348006       10.394061     -0.44309161
       15.212795    -0.059767579     -0.14275911       10.559017       10.607672     -0.45868589
       15.505349    -0.061747467     -0.14639356       10.770538       10.821878     -0.47441026
       15.797902    -0.063753962     -0.14998525       10.982583       11.036691     -0.49025225
       16.090456    -0.065782416     -0.15352602       11.195168       11.252126     -0.50619888
       16.383010    -0.067827712     -0.15700734       11.408305       11.468196     -0.52223662
       16.675564    -0.069884245     -0.16042034       11.622010       11.684916     -0.53835142
       16.968117    -0.071945906     -0.16375576       11.836298       11.902300     -0.55452860
       17.260671    -0.074006066     -0.16700393       12.051185       12.120362     -0.57075293
       17.553225    -0.076057561     -0.17015479       12.266686       12.339117     -0.58700851
       17.845779    -0.078092676     -0.17319785       12.482817       12.558580     -0.60327882
       18.138332    -0.080103140     -0.17612216       12.699596       12.778766     -0.61954663
       18.430886    -0.082080112     -0.17891630       12.917039       12.999690     -0.63579402
       18.723440    -0.084014178     -0.18156838       13.135163       13.221367     -0.65200232
       19.015994    -0.085895349     -0.18406599       13.353987       13.443812     -0.66815209
       19.308547    -0.087713060     -0.18639622       13.573529       13.667042     -0.68422308
       19.601101    -0.089456180     -0.18854557       13.793807       13.891072     -0.70019422
       19.893655    -0.091113021     -0.19049999       14.014842       14.115918     -0.71604355
       20.186209    -0.092671355     -0.19224483       14.236652       14.341596     -0.73174820
       20.478762    -0.094118442     -0.19376483       14.459259       14.568124     -0.74728433
       20.771316    -0.095441057     -0.19504405       14.682682       14.795517     -0.76262715
       21.063870    -0.096625537     -0.19606591       14.906945       15.023792     -0.77775078
       21.356424    -0.097657830     -0.19681311       15.132068       15.252968     -0.79262830
       21.648977    -0.098523557     -0.19726761       15.358075       15.483060     -0.80723165
       21.941531    -0.099208093     -0.19741063       15.584990       15.714086     -0.82153157
       22.234085    -0.099696656     -0.19722257       15.812836       15.946065     -0.83549761
       22.526639    -0.099974415     -0.19668303       16.041639       16.179015     -0.84909799
       22.819192     -0.10002662     -0.19577072       16.271424       16.412953     -0.86229962
       23.111746    -0.099838754     -0.19446347       16.502218       16.647898     -0.87506800
       23.404300    -0.099396701     -0.19273818       16.734048       16.883870     -0.88736718
       23.696854    -0.098686950     -0.19057078       16.966943       17.120887     -0.89915967
       23.989407    -0.097696832     -0.18793619       17.200932       17.358969     -0.91040640
       24.281961    -0.096414780     -0.18480827       17.436045       17.598135     -0.92106663
       24.574515    -0.094830640     -0.18115981       17.672313       17.838406     -0.93109789
       24.867069    -0.092936021     -0.17696245       17.909769       18.079801     -0.94045589
       25.159622    -0.090724689     -0.17218666       18.148445       18.322342     -0.94909446
       25.452176    -0.088193030     -0.16680171       18.388378       18.566049     -0.95696544
       25.744730    -0.085340557     -0.16077557       18.629602       18.810943     -0.96401864
       26.037284    -0.082170503     -0.15407492       18.872154       19.057046     -0.97020169
       26.329837    -0.078690476     -0.14666508       19.116074       19.304380     -0.97546000
       26.622391    -0.074913218     -0.13850995       19.361400       19.552967     -0.97973661
       26.914945    -0.070857440     -0.12957197       19.608174       19.802830     -0.98297216
       27.207498    -0.066548788     -0.11981210       19.856439       20.053992     -0.98510472
       27.500052    -0.062020907     -0.10918971       20.106240       20.306476     -0.98606970
       27.792606    -0.057316663    -0.097662583       20.357622       20.560305     -0.98579977
       28.085160    -0.052489492    -0.085186847       20.610633       20.815505     -0.98422469
       28.377713    -0.047604937    -0.071716919       20.865324       21.072099     -0.98127124
       28.670267    -0.042742355    -0.057205468       21.121746       21.330112     -0.97686307
       28.962821    -0.037996844    -0.041603363       21.379953       21.589570     -0.97092056
       29.255375    -0.033481386    -0.024859636       21.640000       21.850499     -0.96336074

Table series: Data for wavelength : 0.656273 µm.
   Y Angle (deg)       Tan Shift       Sag Shift     Real Height     Ref. Height      Distortion
  --------------  --------------  --------------  --------------  --------------  --------------
      0.00000000     0.037119942     0.037119942      0.00000000      0.00000000      0.00000000
      0.29255375     0.037120838     0.037062046      0.19927158      0.19927199 -2.0308213E-004
      0.58510749     0.037102445     0.036888395      0.39855131      0.39855437 -7.6793775E-004
      0.87766124     0.037064621     0.036599105      0.59784732      0.59785753 -1.7091458E-003
       1.1702150     0.037007143     0.036194372      0.79716776      0.79719188 -3.0263789E-003
       1.4627687     0.036929710     0.035674465      0.99652078      0.99656781 -4.7191784E-003
       1.7553225     0.036831939     0.035039735       1.1959146       1.1959957 -6.7869532E-003
       2.0478762     0.036713369     0.034290611       1.3953573       1.3954861 -9.2289849E-003
       2.3404300     0.036573467     0.033427601       1.5948572       1.5950493    -0.012044405
       2.6329837     0.036411622     0.032451295       1.7944225       1.7946958    -0.015232225
       2.9255375     0.036227150     0.031362360       1.9940614       1.9944361    -0.018791318
       3.2180912     0.036019299     0.030161551       2.1937822       2.1942807    -0.022720415
       3.5106450     0.035787251     0.028849703       2.3935932       2.3942401    -0.027018109
       3.8031987     0.035530122     0.027427734       2.5935028       2.5943247    -0.031682854
       4.0957525     0.035246968     0.025896653       2.7935193       2.7945453    -0.036712956
       4.3883062     0.034936790     0.024257553       2.9936512       2.9949123    -0.042106579
       4.6808600     0.034598534     0.022511617       3.1939070       3.1954364    -0.047861737
       4.9734137     0.034231099     0.020660119       3.3942951       3.3961282    -0.053976293
       5.2659675     0.033833341     0.018704427       3.5948242       3.5969985    -0.060447955
       5.5585212     0.033404076     0.016646006       3.7955028       3.7980579    -0.067274276
       5.8510749     0.032942090     0.014486415       3.9963397       3.9993173    -0.074452649
       6.1436287     0.032446141     0.012227315       4.1973435       4.2007873    -0.081980300
       6.4361824     0.031914965  9.8704689E-003       4.3985232       4.4024790    -0.089854289
       6.7287362     0.031347288  7.4177462E-003       4.5998875       4.6044031    -0.098071506
       7.0212899     0.030741824  4.8711237E-003       4.8014455       4.8065707     -0.10662866
       7.3138437     0.030097294  2.2326901E-003       5.0032062       5.0089927     -0.11552229
       7.6063974     0.029412425 -4.9535099E-004       5.2051787       5.2116802     -0.12474873
       7.8989512     0.028685962 -3.3106778E-003       5.4073722       5.4146443     -0.13430414
       8.1915049     0.027916676 -6.2108466E-003       5.6097960       5.6178962     -0.14418449
       8.4840587     0.027103376 -9.1932874E-003       5.8124596       5.8214471     -0.15438552
       8.7766124     0.026244917    -0.012255301       6.0153724       6.0253083     -0.16490279
       9.0691662     0.025340209    -0.015394052       6.2185439       6.2294911     -0.17573163
       9.3617199     0.024388231    -0.018606568       6.4219841       6.4340071     -0.18686716
       9.6542737     0.023388041    -0.021889732       6.6257025       6.6388677     -0.19830427
       9.9468274     0.022338787    -0.025240279       6.8297093       6.8440845     -0.21003760
       10.239381     0.021239725    -0.028654788       7.0340145       7.0496691     -0.22206158
       10.531935     0.020090223    -0.032129680       7.2386283       7.2556333     -0.23437034
       10.824489     0.018889783    -0.035661210       7.4435610       7.4619890     -0.24695781
       11.117042     0.017638052    -0.039245461       7.6488232       7.6687479     -0.25981760
       11.409596     0.016334837    -0.042878338       7.8544254       7.8759222     -0.27294306
       11.702150     0.014980120    -0.046555562       8.0603786       8.0835239     -0.28632727
       11.994704     0.013574075    -0.050272661       8.2666936       8.2915652     -0.29996299
       12.287257     0.012117083    -0.054024964       8.4733815       8.5000584     -0.31384268
       12.579811     0.010609753    -0.057807593       8.6804538       8.7090158     -0.32795848
       12.872365  9.0529333E-003    -0.061615455       8.8879219       8.9184499     -0.34230219
       13.164919  7.4477346E-003    -0.065443233       9.0957974       9.1283734     -0.35686528
       13.457472  5.7955464E-003    -0.069285378       9.3040923       9.3387989     -0.37163885
       13.750026  4.0980564E-003    -0.073136097       9.5128186       9.5497392     -0.38661364
       14.042580  2.3572696E-003    -0.076989348       9.7219888       9.7612074     -0.40177998
       14.335134  5.7552747E-004    -0.080838826       9.9316153       9.9732163     -0.41712784
       14.627687 -1.2444714E-003    -0.084677954       10.141711       10.185779     -0.43264674
       14.920241 -3.0996521E-003    -0.088499871       10.352289       10.398910     -0.44832578
       15.212795 -4.9865431E-003    -0.092297421       10.563362       10.612621     -0.46415361
       15.505349 -6.9012561E-003    -0.096063140       10.774944       10.826926     -0.48011842
       15.797902 -8.8394665E-003    -0.099789244       10.987049       11.041839     -0.49620789
       16.090456    -0.010796394     -0.10346762       11.199691       11.257374     -0.51240922
       16.383010    -0.012766781     -0.10708980       11.412884       11.473545     -0.52870907
       16.675564    -0.014744881     -0.11064696       11.626643       11.690366     -0.54509356
       16.968117    -0.016724432     -0.11412990       11.840983       11.907852     -0.56154822
       17.260671    -0.018698646     -0.11752902       12.055920       12.126016     -0.57805801
       17.553225    -0.020660191     -0.12083432       12.271470       12.344873     -0.59460726
       17.845779    -0.022601181     -0.12403538       12.487647       12.564439     -0.61117964
       18.138332    -0.024513161     -0.12712132       12.704470       12.784727     -0.62775818
       18.430886    -0.026387097     -0.13008080       12.921955       13.005754     -0.64432518
       18.723440    -0.028213375     -0.13290201       13.140118       13.227534     -0.66086223
       19.015994    -0.029981790     -0.13557263       13.358979       13.450083     -0.67735014
       19.308547    -0.031681557     -0.13807982       13.578555       13.673417     -0.69376894
       19.601101    -0.033301305     -0.14041020       13.798865       13.897552     -0.71009783
       19.893655    -0.034829097     -0.14254980       14.019929       14.122503     -0.72631514
       20.186209    -0.036252441     -0.14448409       14.241765       14.348286     -0.74239832
       20.478762    -0.037558314     -0.14619789       14.464394       14.574919     -0.75832384
       20.771316    -0.038733196     -0.14767542       14.687838       14.802419     -0.77406724
       21.063870    -0.039763105     -0.14890018       14.912117       15.030801     -0.78960300
       21.356424    -0.040633652     -0.14985503       15.137253       15.260083     -0.80490455
       21.648977    -0.041330098     -0.15052205       15.363270       15.490282     -0.81994421
       21.941531    -0.041837433     -0.15088261       15.590191       15.721416     -0.83469312
       22.234085    -0.042140464     -0.15091726       15.818039       15.953504     -0.84912122
       22.526639    -0.042223918     -0.15060576       16.046840       16.186562     -0.86319719
       22.819192    -0.042072572     -0.14992699       16.276619       16.420609     -0.87688837
       23.111746    -0.041671397     -0.14885896       16.507402       16.655664     -0.89016075
       23.404300    -0.041005726     -0.14737875       16.739217       16.891746     -0.90297885
       23.696854    -0.040061458     -0.14546250       16.972092       17.128874     -0.91530571
       23.989407    -0.038825277     -0.14308533       17.206056       17.367066     -0.92710279
       24.281961    -0.037284924     -0.14022133       17.441139       17.606344     -0.93832991
       24.574515    -0.035429488     -0.13684351       17.677371       17.846727     -0.94894519
       24.867069    -0.033249756     -0.13292378       17.914786       18.088235     -0.95890497
       25.159622    -0.030738603     -0.12843286       18.153416       18.330889     -0.96816371
       25.452176    -0.027891436     -0.12334029       18.393295       18.574709     -0.97667394
       25.744730    -0.024706705     -0.11761435       18.634459       18.819717     -0.98438617
       26.037284    -0.021186477     -0.11122201       18.876945       19.065935     -0.99124878
       26.329837    -0.017337086     -0.10412892       19.120790       19.313385     -0.99720795
       26.622391    -0.013169870    -0.096299318       19.366035       19.562088      -1.0022075
       26.914945 -8.7020045E-003    -0.087696030       19.612721       19.812068      -1.0061891
       27.207498 -3.9574420E-003    -0.078280377       19.860889       20.063346      -1.0090915
       27.500052  1.0320326E-003    -0.068012148       20.110584       20.315948      -1.0108511
       27.792606  6.2256103E-003    -0.056849553       20.361852       20.569896      -1.0114017
       28.085160     0.011572119    -0.044749168       20.614739       20.825214      -1.0106740
       28.377713     0.017008519    -0.031665890       20.869297       21.081928      -1.0085958
       28.670267     0.022458221    -0.017552893       21.125575       21.340062      -1.0050920
       28.962821     0.027829190 -2.3615804E-003       21.383627       21.599641      -1.0000842
       29.255375     0.033011833     0.013958456       21.643508       21.860692     -0.99349070
