Results for:	
File:	C:\Users\User\OneDrive - Massachusetts Institute of Technology\Documents\MIT\Grad School\Classes\2.156\Lens Project\Prime Lenses\JP2016-012034_Example01P.zmx
Title:	JP 2016-012034 Example 1 (Sigma 24mm F1.4 DG HSM Art)
Date:	11/7/2025 5:26:58 PM

0 message(s) in output.
3 series table(s) in output.

Table series: Data for wavelength : 0.486133 µm.
   Y Angle (deg)       Tan Shift       Sag Shift     Real Height     Ref. Height      Distortion
  --------------  --------------  --------------  --------------  --------------  --------------
      0.00000000    -0.042660393    -0.042660393      0.00000000      0.00000000      0.00000000
      0.41688237    -0.042592719    -0.042678145      0.17946646      0.17946707 -3.3839087E-004
      0.83376473    -0.042396720    -0.042731434      0.35894828      0.35895314 -1.3528314E-003
       1.2506471    -0.042073256    -0.042820358      0.53846084      0.53847722 -3.0428267E-003
       1.6675295    -0.041623760    -0.042945078      0.71801953      0.71805835 -5.4071006E-003
       2.0844118    -0.041050226    -0.043105821      0.89763978      0.89771558 -8.4439367E-003
       2.5012942    -0.040355207    -0.043302874       1.0773371       1.0774680    -0.012151132
       2.9181766    -0.039541805    -0.043536585       1.2571269       1.2573347    -0.016526003
       3.3350589    -0.038613660    -0.043807359       1.4370249       1.4373349    -0.021565384
       3.7519413    -0.037574936    -0.044115657       1.6170467       1.6174878    -0.027265639
       4.1688237    -0.036430307    -0.044461989       1.7972082       1.7978126    -0.033622661
       4.5857060    -0.035184942    -0.044846918       1.9775251       1.9783289    -0.040631881
       5.0025884    -0.033844486    -0.045271047       2.1580134       2.1590560    -0.048288276
       5.4194708    -0.032415037    -0.045735021       2.3386893       2.3400134    -0.056586373
       5.8363531    -0.030903125    -0.046239519       2.5195690       2.5212209    -0.065520259
       6.2532355    -0.029315692    -0.046785250       2.7006688       2.7026980    -0.075083589
       6.6701179    -0.027660058    -0.047372948       2.8820053       2.8844648    -0.085269597
       7.0870002    -0.025943900    -0.048003365       3.0635952       3.0665412    -0.096071102
       7.5038826    -0.024175219    -0.048677264       3.2454553       3.2489473     -0.10748052
       7.9207650    -0.022362310    -0.049395413       3.4276028       3.4317034     -0.11948988
       8.3376473    -0.020513728    -0.050158578       3.6100550       3.6148299     -0.13209082
       8.7545297    -0.018638256    -0.050967515       3.7928293       3.7983473     -0.14527462
       9.1714120    -0.016744865    -0.051822962       3.9759434       3.9822765     -0.15903220
       9.5882944    -0.014842677    -0.052725631       4.1594152       4.1666383     -0.17335411
       10.005177    -0.012940930    -0.053676199       4.3432631       4.3514538     -0.18823060
       10.422059    -0.011048932    -0.054675298       4.5275053       4.5367445     -0.20365158
       10.838942 -9.1760223E-003    -0.055723509       4.7121608       4.7225318     -0.21960666
       11.255824 -7.3315279E-003    -0.056821346       4.8972484       4.9088374     -0.23608513
       11.672706 -5.5247196E-003    -0.057969253       5.0827875       5.0956834     -0.25307602
       12.089589 -3.7647666E-003    -0.059167587       5.2687976       5.2830920     -0.27056808
       12.506471 -2.0606916E-003    -0.060416612       5.4552988       5.4710856     -0.28854980
       12.923353 -4.2132385E-004    -0.061716485       5.6423113       5.6596871     -0.30700939
       13.340236  1.1447473E-003    -0.063067247       5.8298556       5.8489193     -0.32593488
       13.757118  2.6292191E-003    -0.064468807       6.0179528       6.0388057     -0.34531401
       14.174000  4.0241227E-003    -0.065920935       6.2066242       6.2293698     -0.36513433
       14.590883  5.3218694E-003    -0.067423247       6.3958915       6.4206356     -0.38538318
       15.007765  6.5152972E-003    -0.068975192       6.5857768       6.6126273     -0.40604769
       15.424648  7.5977153E-003    -0.070576040       6.7763027       6.8053694     -0.42711478
       15.841530  8.5629495E-003    -0.072224869       6.9674921       6.9988870     -0.44857120
       16.258412  9.4053836E-003    -0.073920551       7.1593683       7.1932054     -0.47040348
       16.675295     0.010120001    -0.075661739       7.3519553       7.3883502     -0.49259798
       17.092177     0.010702423    -0.077446854       7.5452773       7.5843474     -0.51514087
       17.509059     0.011148945    -0.079274067       7.7393593       7.7812237     -0.53801811
       17.925942     0.011456567    -0.081141293       7.9342264       7.9790058     -0.56121548
       18.342824     0.011623028    -0.083046167       8.1299046       8.1777212     -0.58471852
       18.759706     0.011646824    -0.084986037       8.3264202       8.3773977     -0.60851258
       19.176589     0.011527233    -0.086957948       8.5238002       8.5780636     -0.63258276
       19.593471     0.011264331    -0.088958623       8.7220722       8.7797475     -0.65691389
       20.010354     0.010858997    -0.090984454       8.9212642       8.9824789     -0.68149055
       20.427236     0.010312921    -0.093031485       9.1214051       9.1862876     -0.70629698
       20.844118  9.6285997E-003    -0.095095396       9.3225243       9.3912038     -0.73131709
       21.261001  8.8093242E-003    -0.097171488       9.5246520       9.5972586     -0.75653442
       21.677883  7.8591656E-003    -0.099254671       9.7278190       9.8044834     -0.78193207
       22.094765  6.7829481E-003     -0.10133945       9.9320569       10.012910     -0.80749268
       22.511648  5.5862159E-003     -0.10341989       10.137398       10.222572     -0.83319835
       22.928530  4.2751921E-003     -0.10548964       10.343876       10.433503     -0.85903058
       23.345412  2.8567298E-003     -0.10754188       10.551524       10.645735     -0.88497021
       23.762295  1.3382542E-003     -0.10956932       10.760377       10.859305     -0.91099734
       24.179177 -2.7230066E-004     -0.11156419       10.970472       11.074248     -0.93709124
       24.596060 -1.9665631E-003     -0.11351821       11.181845       11.290599     -0.96323025
       25.012942 -3.7358002E-003     -0.11542258       11.394534       11.508397     -0.98939167
       25.429824 -5.5709972E-003     -0.11726795       11.608578       11.727678      -1.0155517
       25.846707 -7.4629406E-003     -0.11904445       11.824016       11.948482      -1.0416852
       26.263589 -9.4022994E-003     -0.12074158       12.040892       12.170848      -1.0677657
       26.680471    -0.011379704     -0.12234829       12.259246       12.394816      -1.0937653
       27.097354    -0.013385817     -0.12385288       12.479124       12.620429      -1.1196541
       27.514236    -0.015411395     -0.12524301       12.700569       12.847727      -1.1454008
       27.931119    -0.017447334     -0.12650567       12.923630       13.076755      -1.1709717
       28.348001    -0.019484686     -0.12762717       13.148354       13.307557      -1.1963313
       28.764883    -0.021514658     -0.12859306       13.374792       13.540178      -1.2214414
       29.181766    -0.023528564     -0.12938815       13.602996       13.774664      -1.2462616
       29.598648    -0.025517737     -0.12999644       13.833019       14.011065      -1.2707487
       30.015530    -0.027473383     -0.13040109       14.064917       14.249427      -1.2948565
       30.432413    -0.029386372     -0.13058435       14.298748       14.489802      -1.3185358
       30.849295    -0.031246943     -0.13052757       14.534573       14.732240      -1.3417344
       31.266177    -0.033044333     -0.13021109       14.772452       14.976795      -1.3643964
       31.683060    -0.034766295     -0.12961417       15.012452       15.223521      -1.3864625
       32.099942    -0.036398501     -0.12871499       15.254640       15.472472      -1.4078698
       32.516825    -0.037923831     -0.12749051       15.499085       15.723706      -1.4285517
       32.933707    -0.039321515     -0.12591643       15.745861       15.977282      -1.4484375
       33.350589    -0.040566151     -0.12396711       15.995044       16.233260      -1.4674529
       33.767472    -0.041626573     -0.12161547       16.246713       16.491701      -1.4855199
       34.184354    -0.042464596     -0.11883289       16.500950       16.752669      -1.5025564
       34.601236    -0.043033649     -0.11558919       16.757841       17.016229      -1.5184772
       35.018119    -0.043277336     -0.11185248       17.017475       17.282448      -1.5331936
       35.435001    -0.043127979     -0.10758911       17.279943       17.551396      -1.5466141
       35.851883    -0.042505236     -0.10276365       17.545344       17.823143      -1.5586447
       36.268766    -0.041314922    -0.097338815       17.813775       18.097763      -1.5691896
       36.685648    -0.039448213    -0.091275513       18.085340       18.375331      -1.5781523
       37.102531    -0.036781488    -0.084532879       18.360146       18.655924      -1.5854360
       37.519413    -0.033177153    -0.077068427       18.638304       18.939623      -1.5909453
       37.936295    -0.028485906    -0.068838273       18.919926       19.226510      -1.5945874
       38.353178    -0.022551053    -0.059797497       19.205130       19.516670      -1.5962735
       38.770060    -0.015215671    -0.049900676       19.494035       19.810190      -1.5959214
       39.186942 -6.3336646E-003    -0.039102622       19.786761       20.107160      -1.5934569
       39.603825  4.2139779E-003    -0.027359413       20.083435       20.407675      -1.5888171
       40.020707     0.016496029    -0.014629768       20.384179       20.711830      -1.5819525
       40.437589     0.030498877 -8.7687754E-004       20.689120       21.019725      -1.5728306
       40.854472     0.046082774     0.013929215       20.998384       21.331461      -1.5614394
       41.271354     0.062923307     0.029808527       21.312094       21.647146      -1.5477908
       41.688237     0.080434273     0.046767185       21.630372       21.966889      -1.5319248

Table series: Data for wavelength : 0.587562 µm.
   Y Angle (deg)       Tan Shift       Sag Shift     Real Height     Ref. Height      Distortion
  --------------  --------------  --------------  --------------  --------------  --------------
      0.00000000  1.1469357E-003  1.1469357E-003      0.00000000      0.00000000      0.00000000
      0.41688237  1.2012253E-003  1.1217627E-003      0.17938401      0.17938460 -3.3158841E-004
      0.83376473  1.3545273E-003  1.0462086E-003      0.35878344      0.35878820 -1.3261005E-003
       1.2506471  1.6059532E-003  9.2016780E-004      0.53821373      0.53822979 -2.9827709E-003
       1.6675295  1.9540274E-003  7.4346505E-004      0.71769036      0.71772840 -5.3003314E-003
       2.0844118  2.3966926E-003  5.1585660E-004      0.89722880      0.89730307 -8.2770073E-003
       2.5012942  2.9313169E-003  2.3703160E-004       1.0768446       1.0769729    -0.011910522
       2.9181766  3.5547033E-003 -9.3385672E-005       1.2565534       1.2567569    -0.016198099
       3.3350589  4.2631009E-003 -4.7583382E-004       1.4363707       1.4366744    -0.021136469
       3.7519413  5.0522189E-003 -9.1081095E-004       1.6163125       1.6167445    -0.026721873
       4.1688237  5.9172413E-003 -1.3988719E-003       1.7963944       1.7969865    -0.032950068
       4.5857060  6.8528453E-003 -1.9406245E-003       1.9766325       1.9774198    -0.039816337
       5.0025884  7.8532205E-003 -2.5367248E-003       2.1570428       2.1580639    -0.047315491
       5.4194708  8.9120905E-003 -3.1878733E-003       2.3376414       2.3389382    -0.055441880
       5.8363531     0.010022737 -3.8948096E-003       2.5184447       2.5200623    -0.064189404
       6.2532355     0.011178024 -4.6583071E-003       2.6994692       2.7014561    -0.073551517
       6.6701179     0.012370427 -5.4791672E-003       2.8807314       2.8831394    -0.083521241
       7.0870002     0.013592062 -6.3582125E-003       3.0622481       3.0651321    -0.094091177
       7.5038826     0.014834716 -7.2962811E-003       3.2440363       3.2474544     -0.10525351
       7.9207650     0.016089880 -8.2942189E-003       3.4261132       3.4301265     -0.11700003
       8.3376473     0.017348785 -9.3528726E-003       3.6084962       3.6131688     -0.12932214
       8.7545297     0.018602437    -0.010473081       3.7912027       3.7966019     -0.14221086
       9.1714120     0.019841656    -0.011655669       3.9742507       3.9804465     -0.15565685
       9.5882944     0.021057117    -0.012901434       4.1576582       4.1647236     -0.16965043
       10.005177     0.022239389    -0.014211143       4.3414434       4.3494543     -0.18418157
       10.422059     0.023378977    -0.015585520       4.5256250       4.5346598     -0.19923993
       10.838942     0.024466371    -0.017025235       4.7102217       4.7203617     -0.21481484
       11.255824     0.025492086    -0.018530898       4.8952527       4.9065818     -0.23089537
       11.672706     0.026446710    -0.020103044       5.0807374       5.0933419     -0.24747026
       12.089589     0.027320950    -0.021742125       5.2666955       5.2806643     -0.26452803
       12.506471     0.028105684    -0.023448498       5.4531471       5.4685716     -0.28205692
       12.923353     0.028792005    -0.025222414       5.6401126       5.6570864     -0.30004492
       13.340236     0.029371272    -0.027064004       5.8276126       5.8462317     -0.31847980
       13.757118     0.029835157    -0.028973272       6.0156683       6.0360308     -0.33734911
       14.174000     0.030175700    -0.030950075       6.2043011       6.2265073     -0.35664020
       14.590883     0.030385349    -0.032994118       6.3935329       6.4176852     -0.37634020
       15.007765     0.030457017    -0.035104936       6.5833859       6.6095887     -0.39643607
       15.424648     0.030384123    -0.037281884       6.7738827       6.8022423     -0.41691457
       15.841530     0.030160642    -0.039524120       6.9650466       6.9956710     -0.43776230
       16.258412     0.029781145    -0.041830595       7.1569009       7.1899000     -0.45896569
       16.675295     0.029240849    -0.044200037       7.3494696       7.3849551     -0.48051098
       17.092177     0.028535650    -0.046630938       7.5427773       7.5808623     -0.50238425
       17.509059     0.027662165    -0.049121537       7.7368488       7.7776481     -0.52457142
       17.925942     0.026617766    -0.051669811       7.9317096       7.9753394     -0.54705822
       18.342824     0.025400606    -0.054273454       8.1273858       8.1739635     -0.56983020
       18.759706     0.024009654    -0.056929870       8.3239037       8.3735482     -0.59287272
       19.176589     0.022444710    -0.059636149       8.5212906       8.5741218     -0.61617093
       19.593471     0.020706425    -0.062389060       8.7195741       8.7757131     -0.63970973
       20.010354     0.018796310    -0.065185032       8.9187824       8.9783514     -0.66347381
       20.427236     0.016716748    -0.068020140       9.1189445       9.1820664     -0.68744756
       20.844118     0.014470985    -0.070890088       9.3200899       9.3868884     -0.71161506
       21.261001     0.012063129    -0.073790199       9.5222490       9.5928485     -0.73596004
       21.677883  9.4981344E-003    -0.076715390       9.7254526       9.7999781     -0.76046586
       22.094765  6.7817794E-003    -0.079660166       9.9297326       10.008309     -0.78511543
       22.511648  3.9206414E-003    -0.082618600       10.135121       10.217875     -0.80989116
       22.928530  9.2206090E-004    -0.085584317       10.341652       10.428708     -0.83477491
       23.345412 -2.2058982E-003    -0.088550476       10.549359       10.640843     -0.85974792
       23.762295 -5.4544949E-003    -0.091509757       10.758277       10.854315     -0.88479073
       24.179177 -8.8143608E-003    -0.094454340       10.968443       11.069159     -0.90988308
       24.596060    -0.012275554    -0.097375892       11.179892       11.285411     -0.93500386
       25.012942    -0.015827614     -0.10026554       11.392664       11.503109     -0.96013095
       25.429824    -0.019459615     -0.10311387       11.606796       11.722289     -0.98524116
       25.846707    -0.023160217     -0.10591087       11.822330       11.942992      -1.0103101
       26.263589    -0.026917708     -0.10864595       12.039307       12.165255      -1.0353121
       26.680471    -0.030720032     -0.11130789       12.257769       12.389121      -1.0602199
       27.097354    -0.034554809     -0.11388484       12.477760       12.614629      -1.0850048
       27.514236    -0.038409321     -0.11636426       12.699326       12.841823      -1.1096363
       27.931119    -0.042270476     -0.11873291       12.922513       13.070746      -1.1340821
       28.348001    -0.046124731     -0.12097681       13.147370       13.301442      -1.1583076
       28.764883    -0.049957965     -0.12308121       13.373947       13.533956      -1.1822763
       29.181766    -0.053755299     -0.12503054       13.602296       13.768335      -1.2059492
       29.598648    -0.057500840     -0.12680837       13.832470       14.004626      -1.2292848
       30.015530    -0.061177345     -0.12839736       14.064524       14.242879      -1.2522391
       30.432413    -0.064765781     -0.12977918       14.298517       14.483143      -1.2747651
       30.849295    -0.068244775     -0.13093449       14.534509       14.725471      -1.2968130
       31.266177    -0.071589928     -0.13184284       14.772560       14.969913      -1.3183300
       31.683060    -0.074772980     -0.13248257       15.012736       15.216525      -1.3392601
       32.099942    -0.077760803     -0.13283078       15.255104       15.465362      -1.3595442
       32.516825    -0.080514210     -0.13286320       15.499732       15.716481      -1.3791201
       32.933707    -0.082986557     -0.13255407       15.746693       15.969941      -1.3979222
       33.350589    -0.085122130     -0.13187608       15.996062       16.225801      -1.4158820
       33.767472    -0.086854307     -0.13080021       16.247917       16.484123      -1.4329282
       34.184354    -0.088103484     -0.12929561       16.502338       16.744971      -1.4489866
       34.601236    -0.088774794     -0.12732951       16.759410       17.008410      -1.4639808
       35.018119    -0.088755633     -0.12486704       17.019218       17.274507      -1.4778325
       35.435001    -0.087913034     -0.12187113       17.281854       17.543331      -1.4904619
       35.851883    -0.086090995     -0.11830240       17.547410       17.814953      -1.5017887
       36.268766    -0.083107851     -0.11411908       17.815983       18.089447      -1.5117326
       36.685648    -0.078753885     -0.10927690       18.087671       18.366887      -1.5202150
       37.102531    -0.072789432     -0.10372909       18.362577       18.647352      -1.5271593
       37.519413    -0.064943788    -0.097426458       18.640805       18.930920      -1.5324933
       37.936295    -0.054915430    -0.090317459       18.922463       19.217675      -1.5361501
       38.353178    -0.042374120    -0.082348480       19.207659       19.507701      -1.5380708
       38.770060    -0.026965732    -0.073464233       19.496505       19.801087      -1.5382060
       39.186942 -8.3208301E-003    -0.063608355       19.789113       20.097921      -1.5365189
       39.603825     0.013931657    -0.052724273       20.085594       20.398298      -1.5329877
       40.020707     0.040143984    -0.040756400       20.386063       20.702313      -1.5276084
       40.437589     0.070620250    -0.027651741       20.690629       21.010066      -1.5203987
       40.854472      0.10557559    -0.013362022       20.999404       21.321659      -1.5114006
       41.271354      0.14508076  2.1535404E-003       21.312493       21.637199      -1.5006845
       41.688237      0.18898843     0.018924679       21.630000       21.956795      -1.4883529

Table series: Data for wavelength : 0.656273 µm.
   Y Angle (deg)       Tan Shift       Sag Shift     Real Height     Ref. Height      Distortion
  --------------  --------------  --------------  --------------  --------------  --------------
      0.00000000     0.048834584     0.048834584      0.00000000      0.00000000      0.00000000
      0.41688237     0.048884239     0.048806639      0.17944955      0.17945030 -4.1458173E-004
      0.83376473     0.049022547     0.048722766      0.35891457      0.35891960 -1.3992817E-003
       1.2506471     0.049248611     0.048582858      0.53841054      0.53842691 -3.0394954E-003
       1.6675295     0.049560935     0.048386734      0.71795296      0.71799126 -5.3339911E-003
       2.0844118     0.049957437     0.048134143      0.89755736      0.89763169 -8.2809687E-003
       2.5012942     0.050435454     0.047824766       1.0772393       1.0773673    -0.011878119
       2.9181766     0.050991749     0.047458216       1.2570145       1.2572172    -0.016122627
       3.3350589     0.051622527     0.047034042       1.4368986       1.4372006    -0.021011177
       3.7519413     0.052323446     0.046551732       1.6169074       1.6173366    -0.026539957
       4.1688237     0.053089633     0.046010714       1.7970567       1.7976447    -0.032704667
       4.5857060     0.053915703     0.045410363       1.9773627       1.9781440    -0.039500521
       5.0025884     0.054795781     0.044750004       2.1578413       2.1588542    -0.046922262
       5.4194708     0.055723519     0.044028914       2.3385087       2.3397948    -0.054964163
       5.8363531     0.056692125     0.043246332       2.5193814       2.5209853    -0.063620042
       6.2532355     0.057694389     0.042401461       2.7004759       2.7024455    -0.072883265
       6.6701179     0.058722707     0.041493476       2.8818087       2.8841953    -0.082746765
       7.0870002     0.059769117     0.040521526       3.0633968       3.0662547    -0.093203045
       7.5038826     0.060825325     0.039484746       3.2452572       3.2486437     -0.10424419
       7.9207650     0.061882744     0.038382264       3.4274071       3.4313827     -0.11586190
       8.3376473     0.062932528     0.037213204       3.6098638       3.6144921     -0.12804745
       8.7545297     0.063965608     0.035976697       3.7926451       3.7979924     -0.14079177
       9.1714120     0.064972734     0.034671890       3.9757688       3.9819043     -0.15408541
       9.5882944     0.065944513     0.033297954       4.1592530       4.1662489     -0.16791856
       10.005177     0.066871452     0.031854093       4.3431161       4.3510472     -0.18228111
       10.422059     0.067744003     0.030339552       4.5273766       4.5363206     -0.19716257
       10.838942     0.068552608     0.028753631       4.7120536       4.7220905     -0.21255220
       11.255824     0.069287745     0.027095691       4.8971661       4.9083787     -0.22843892
       11.672706     0.069939972     0.025365167       5.0827336       5.0952073     -0.24481140
       12.089589     0.070499982     0.023561579       5.2687760       5.2825983     -0.26165802
       12.506471     0.070958647     0.021684542       5.4553133       5.4705744     -0.27896692
       12.923353     0.071307068     0.019733779       5.6423660       5.6591582     -0.29672600
       13.340236     0.071536629     0.017709132       5.8299549       5.8483728     -0.31492293
       13.757118     0.071639044     0.015610575       6.0181011       6.0382414     -0.33354517
       14.174000     0.071606405     0.013438226       6.2068262       6.2287877     -0.35257996
       14.590883     0.071431240     0.011192360       6.3961522       6.4200356     -0.37201438
       15.007765     0.071106553  8.8734240E-003       6.5861012       6.6120093     -0.39183530
       15.424648     0.070625880  6.4820458E-003       6.7766960       6.8047335     -0.41202942
       15.841530     0.069983331  4.0190532E-003       6.9679599       6.9982330     -0.43258327
       16.258412     0.069173640  1.4854833E-003       7.1599163       7.1925332     -0.45348322
       16.675295     0.068192204 -1.1174008E-003       7.3525894       7.3876598     -0.47471548
       17.092177     0.067035130 -3.7880972E-003       7.5460037       7.5836387     -0.49626609
       17.509059     0.065699267 -6.5248490E-003       7.7401842       7.7804966     -0.51812095
       17.925942     0.064182248 -9.3256317E-003       7.9351564       7.9782602     -0.54026577
       18.342824     0.062482517    -0.012188138       8.1309465       8.1769571     -0.56268611
       18.759706     0.060599359    -0.015109762       8.3275809       8.3766149     -0.58536732
       19.176589     0.058532922    -0.018087583       8.5250870       8.5772620     -0.60829457
       19.593471     0.056284235    -0.021118357       8.7234923       8.7789271     -0.63145283
       20.010354     0.053855222    -0.024198490       8.9228254       8.9816396     -0.65482679
       20.427236     0.051248708    -0.027324035       9.1231151       9.1854292     -0.67840091
       20.844118     0.048468419    -0.030490668       9.3243912       9.3903263     -0.70215936
       21.261001     0.045518979    -0.033693676       9.5266839       9.5963618     -0.72608595
       21.677883     0.042405896    -0.036927939       9.7300244       9.8035672     -0.75016413
       22.094765     0.039135543    -0.040187918       9.9344443       10.011975     -0.77437692
       22.511648     0.035715137    -0.043467635       10.139976       10.221617     -0.79870689
       22.928530     0.032152704    -0.046760657       10.346654       10.432528     -0.82313603
       23.345412     0.028457047    -0.050060082       10.554511       10.644740     -0.84764574
       23.762295     0.024637703    -0.053358520       10.763583       10.858290     -0.87221675
       24.179177     0.020704900    -0.056648073       10.973905       11.073213     -0.89682900
       24.596060     0.016669511    -0.059920320       11.185515       11.289544     -0.92146158
       25.012942     0.012543012    -0.063166298       11.398451       11.507321     -0.94609263
       25.429824  8.3374388E-003    -0.066376477       11.612752       11.726582     -0.97069923
       25.846707  4.0653513E-003    -0.069540745       11.828458       11.947366     -0.99525726
       26.263589 -2.6018936E-004    -0.072648379       12.045611       12.169711      -1.0197413
       26.680471 -4.6256301E-003    -0.075688023       12.264253       12.393658      -1.0441246
       27.097354 -9.0169134E-003    -0.078647659       12.484428       12.619249      -1.0683788
       27.514236    -0.013419436    -0.081514582       12.706182       12.846527      -1.0924737
       27.931119    -0.017817975    -0.084275360       12.929561       13.075533      -1.1163774
       28.348001    -0.022196561    -0.086915803       13.154614       13.306313      -1.1400561
       28.764883    -0.026538302    -0.089420922       13.381391       13.538912      -1.1634737
       29.181766    -0.030825142    -0.091774883       13.609943       13.773377      -1.1865919
       29.598648    -0.035037523    -0.093960957       13.840325       14.009755      -1.2093699
       30.015530    -0.039153969    -0.095961464       14.072592       14.248095      -1.2317645
       30.432413    -0.043150544    -0.097757712       14.306802       14.488448      -1.2537297
       30.849295    -0.047000180    -0.099329924       14.543013       14.730864      -1.2752168
       31.266177    -0.050671859     -0.10065716       14.781288       14.975396      -1.2961742
       31.683060    -0.054129615     -0.10171725       15.021692       15.222098      -1.3165474
       32.099942    -0.057331350     -0.10248665       15.264290       15.471026      -1.3362788
       32.516825    -0.060227429     -0.10294039       15.509152       15.722237      -1.3553081
       32.933707    -0.062759051     -0.10305193       15.756350       15.975789      -1.3735720
       33.350589    -0.064856356     -0.10279305       16.005959       16.231743      -1.3910045
       33.767472    -0.066436284     -0.10213370       16.258055       16.490160      -1.4075372
       34.184354    -0.067400156     -0.10104189       16.512718       16.751103      -1.4230993
       34.601236    -0.067631000    -0.099483493       16.770033       17.014639      -1.4376182
       35.018119    -0.066990639    -0.097422156       17.030085       17.280833      -1.4510202
       35.435001    -0.065316595    -0.094819111       17.292962       17.549756      -1.4632305
       35.851883    -0.062418869    -0.091633050       17.558758       17.821478      -1.4741749
       36.268766    -0.058076744    -0.087820005       17.827566       18.096072      -1.4837800
       36.685648    -0.052035765    -0.083333251       18.099484       18.373614      -1.4919748
       37.102531    -0.044005158    -0.078123248       18.374612       18.654181      -1.4986917
       37.519413    -0.033656035    -0.072137658       18.653053       18.937853      -1.5038685
       37.936295    -0.020620851    -0.065321426       18.934910       19.224713      -1.5074500
       38.353178 -4.4947420E-003    -0.057616993       19.220291       19.514846      -1.5093899
       38.770060     0.015160438    -0.048964652       19.509301       19.808338      -1.5096536
       39.186942     0.038808317    -0.039303104       19.802050       20.105282      -1.5082201
       39.603825     0.066925095    -0.028570266       20.098644       20.405768      -1.5050857
       40.020707     0.099979816    -0.016704414       20.399191       20.709895      -1.5002662
       40.437589      0.13840571 -3.6457169E-003       20.703797       21.017761      -1.4938006
       40.854472      0.18256000     0.010661705       21.012565       21.329468      -1.4857544
       41.271354      0.23266909     0.026267110       21.325593       21.645123      -1.4762232
       41.688237      0.28875539     0.043209689       21.642977       21.964836      -1.4653358
