Results for:	
File:	C:\Users\User\OneDrive - Massachusetts Institute of Technology\Documents\MIT\Grad School\Classes\2.156\Lens Project\Prime Lenses\US04556295-1.zmx
Title:	
Date:	11/7/2025 5:46:18 PM

0 message(s) in output.
3 series table(s) in output.

Table series: Data for wavelength : 0.486133 µm.
   Y Angle (deg)       Tan Shift       Sag Shift     Real Height     Ref. Height      Distortion
  --------------  --------------  --------------  --------------  --------------  --------------
      0.00000000    -0.079777607    -0.079777607      0.00000000      0.00000000      0.00000000
     0.062000000    -0.079778022    -0.079783028      0.21119150      0.21119107  2.0333135E-004
      0.12400000    -0.079788554    -0.079799298      0.42238578      0.42238264  7.4290387E-004
      0.18600000    -0.079809165    -0.079826446      0.63358561      0.63357520  1.6420454E-003
      0.24800000    -0.079839786    -0.079864516      0.84479375      0.84476924  2.9005367E-003
      0.31000000    -0.079880319    -0.079913574       1.0560130       1.0559653  4.5180708E-003
      0.37200000    -0.079930635    -0.079973699       1.2672461       1.2671638  6.4942524E-003
      0.43400000    -0.079990578    -0.080044993       1.4784957       1.4783652  8.8286049E-003
      0.49600000    -0.080059963    -0.080127574       1.6897648       1.6895701     0.011520542
      0.55800000    -0.080138578    -0.080221580       1.9010560       1.9007790     0.014569408
      0.62000000    -0.080226185    -0.080327164       2.1123720       2.1119924     0.017974453
      0.68200000    -0.080322520    -0.080444502       2.3237156       2.3232106     0.021734835
      0.74400000    -0.080427296    -0.080573785       2.5350895       2.5344344     0.025849620
      0.80600000    -0.080540205    -0.080715224       2.7464964       2.7456640     0.030317784
      0.86800000    -0.080660915    -0.080869049       2.9579391       2.9569001     0.035138211
      0.93000000    -0.080789078    -0.081035509       3.1694202       3.1681431     0.040309690
      0.99200000    -0.080924327    -0.081214870       3.3809424       3.3793936     0.045830917
       1.0540000    -0.081066281    -0.081407419       3.5925083       3.5906519     0.051700491
       1.1160000    -0.081214544    -0.081613462       3.8041206       3.8019187     0.057916917
       1.1780000    -0.081368713    -0.081833322       4.0157820       4.0131943     0.064478602
       1.2400000    -0.081528374    -0.082067345       4.2274950       4.2244794     0.071383852
       1.3020000    -0.081693108    -0.082315893       4.4392623       4.4357744     0.078630877
       1.3640000    -0.081862495    -0.082579350       4.6510864       4.6470798     0.086217781
       1.4260000    -0.082036114    -0.082858119       4.8629698       4.8583960     0.094142570
       1.4880000    -0.082213548    -0.083152622       5.0749152       5.0697237      0.10240314
       1.5500000    -0.082394389    -0.083463303       5.2869250       5.2810632      0.11099729
       1.6120000    -0.082578238    -0.083790626       5.4990017       5.4924151      0.11992270
       1.6740000    -0.082764713    -0.084135074       5.7111478       5.7037798      0.12917694
       1.7360000    -0.082953448    -0.084497152       5.9233657       5.9151580      0.13875749
       1.7980000    -0.083144103    -0.084877385       6.1356578       6.1265500      0.14866170
       1.8600000    -0.083336366    -0.085276321       6.3480265       6.3379564      0.15888679
       1.9220000    -0.083529954    -0.085694528       6.5604742       6.5493776      0.16942990
       1.9840000    -0.083724626    -0.086132595       6.7730031       6.7608142      0.18028801
       2.0460000    -0.083920182    -0.086591135       6.9856156       6.9722666      0.19145801
       2.1080000    -0.084116471    -0.087070782       7.1983138       7.1837354      0.20293664
       2.1700000    -0.084313396    -0.087572191       7.4111001       7.3952210      0.21472054
       2.2320000    -0.084510921    -0.088096042       7.6239765       7.6067240      0.22680620
       2.2940000    -0.084709079    -0.088643037       7.8369452       7.8182448      0.23918999
       2.3560000    -0.084907973    -0.089213903       8.0500084       8.0297839      0.25186812
       2.4180000    -0.085107791    -0.089809387       8.2631680       8.2413419      0.26483671
       2.4800000    -0.085308807    -0.090430264       8.4764261       8.4529193      0.27809168
       2.5420000    -0.085511393    -0.091077331       8.6897846       8.6645164      0.29162886
       2.6040000    -0.085716023    -0.091751411       8.9032455       8.8761339      0.30544390
       2.6660000    -0.085923289    -0.092453351       9.1168106       9.0877722      0.31953230
       2.7280000    -0.086133900    -0.093184025       9.3304817       9.2994319      0.33388943
       2.7900000    -0.086348699    -0.093944332       9.5442606       9.5111133      0.34851047
       2.8520000    -0.086568671    -0.094735198       9.7581489       9.7228171      0.36339046
       2.9140000    -0.086794950    -0.095557575       9.9721484       9.9345438      0.37852427
       2.9760000    -0.087028837    -0.096412443       10.186261       10.146294      0.39390660
       3.0380000    -0.087271802    -0.097300811       10.400487       10.358068      0.40953196
       3.1000000    -0.087525505    -0.098223715       10.614829       10.569866      0.42539472
       3.1620000    -0.087791799    -0.099182220       10.829289       10.781689      0.44148904
       3.2240000    -0.088072752     -0.10017742       11.043866       10.993537      0.45780888
       3.2860000    -0.088370653     -0.10121044       11.258564       11.205411      0.47434804
       3.3480000    -0.088688031     -0.10228244       11.473382       11.417311      0.49110011
       3.4100000    -0.089027668     -0.10339460       11.688322       11.629239      0.50805848
       3.4720000    -0.089392613     -0.10454815       11.903385       11.841193      0.52521632
       3.5340000    -0.089786202     -0.10574433       12.118572       12.053176      0.54256661
       3.5960000    -0.090212068     -0.10698443       12.333884       12.265186      0.56010209
       3.6580000    -0.090674164     -0.10826977       12.549321       12.477226      0.57781530
       3.7200000    -0.091176781     -0.10960170       12.764885       12.689295      0.59569852
       3.7820000    -0.091724564     -0.11098162       12.980575       12.901394      0.61374383
       3.8440000    -0.092322531     -0.11241095       13.196393       13.113523      0.63194304
       3.9060000    -0.092976102     -0.11389116       13.412338       13.325683      0.65028773
       3.9680000    -0.093691108     -0.11542375       13.628411       13.537874      0.66876920
       4.0300000    -0.094473823     -0.11701026       13.844612       13.750097      0.68737852
       4.0920000    -0.095330985     -0.11865228       14.060942       13.962353      0.70610648
       4.1540000    -0.096269817     -0.12035143       14.277399       14.174641      0.72494356
       4.2160000    -0.097298057     -0.12210938       14.493985       14.386963      0.74388002
       4.2780000    -0.098423981     -0.12392784       14.710697       14.599318      0.76290576
       4.3400000    -0.099656432     -0.12580858       14.927538       14.811708      0.78201044
       4.4020000     -0.10100485     -0.12775339       15.144504       15.024133      0.80118336
       4.4640000     -0.10247930     -0.12976412       15.361597       15.236594      0.82041353
       4.5260000     -0.10409049     -0.13184269       15.578814       15.449090      0.83968964
       4.5880000     -0.10584985     -0.13399104       15.796156       15.661622      0.85900003
       4.6500000     -0.10776950     -0.13621117       16.013620       15.874192      0.87833269
       4.7120000     -0.10986233     -0.13850514       16.231206       16.086799      0.89767527
       4.7740000     -0.11214201     -0.14087508       16.448912       16.299444      0.91701505
       4.8360000     -0.11462306     -0.14332315       16.666737       16.512127      0.93633894
       4.8980000     -0.11732086     -0.14585159       16.884678       16.724849      0.95563344
       4.9600000     -0.12025171     -0.14846268       17.102733       16.937611      0.97488469
       5.0220000     -0.12343283     -0.15115880       17.320901       17.150413      0.99407840
       5.0840000     -0.12688248     -0.15394235       17.539179       17.363255       1.0131999
       5.1460000     -0.13061993     -0.15681584       17.757565       17.576138       1.0322339
       5.2080000     -0.13466555     -0.15978183       17.976055       17.789063       1.0511650
       5.2700000     -0.13904084     -0.16284296       18.194647       18.002029       1.0699770
       5.3320000     -0.14376849     -0.16600194       18.413337       18.215039       1.0886536
       5.3940000     -0.14887242     -0.16926156       18.632122       18.428091       1.1071775
       5.4560000     -0.15437786     -0.17262470       18.850999       18.641186       1.1255314
       5.5180000     -0.16031136     -0.17609432       19.069963       18.854326       1.1436973
       5.5800000     -0.16670090     -0.17967348       19.289010       19.067511       1.1616566
       5.6420000     -0.17357591     -0.18336532       19.508135       19.280740       1.1793901
       5.7040000     -0.18096734     -0.18717308       19.727335       19.494015       1.1968784
       5.7660000     -0.18890773     -0.19110010       19.946603       19.707336       1.2141010
       5.8280000     -0.19743127     -0.19514983       20.165935       19.920704       1.2310372
       5.8900000     -0.20657387     -0.19932582       20.385325       20.134119       1.2476656
       5.9520000     -0.21637321     -0.20363176       20.604768       20.347581       1.2639640
       6.0140000     -0.22686885     -0.20807143       20.824256       20.561092       1.2799098
       6.0760000     -0.23810225     -0.21264875       21.043783       20.774652       1.2954795
       6.1380000     -0.25011688     -0.21736778       21.263343       20.988260       1.3106491
       6.2000000     -0.26295828     -0.22223269       21.482927       21.201918       1.3253937

Table series: Data for wavelength : 0.587562 µm.
   Y Angle (deg)       Tan Shift       Sag Shift     Real Height     Ref. Height      Distortion
  --------------  --------------  --------------  --------------  --------------  --------------
      0.00000000 -5.6209877E-003 -5.6209877E-003      0.00000000      0.00000000      0.00000000
     0.062000000 -5.6371226E-003 -5.6303486E-003      0.21111028      0.21110989  1.8383503E-004
      0.12400000 -5.7026629E-003 -5.6584393E-003      0.42222338      0.42222028  7.3529948E-004
      0.18600000 -5.8175506E-003 -5.7052835E-003      0.63334213      0.63333165  1.6542627E-003
      0.24800000 -5.9816838E-003 -5.7709209E-003      0.84446934      0.84444451  2.9405083E-003
      0.31000000 -6.1949173E-003 -5.8554068E-003       1.0556078       1.0555593  4.5937331E-003
      0.37200000 -6.4570626E-003 -5.9588127E-003       1.2667604       1.2666766  6.6135467E-003
      0.43400000 -6.7678893E-003 -6.0812256E-003       1.4779299       1.4777969  8.9994724E-003
      0.49600000 -7.1271233E-003 -6.2227490E-003       1.6891191       1.6889207     0.011750944
      0.55800000 -7.5344510E-003 -6.3835017E-003       1.9003308       1.9000483     0.014867307
      0.62000000 -7.9895176E-003 -6.5636191E-003       2.1115678       2.1111805     0.018347822
      0.68200000 -8.4919293E-003 -6.7632523E-003       2.3228329       2.3223176     0.022191656
      0.74400000 -9.0412536E-003 -6.9825684E-003       2.5341289       2.5334601     0.026397887
      0.80600000 -9.6370213E-003 -7.2217511E-003       2.7454584       2.7446086     0.030965505
      0.86800000    -0.010278728 -7.4809999E-003       2.9568244       2.9557634     0.035893406
      0.93000000    -0.010965833 -7.7605308E-003       3.1682294       3.1669253     0.041180395
      0.99200000    -0.011697766 -8.0605755E-003       3.3796763       3.3780945     0.046825183
       1.0540000    -0.012473924 -8.3813835E-003       3.5911677       3.5892716     0.052826387
       1.1160000    -0.013293675 -8.7232195E-003       3.8027064       3.8004572     0.059182530
       1.1780000    -0.014156361 -9.0863653E-003       4.0142950       4.0116516     0.065892036
       1.2400000    -0.015061300 -9.4711194E-003       4.2259362       4.2228555     0.072953235
       1.3020000    -0.016007785 -9.8777965E-003       4.4376326       4.4340692     0.080364353
       1.3640000    -0.016995092    -0.010306730       4.6493870       4.6452934     0.088123522
       1.4260000    -0.018022478    -0.010758267       4.8612018       4.8565284     0.096228766
       1.4880000    -0.019089187    -0.011232776       5.0730796       5.0677748      0.10467801
       1.5500000    -0.020194450    -0.011730639       5.2850231       5.2790331      0.11346907
       1.6120000    -0.021337493    -0.012252257       5.4970348       5.4903037      0.12259967
       1.6740000    -0.022517533    -0.012798048       5.7091172       5.7015872      0.13206739
       1.7360000    -0.023733788    -0.013368450       5.9212727       5.9128841      0.14186975
       1.7980000    -0.024985480    -0.013963914       6.1335039       6.1241949      0.15200411
       1.8600000    -0.026271836    -0.014584913       6.3458132       6.3355200      0.16246775
       1.9220000    -0.027592093    -0.015231938       6.5582029       6.5468599      0.17325781
       1.9840000    -0.028945505    -0.015905496       6.7706754       6.7582152      0.18437133
       2.0460000    -0.030331343    -0.016606113       6.9832332       6.9695864      0.19580522
       2.1080000    -0.031748906    -0.017334337       7.1958784       7.1809739      0.20755625
       2.1700000    -0.033197522    -0.018090729       7.4086134       7.3923782      0.21962111
       2.2320000    -0.034676552    -0.018875875       7.6214404       7.6037999      0.23199631
       2.2940000    -0.036185401    -0.019690377       7.8343616       7.8152394      0.24467826
       2.3560000    -0.037723518    -0.020534856       8.0473791       8.0266972      0.25766322
       2.4180000    -0.039290408    -0.021409956       8.2604950       8.2381739      0.27094732
       2.4800000    -0.040885632    -0.022316337       8.4737114       8.4496699      0.28452657
       2.5420000    -0.042508822    -0.023254682       8.6870304       8.6611857      0.29839679
       2.6040000    -0.044159680    -0.024225695       8.9004538       8.8727218      0.31255369
       2.6660000    -0.045837992    -0.025230098       9.1139837       9.0842788      0.32699282
       2.7280000    -0.047543631    -0.026268637       9.3276219       9.2958571      0.34170957
       2.7900000    -0.049276569    -0.027342077       9.5413702       9.5074572      0.35669919
       2.8520000    -0.051036884    -0.028451207       9.7552304       9.7190796      0.37195676
       2.9140000    -0.052824769    -0.029596837       9.9692041       9.9307248      0.38747717
       2.9760000    -0.054640541    -0.030779799       10.183293       10.142393      0.40325519
       3.0380000    -0.056484657    -0.032000947       10.397499       10.354086      0.41928538
       3.1000000    -0.058357713    -0.033261161       10.611823       10.565802      0.43556213
       3.1620000    -0.060260463    -0.034561342       10.826267       10.777544      0.45207966
       3.2240000    -0.062193830    -0.035902415       11.040832       10.989311      0.46883199
       3.2860000    -0.064158915    -0.037285332       11.255520       11.201103      0.48581296
       3.3480000    -0.066157009    -0.038711069       11.470331       11.412922      0.50301620
       3.4100000    -0.068189617    -0.040180623       11.685268       11.624768      0.52043515
       3.4720000    -0.070258454    -0.041695021       11.900330       11.836641      0.53806304
       3.5340000    -0.072365471    -0.043255316       12.115519       12.048542      0.55589289
       3.5960000    -0.074512868    -0.044862586       12.330836       12.260471      0.57391750
       3.6580000    -0.076703107    -0.046517938       12.546282       12.472429      0.59212945
       3.7200000    -0.078938930    -0.048222507       12.761858       12.684417      0.61052108
       3.7820000    -0.081223377    -0.049977454       12.977564       12.896434      0.62908451
       3.8440000    -0.083559802    -0.051783972       13.193400       13.108482      0.64781161
       3.9060000    -0.085951893    -0.053643283       13.409367       13.320560      0.66669400
       3.9680000    -0.088403689    -0.055556639       13.625466       13.532670      0.68572304
       4.0300000    -0.090919602    -0.057525324       13.841697       13.744811      0.70488985
       4.0920000    -0.093504442    -0.059550652       14.058060       13.956985      0.72418525
       4.1540000    -0.096163428    -0.061633971       14.274554       14.169192      0.74359981
       4.2160000    -0.098902222    -0.063776664       14.491180       14.381432      0.76312380
       4.2780000     -0.10172695    -0.065980147       14.707938       14.593706      0.78274719
       4.3400000     -0.10464422    -0.068245871       14.924827       14.806015      0.80245968
       4.4020000     -0.10766116    -0.070575325       15.141846       15.018358      0.82225063
       4.4640000     -0.11078543    -0.072970036       15.358996       15.230737      0.84210909
       4.5260000     -0.11402527    -0.075431564       15.576275       15.443151      0.86202378
       4.5880000     -0.11738952    -0.077961515       15.793682       15.655602      0.88198311
       4.6500000     -0.12088763    -0.080561534       16.011216       15.868090      0.90197511
       4.7120000     -0.12452973    -0.083233305       16.228876       16.080615      0.92198747
       4.7740000     -0.12832663    -0.085978558       16.446661       16.293178      0.94200751
       4.8360000     -0.13228988    -0.088799069       16.664569       16.505780      0.96202218
       4.8980000     -0.13643178    -0.091696658       16.882598       16.718420      0.98201804
       4.9600000     -0.14076546    -0.094673189       17.100747       16.931100       1.0019812
       5.0220000     -0.14530486    -0.097730582       17.319012       17.143820       1.0218975
       5.0840000     -0.15006482     -0.10087081       17.537393       17.356580       1.0417522
       5.1460000     -0.15506107     -0.10409588       17.755886       17.569382       1.0615303
       5.2080000     -0.16031036     -0.10740789       17.974489       17.782224       1.0812160
       5.2700000     -0.16583040     -0.11080895       18.193198       17.995109       1.1007936
       5.3320000     -0.17163998     -0.11430127       18.412011       18.208036       1.1202463
       5.3940000     -0.17775900     -0.11788709       18.630925       18.421007       1.1395574
       5.4560000     -0.18420850     -0.12156873       18.849935       18.634021       1.1587092
       5.5180000     -0.19101074     -0.12534857       19.069037       18.847078       1.1776839
       5.5800000     -0.19818924     -0.12922907       19.288229       19.060181       1.1964628
       5.6420000     -0.20576882     -0.13321273       19.507504       19.273328       1.2150269
       5.7040000     -0.21377569     -0.13730217       19.726860       19.486521       1.2333565
       5.7660000     -0.22223749     -0.14150006       19.946289       19.699760       1.2514314
       5.8280000     -0.23118334     -0.14580915       20.165789       19.913046       1.2692308
       5.8900000     -0.24064394     -0.15023227       20.385352       20.126379       1.2867333
       5.9520000     -0.25065160     -0.15477237       20.604973       20.339760       1.3039167
       6.0140000     -0.26124030     -0.15943246       20.824646       20.553188       1.3207583
       6.0760000     -0.27244579     -0.16421566       21.044365       20.766666       1.3372347
       6.1380000     -0.28430565     -0.16912519       21.264122       20.980192       1.3533218
       6.2000000     -0.29685936     -0.17416437       21.483910       21.193768       1.3689948

Table series: Data for wavelength : 0.656273 µm.
   Y Angle (deg)       Tan Shift       Sag Shift     Real Height     Ref. Height      Distortion
  --------------  --------------  --------------  --------------  --------------  --------------
      0.00000000     0.053240231     0.053240231      0.00000000      0.00000000      0.00000000
     0.062000000     0.053217894     0.053229226      0.21096621      0.21096578  2.0065319E-004
      0.12400000     0.053130438     0.053196201      0.42193525      0.42193206  7.5605602E-004
      0.18600000     0.052977929     0.053141136      0.63290997      0.63289933  1.6815843E-003
      0.24800000     0.052760483     0.053063992      0.84389320      0.84386807  2.9770233E-003
      0.31000000     0.052478262     0.052964718       1.0548878       1.0548388  4.6420720E-003
      0.37200000     0.052131479     0.052843246       1.2658965       1.2658120  6.6763432E-003
      0.43400000     0.051720394     0.052699496       1.4769222       1.4767882  9.0793583E-003
      0.49600000     0.051245315     0.052533370       1.6879678       1.6877678     0.011850566
      0.55800000     0.050706596     0.052344756       1.8990360       1.8987513     0.014989312
      0.62000000     0.050104639     0.052133527       2.1101296       2.1097394     0.018494861
      0.68200000     0.049439888     0.051899543       2.3212514       2.3207323     0.022366387
      0.74400000     0.048712832     0.051642645       2.5324042       2.5317307     0.026602976
      0.80600000     0.047924005     0.051362662       2.7435909       2.7427350     0.031203624
      0.86800000     0.047073980     0.051059407       2.9548141       2.9537458     0.036167236
      0.93000000     0.046163370     0.050732677       3.1660766       3.1647635     0.041492626
      0.99200000     0.045192829     0.050382254       3.3773812       3.3757885     0.047178514
       1.0540000     0.044163047     0.050007907       3.5887306       3.5868215     0.053223527
       1.1160000     0.043074748     0.049609385       3.8001274       3.7978629     0.059626200
       1.1780000     0.041928690     0.049186425       4.0115745       4.0089132     0.066384968
       1.2400000     0.040725663     0.048738748       4.2230745       4.2199729     0.073498172
       1.3020000     0.039466485     0.048266059       4.4346300       4.4310425     0.080964054
       1.3640000     0.038152002     0.047768046       4.6462437       4.6421224     0.088780757
       1.4260000     0.036783083     0.047244382       4.8579183       4.8532132     0.096946321
       1.4880000     0.035360619     0.046694726       5.0696562       5.0643154      0.10545868
       1.5500000     0.033885519     0.046118718       5.2814602       5.2754295      0.11431568
       1.6120000     0.032358709     0.045515983       5.4933327       5.4865560      0.12351504
       1.6740000     0.030781127     0.044886131       5.7052763       5.6976952      0.13305439
       1.7360000     0.029153720     0.044228753       5.9172935       5.9088479      0.14293123
       1.7980000     0.027477440     0.043543426       6.1293868       6.1200144      0.15314296
       1.8600000     0.025753243     0.042829709       6.3415586       6.3311952      0.16368687
       1.9220000     0.023982081     0.042087145       6.5538113       6.5423909      0.17456014
       1.9840000     0.022164901     0.041315258       6.7661474       6.7536020      0.18575980
       2.0460000     0.020302638     0.040513558       6.9785692       6.9648288      0.19728280
       2.1080000     0.018396214     0.039681537       7.1910790       7.1760720      0.20912594
       2.1700000     0.016446529     0.038818666       7.4036792       7.3873320      0.22128591
       2.2320000     0.014454460     0.037924404       7.6163718       7.5986094      0.23375926
       2.2940000     0.012420851     0.036998188       7.8291593       7.8099046      0.24654241
       2.3560000     0.010346513     0.036039440       8.0420437       8.0212180      0.25963167
       2.4180000  8.2322123E-003     0.035047560       8.2550271       8.2325504      0.27302318
       2.4800000  6.0786688E-003     0.034021934       8.4681117       8.4439020      0.28671297
       2.5420000  3.8865473E-003     0.032961927       8.6812995       8.6552734      0.30069690
       2.6040000  1.6564515E-003     0.031866886       8.8945925       8.8666651      0.31497070
       2.6660000 -6.1108390E-004     0.030736138       9.1079927       9.0780777      0.32952996
       2.7280000 -2.9156000E-003     0.029568992       9.3215019       9.2895116      0.34437009
       2.7900000 -5.2567215E-003     0.028364736       9.5351219       9.5009672      0.35948637
       2.8520000 -7.6341655E-003     0.027122639       9.7488546       9.7124452      0.37487391
       2.9140000    -0.010047750     0.025841950       9.9627017       9.9239459      0.39052765
       2.9760000    -0.012497398     0.024521896       10.176665       10.135470      0.40644236
       3.0380000    -0.014983165     0.023161690       10.390746       10.347018      0.42261266
       3.1000000    -0.017505221     0.021760515       10.604946       10.558590      0.43903297
       3.1620000    -0.020063881     0.020317537       10.819266       10.770187      0.45569755
       3.2240000    -0.022659611     0.018831901       11.033709       10.981809      0.47260044
       3.2860000    -0.025293037     0.017302727       11.248276       11.193457      0.48973552
       3.3480000    -0.027964955     0.015729116       11.462967       11.405132      0.50709648
       3.4100000    -0.030676357     0.014110145       11.677784       11.616833      0.52467677
       3.4720000    -0.033428425     0.012444867       11.892728       11.828561      0.54246969
       3.5340000    -0.036222556     0.010732313       12.107800       12.040318      0.56046827
       3.5960000    -0.039060373  8.9714881E-003       12.323001       12.252102      0.57866537
       3.6580000    -0.041943739  7.1613745E-003       12.538332       12.463916      0.59705360
       3.7200000    -0.044874777  5.3009284E-003       12.753793       12.675758      0.61562536
       3.7820000    -0.047855879  3.3890808E-003       12.969386       12.887631      0.63437280
       3.8440000    -0.050889732  1.4247369E-003       13.185111       13.099534      0.65328783
       3.9060000    -0.053979324 -5.9322507E-004       13.400969       13.311467      0.67236214
       3.9680000    -0.057127974 -2.6659538E-003       13.616959       13.523432      0.69158712
       4.0300000    -0.060339344 -4.7946279E-003       13.833082       13.735429      0.71095393
       4.0920000    -0.063617463 -6.9804484E-003       14.049338       13.947458      0.73045346
       4.1540000    -0.066966744 -9.2246513E-003       14.265727       14.159520      0.75007632
       4.2160000    -0.070392009    -0.011528501       14.482250       14.371615      0.76981282
       4.2780000    -0.073898513    -0.013893291       14.698905       14.583744      0.78965300
       4.3400000    -0.077491961    -0.016320349       14.915694       14.795908      0.80958659
       4.4020000    -0.081178543    -0.018811031       15.132614       15.008106      0.82960302
       4.4640000    -0.084964951    -0.021366730       15.349666       15.220340      0.84969140
       4.5260000    -0.088858413    -0.023988870       15.566848       15.432609      0.86984050
       4.5880000    -0.092866714    -0.026678911       15.784161       15.644915      0.89003877
       4.6500000    -0.096998232    -0.029438349       16.001603       15.857258      0.91027432
       4.7120000     -0.10126196    -0.032268718       16.219172       16.069638      0.93053488
       4.7740000     -0.10566756    -0.035171589       16.436867       16.282056      0.95080785
       4.8360000     -0.11022536    -0.038148571       16.654688       16.494513      0.97108022
       4.8980000     -0.11494641    -0.041201318       16.872631       16.707008      0.99133861
       4.9600000     -0.11984253    -0.044331518       17.090696       16.919543       1.0115693
       5.0220000     -0.12492632    -0.047540912       17.308879       17.132117       1.0317580
       5.0840000     -0.13021122    -0.050831278       17.527180       17.344732       1.0518901
       5.1460000     -0.13571154    -0.054204444       17.745595       17.557388       1.0719507
       5.2080000     -0.14144250    -0.057662287       17.964122       17.770086       1.0919242
       5.2700000     -0.14742027    -0.061206729       18.182758       17.982825       1.1117946
       5.3320000     -0.15366206    -0.064839751       18.401499       18.195607       1.1315456
       5.3940000     -0.16018607    -0.068563380       18.620343       18.408432       1.1511603
       5.4560000     -0.16701165    -0.072379703       18.839286       18.621301       1.1706211
       5.5180000     -0.17415926    -0.076290863       19.058323       18.834213       1.1899103
       5.5800000     -0.18165059    -0.080299063       19.277452       19.047170       1.2090094
       5.6420000     -0.18950856    -0.084406572       19.496668       19.260172       1.2278993
       5.7040000     -0.19775741    -0.088615723       19.715965       19.473220       1.2465604
       5.7660000     -0.20642274    -0.092928916       19.935340       19.686313       1.2649727
       5.8280000     -0.21553159    -0.097348624       20.154786       19.899453       1.2831154
       5.8900000     -0.22511245     -0.10187739       20.374299       20.112640       1.3009671
       5.9520000     -0.23519541     -0.10651784       20.593873       20.325875       1.3185057
       6.0140000     -0.24581213     -0.11127267       20.813502       20.539158       1.3357088
       6.0760000     -0.25699598     -0.11614469       21.033178       20.752490       1.3525528
       6.1380000     -0.26878207     -0.12113676       21.252896       20.965871       1.3690138
       6.2000000     -0.28120731     -0.12625185       21.472649       21.179301       1.3850671
