Results for:	
File:	C:\Users\User\OneDrive - Massachusetts Institute of Technology\Documents\MIT\Grad School\Classes\2.156\Lens Project\Prime Lenses\JP2018-180366_Example01P.zmx
Title:	JP 2018-180366 Example 1 (Canon EF-M32mm f1.4 STM)
Date:	11/7/2025 5:32:32 PM

0 message(s) in output.
3 series table(s) in output.

Table series: Data for wavelength : 0.486133 µm.
   Y Angle (deg)       Tan Shift       Sag Shift     Real Height     Ref. Height      Distortion
  --------------  --------------  --------------  --------------  --------------  --------------
      0.00000000    -0.013099899    -0.013099899      0.00000000      0.00000000      0.00000000
      0.23248914    -0.013072146    -0.013105206      0.13126397      0.13126411 -1.0509350E-004
      0.46497828    -0.012998043    -0.013121143      0.26253165      0.26253254 -3.4069755E-004
      0.69746742    -0.012878172    -0.013147762      0.39380673      0.39380962 -7.3398200E-004
      0.92995657    -0.012713489    -0.013185149      0.52509292      0.52509967 -1.2858620E-003
       1.1624457    -0.012505318    -0.013233422      0.65639390      0.65640702 -1.9976162E-003
       1.3949348    -0.012255344    -0.013292733      0.78771337      0.78773599 -2.8708780E-003
       1.6274240    -0.011965604    -0.013363263      0.91905500      0.91909091 -3.9076561E-003
       1.8599131    -0.011638483    -0.013445225       1.0504224       1.0504761 -5.1102945E-003
       2.0924023    -0.011276694    -0.013538858       1.1818194       1.1818960 -6.4814913E-003
       2.3248914    -0.010883269    -0.013644427       1.3132494       1.3133548 -8.0242876E-003
       2.5573806    -0.010461544    -0.013762223       1.4447162       1.4448569 -9.7420608E-003
       2.7898697    -0.010015139    -0.013892555       1.5762233       1.5764067    -0.011638518
       3.0223588 -9.5479438E-003    -0.014035753       1.7077743       1.7080086    -0.013717686
       3.2548480 -9.0640930E-003    -0.014192161       1.8393728       1.8396668    -0.015983909
       3.4873371 -8.5679487E-003    -0.014362135       1.9710223       1.9713859    -0.018441832
       3.7198263 -8.0640749E-003    -0.014546042       2.1027263       2.1031700    -0.021096396
       3.9523154 -7.5572137E-003    -0.014744252       2.2344884       2.2350238    -0.023952826
       4.1848045 -7.0522596E-003    -0.014957138       2.3663120       2.3669515    -0.027016621
       4.4172937 -6.5542319E-003    -0.015185070       2.4982005       2.4989575    -0.030293542
       4.6497828 -6.0682469E-003    -0.015428410       2.6301573       2.6310463    -0.033789600
       4.8822720 -5.5994882E-003    -0.015687511       2.7621859       2.7632224    -0.037511045
       5.1147611 -5.1531764E-003    -0.015962708       2.8942895       2.8954901    -0.041464352
       5.3472503 -4.7345380E-003    -0.016254319       3.0264715       3.0278539    -0.045656205
       5.5797394 -4.3487728E-003    -0.016562632       3.1587352       3.1603183    -0.050093490
       5.8122285 -4.0010216E-003    -0.016887909       3.2910838       3.2928877    -0.054783274
       6.0447177 -3.6963325E-003    -0.017230374       3.4235206       3.4255668    -0.059732794
       6.2772068 -3.4396270E-003    -0.017590212       3.5560487       3.5583599    -0.064949443
       6.5096960 -3.2356665E-003    -0.017967563       3.6886714       3.6912715    -0.070440753
       6.7421851 -3.0890170E-003    -0.018362513       3.8213917       3.8243064    -0.076214381
       6.9746742 -3.0040155E-003    -0.018775095       3.9542127       3.9574689    -0.082278093
       7.2071634 -2.9847353E-003    -0.019205278       4.0871376       4.0907637    -0.088639751
       7.4396525 -3.0349523E-003    -0.019652966       4.2201693       4.2241953    -0.095307294
       7.6721417 -3.1581113E-003    -0.020117987       4.3533109       4.3577684     -0.10228873
       7.9046308 -3.3572929E-003    -0.020600093       4.4865654       4.4914877     -0.10959210
       8.1371200 -3.6351814E-003    -0.021098954       4.6199356       4.6253577     -0.11722550
       8.3696091 -3.9940339E-003    -0.021614149       4.7534245       4.7593831     -0.12519703
       8.6020982 -4.4356497E-003    -0.022145163       4.8870350       4.8935686     -0.13351481
       8.8345874 -4.9613415E-003    -0.022691385       5.0207699       5.0279190     -0.14218692
       9.0670765 -5.5719089E-003    -0.023252097       5.1546322       5.1624389     -0.15122144
       9.2995657 -6.2676119E-003    -0.023826473       5.2886246       5.2971332     -0.16062642
       9.5320548 -7.0481480E-003    -0.024413575       5.4227499       5.4320066     -0.17040984
       9.7645439 -7.9126303E-003    -0.025012345       5.5570109       5.5670639     -0.18057964
       9.9970331 -8.8595691E-003    -0.025621604       5.6914104       5.7023100     -0.19114366
       10.229522 -9.8868545E-003    -0.026240048       5.8259510       5.8377496     -0.20210969
       10.462011    -0.010991743    -0.026866242       5.9606355       5.9733878     -0.21348541
       10.694501    -0.012170847    -0.027498617       6.0954666       6.1092294     -0.22527841
       10.926990    -0.013420127    -0.028135471       6.2304470       6.2452793     -0.23749617
       11.159479    -0.014734889    -0.028774961       6.3655794       6.3815426     -0.25014608
       11.391968    -0.016109779    -0.029415102       6.5008664       6.5180242     -0.26323538
       11.624457    -0.017538796    -0.030053768       6.6363107       6.6547291     -0.27677123
       11.856946    -0.019015290    -0.030688689       6.7719150       6.7916625     -0.29076067
       12.089435    -0.020531979    -0.031317447       6.9076818       6.9288293     -0.30521061
       12.321925    -0.022080966    -0.031937482       7.0436139       7.0662348     -0.32012788
       12.554414    -0.023653759    -0.032546087       7.1797137       7.2038841     -0.33551917
       12.786903    -0.025241299    -0.033140408       7.3159841       7.3417824     -0.35139113
       13.019392    -0.026833991    -0.033717452       7.4524275       7.4799349     -0.36775028
       13.251881    -0.028421743    -0.034274082       7.5890465       7.6183469     -0.38460310
       13.484370    -0.029994007    -0.034807022       7.7258439       7.7570237     -0.40195603
       13.716859    -0.031539831    -0.035312863       7.8628221       7.8959706     -0.41981548
       13.949348    -0.033047914    -0.035788064       7.9999838       8.0351930     -0.43818783
       14.181838    -0.034506671    -0.036228958       8.1373315       8.1746964     -0.45707953
       14.414327    -0.035904296    -0.036631759       8.2748678       8.3144861     -0.47649706
       14.646816    -0.037228846    -0.036992566       8.4125953       8.4545677     -0.49644702
       14.879305    -0.038468321    -0.037307375       8.5505164       8.5949468     -0.51693612
       15.111794    -0.039610753    -0.037572084       8.6886337       8.7356288     -0.53797127
       15.344283    -0.040644311    -0.037782502       8.8269495       8.8766195     -0.55955963
       15.576772    -0.041557405    -0.037934364       8.9654665       9.0179245     -0.58170862
       15.809262    -0.042338803    -0.038023338       9.1041869       9.1595496     -0.60442603
       16.041751    -0.042977752    -0.038045043       9.2431131       9.3015005     -0.62772008
       16.274240    -0.043464117    -0.037995058       9.3822473       9.4437830     -0.65159948
       16.506729    -0.043788519    -0.037868938       9.5215918       9.5864029     -0.67607351
       16.739218    -0.043942488    -0.037662233       9.6611487       9.7293663     -0.70115213
       16.971707    -0.043918625    -0.037370506       9.8009199       9.8726791     -0.72684604
       17.204196    -0.043710770    -0.036989348       9.9409074       10.016347     -0.75316682
       17.436686    -0.043314186    -0.036514401       10.081113       10.160377     -0.78012703
       17.669175    -0.042725747    -0.035941380       10.221538       10.304774     -0.80774031
       17.901664    -0.041944139    -0.035266094       10.362185       10.449545     -0.83602155
       18.134153    -0.040970070    -0.034484475       10.503053       10.594696     -0.86498696
       18.366642    -0.039806489    -0.033592596       10.644145       10.740233     -0.89465431
       18.599131    -0.038458816    -0.032586707       10.785462       10.886163     -0.92504299
       18.831620    -0.036935180    -0.031463258       10.927003       11.032492     -0.95617426
       19.064110    -0.035246667    -0.030218931       11.068768       11.179227     -0.98807137
       19.296599    -0.033407572    -0.028850673       11.210759       11.326374      -1.0207598
       19.529088    -0.031435666    -0.027355724       11.352973       11.473939      -1.0542674
       19.761577    -0.029352457    -0.025731660       11.495411       11.621930      -1.0886248
       19.994066    -0.027183472    -0.023976420       11.638070       11.770353      -1.1238652
       20.226555    -0.024958524    -0.022088350       11.780949       11.919215      -1.1600251
       20.459044    -0.022711993    -0.020066234       11.924045       12.068522      -1.1971443
       20.691534    -0.020483106    -0.017909342       12.067354       12.218283      -1.2352662
       20.924023    -0.018316199    -0.015617462       12.210874       12.368503      -1.2744382
       21.156512    -0.016260991    -0.013190948       12.354598       12.519190      -1.3147117
       21.389001    -0.014372829    -0.010630754       12.498522       12.670350      -1.3561430
       21.621490    -0.012712930 -7.9384857E-003       12.642640       12.821993      -1.3987927
       21.853979    -0.011348593 -5.1164330E-003       12.786942       12.974123      -1.4427272
       22.086468    -0.010353390 -2.1676184E-003       12.931422       13.126750      -1.4880181
       22.318958 -9.8073216E-003  9.0416476E-004       13.076068       13.279880      -1.5347430
       22.551447 -9.7969268E-003  4.0943109E-003       13.220871       13.433521      -1.5829861
       22.783936    -0.010415349  7.3973646E-003       13.365816       13.587681      -1.6328381
       23.016425    -0.011762340     0.010806984       13.510891       13.742367      -1.6843973
       23.248914    -0.013944191     0.014315907       13.656080       13.897588      -1.7377694

Table series: Data for wavelength : 0.587562 µm.
   Y Angle (deg)       Tan Shift       Sag Shift     Real Height     Ref. Height      Distortion
  --------------  --------------  --------------  --------------  --------------  --------------
      0.00000000 -7.7992280E-003 -7.7992280E-003      0.00000000      0.00000000      0.00000000
      0.23248914 -7.7734333E-003 -7.8075634E-003      0.13129780      0.13129791 -8.0565295E-005
      0.46497828 -7.7054912E-003 -7.8325864E-003      0.26259930      0.26260014 -3.2242926E-004
      0.69746742 -7.5959727E-003 -7.8743469E-003      0.39390817      0.39391103 -7.2613886E-004
      0.92995657 -7.4458138E-003 -7.9329278E-003      0.52522809      0.52523488 -1.2925973E-003
       1.1624457 -7.2563113E-003 -8.0084439E-003      0.65656276      0.65657604 -2.0230663E-003
       1.3949348 -7.0291167E-003 -8.1010412E-003      0.78791582      0.78793883 -2.9191601E-003
       1.6274240 -6.7662265E-003 -8.2108965E-003      0.91929096      0.91932757 -3.9828563E-003
       1.8599131 -6.4699738E-003 -8.3382137E-003       1.0506918       1.0507466 -5.2164699E-003
       2.0924023 -6.1430155E-003 -8.4832245E-003       1.1821220       1.1822003 -6.6226635E-003
       2.3248914 -5.7883192E-003 -8.6461854E-003       1.3135852       1.3136930 -8.2044375E-003
       2.5573806 -5.4091475E-003 -8.8273749E-003       1.4450850       1.4452290 -9.9651239E-003
       2.7898697 -5.0090415E-003 -9.0270921E-003       1.5766249       1.5768127    -0.011908380
       3.0223588 -4.5918018E-003 -9.2456531E-003       1.7082086       1.7084484    -0.014038179
       3.2548480 -4.1614690E-003 -9.4833885E-003       1.8398395       1.8401405    -0.016358805
       3.4873371 -3.7223013E-003 -9.7406398E-003       1.9715213       1.9718935    -0.018874840
       3.7198263 -3.2787520E-003    -0.010017757       2.1032574       2.1037116    -0.021591157
       3.9523154 -2.8354443E-003    -0.010315092       2.2350513       2.2355993    -0.024512908
       4.1848045 -2.3971463E-003    -0.010633000       2.3669064       2.3675609    -0.027645516
       4.4172937 -1.9687429E-003    -0.010971831       2.4988262       2.4996010    -0.030994661
       4.6497828 -1.5552082E-003    -0.011331925       2.6308141       2.6317238    -0.034566269
       4.8822720 -1.1615755E-003    -0.011713614       2.7628735       2.7639339    -0.038366499
       5.1147611 -7.9290725E-004    -0.012117208       2.8950076       2.8962357    -0.042401732
       5.3472503 -4.5426334E-004    -0.012542999       3.0272198       3.0286336    -0.046678557
       5.5797394 -1.5066911E-004    -0.012991251       3.1595134       3.1611321    -0.051203755
       5.8122285  1.1291758E-004    -0.013462196       3.2918917       3.2937357    -0.055984288
       6.0447177  3.3163998E-004    -0.013956031       3.4243578       3.4264488    -0.061027285
       6.2772068  5.0077638E-004    -0.014472908       3.5569149       3.5592761    -0.066340023
       6.5096960  6.1577431E-004    -0.015012934       3.6895662       3.6922220    -0.071929917
       6.7421851  6.7228519E-004    -0.015576165       3.8223149       3.8252911    -0.077804503
       6.9746742  6.6619886E-004    -0.016162595       3.9551639       3.9584879    -0.083971423
       7.2071634  5.9367822E-004    -0.016772157       4.0881165       4.0918170    -0.090438409
       7.4396525  4.5119323E-004    -0.017404716       4.2211755       4.2252830    -0.097213268
       7.6721417  2.3555510E-004    -0.018060061       4.3543441       4.3588906     -0.10430387
       7.9046308 -5.6050483E-005    -0.018737900       4.4876251       4.4926442     -0.11171812
       8.1371200 -4.2603089E-004    -0.019437859       4.6210216       4.6265487     -0.11946397
       8.3696091 -8.7635451E-004    -0.020159471       4.7545365       4.7606086     -0.12754937
       8.6020982 -1.4085205E-003    -0.020902173       4.8881726       4.8948287     -0.13598229
       8.8345874 -2.0235291E-003    -0.021665302       5.0219328       5.0292137     -0.14477066
       9.0670765 -2.7218539E-003    -0.022448088       5.1558201       5.1637683     -0.15392241
       9.2995657 -3.5034155E-003    -0.023249651       5.2898371       5.2984972     -0.16344540
       9.5320548 -4.3675569E-003    -0.024068993       5.4239867       5.4334053     -0.17334748
       9.7645439 -5.3130216E-003    -0.024904997       5.5582716       5.5684974     -0.18363638
       9.9970331 -6.3379328E-003    -0.025756421       5.6926947       5.7037783     -0.19431981
       10.229522 -7.4397762E-003    -0.026621894       5.8272587       5.8392528     -0.20540536
       10.462011 -8.6153849E-003    -0.027499912       5.9619663       5.9749259     -0.21690053
       10.694501 -9.8609270E-003    -0.028388834       6.0968202       6.1108025     -0.22881273
       10.926990    -0.011171897    -0.029286880       6.2318232       6.2468875     -0.24114925
       11.159479    -0.012543108    -0.030192129       6.3669778       6.3831858     -0.25391727
       11.391968    -0.013968694    -0.031102511       6.5022869       6.5197026     -0.26712384
       11.624457    -0.015442105    -0.032015813       6.6377530       6.6564427     -0.28077592
       11.856946    -0.016956120    -0.032929671       6.7733789       6.7934113     -0.29488032
       12.089435    -0.018502848    -0.033841570       6.9091672       6.9306135     -0.30944374
       12.321925    -0.020073748    -0.034748848       7.0451205       7.0680544     -0.32447277
       12.554414    -0.021659647    -0.035648687       7.1812415       7.2057391     -0.33997389
       12.786903    -0.023250761    -0.036538123       7.3175329       7.3436729     -0.35595348
       13.019392    -0.024836723    -0.037414038       7.4539972       7.4818610     -0.37241783
       13.251881    -0.026406622    -0.038273170       7.5906372       7.6203086     -0.38937315
       13.484370    -0.027949033    -0.039112109       7.7274554       7.7590211     -0.40682560
       13.716859    -0.029452071    -0.039927301       7.8644546       7.8980038     -0.42478129
       13.949348    -0.030903436    -0.040715054       8.0016372       8.0372621     -0.44324634
       14.181838    -0.032290472    -0.041471543       8.1390060       8.1768014     -0.46222684
       14.414327    -0.033600227    -0.042192809       8.2765635       8.3166271     -0.48172897
       14.646816    -0.034819528    -0.042874773       8.4143123       8.4567448     -0.50175895
       14.879305    -0.035935053    -0.043513236       8.5522550       8.5971600     -0.52232315
       15.111794    -0.036933416    -0.044103894       8.6903942       8.7378782     -0.54342807
       15.344283    -0.037801257    -0.044642338       8.8287323       8.8789052     -0.56508046
       15.576772    -0.038525342    -0.045124072       8.9672719       9.0202466     -0.58728729
       15.809262    -0.039092665    -0.045544517       9.1060154       9.1619082     -0.61005588
       16.041751    -0.039490563    -0.045899028       9.2449653       9.3038956     -0.63339394
       16.274240    -0.039706837    -0.046182902       9.3841238       9.4462147     -0.65730963
       16.506729    -0.039729883    -0.046391398       9.5234934       9.5888714     -0.68181165
       16.739218    -0.039548827    -0.046519743       9.6630761       9.7318716     -0.70690933
       16.971707    -0.039153669    -0.046563156       9.8028742       9.8752213     -0.73261269
       17.204196    -0.038535443    -0.046516864       9.9428895       10.018926     -0.75893259
       17.436686    -0.037686373    -0.046376116       10.083124       10.162993     -0.78588078
       17.669175    -0.036600048    -0.046136207       10.223580       10.307428     -0.81347005
       17.901664    -0.035271602    -0.045792498       10.364258       10.452236     -0.84171434
       18.134153    -0.033697896    -0.045340437       10.505160       10.597424     -0.87062887
       18.366642    -0.031877719    -0.044775584       10.646287       10.742999     -0.90023028
       18.599131    -0.029811988    -0.044093633       10.787641       10.888966     -0.93053679
       18.831620    -0.027503957    -0.043290442       10.929221       11.035333     -0.96156834
       19.064110    -0.024959438    -0.042362058       11.071029       11.182106     -0.99334675
       19.296599    -0.022187018    -0.041304743       11.213063       11.329290      -1.0258959
       19.529088    -0.019198287    -0.040115008       11.355326       11.476894      -1.0592421
       19.761577    -0.016008072    -0.038789640       11.497814       11.624923      -1.0934138
       19.994066    -0.012634666    -0.037325736       11.640528       11.773384      -1.1284424
       20.226555 -9.1000574E-003    -0.035720736       11.783465       11.922284      -1.1643621
       20.459044 -5.4301690E-003    -0.033972454       11.926624       12.071630      -1.2012103
       20.691534 -1.6550777E-003    -0.032079114       12.070002       12.221429      -1.2390276
       20.924023  2.1907652E-003    -0.030039384       12.213595       12.371687      -1.2778585
       21.156512  6.0683264E-003    -0.027852415       12.357399       12.522413      -1.3177512
       21.389001  9.9337983E-003    -0.025517871       12.501409       12.673613      -1.3587583
       21.621490     0.013738425    -0.023035968       12.645620       12.825294      -1.4009366
       21.853979     0.017428357    -0.020407509       12.790024       12.977464      -1.4443481
       22.086468     0.020944532    -0.017633917       12.934615       13.130130      -1.4890595
       22.318958     0.024222597    -0.014717271       13.079382       13.283300      -1.5351435
       22.551447     0.027192880    -0.011660334       13.224316       13.436981      -1.5826782
       22.783936     0.029780406 -8.4665874E-003       13.369406       13.591180      -1.6317481
       23.016425     0.031904989 -5.1402529E-003       13.514639       13.745906      -1.6824444
       23.248914     0.033481396 -1.6863197E-003       13.660000       13.901166      -1.7348649

Table series: Data for wavelength : 0.656273 µm.
   Y Angle (deg)       Tan Shift       Sag Shift     Real Height     Ref. Height      Distortion
  --------------  --------------  --------------  --------------  --------------  --------------
      0.00000000     0.014362371     0.014362371      0.00000000      0.00000000      0.00000000
      0.23248914     0.014388045     0.014353030      0.13131718      0.13131732 -1.0543720E-004
      0.46497828     0.014455493     0.014324992      0.26263804      0.26263896 -3.5085122E-004
      0.69746742     0.014564147     0.014278207      0.39396625      0.39396925 -7.6047459E-004
      0.92995657     0.014713079     0.014212593      0.52530550      0.52531251 -1.3352060E-003
       1.1624457     0.014901003     0.014128036      0.65665945      0.65667308 -2.0763009E-003
       1.3949348     0.015126279     0.014024393      0.78803176      0.78805528 -2.9853765E-003
       1.6274240     0.015386929     0.013901490      0.91942608      0.91946345 -4.0643786E-003
       1.8599131     0.015680638     0.013759125       1.0508461       1.0509019 -5.3156217E-003
       2.0924023     0.016004771     0.013597069       1.1822953       1.1823750 -6.7417549E-003
       2.3248914     0.016356386     0.013415071       1.3137775       1.3138871 -8.3457636E-003
       2.5573806     0.016732248     0.013212855       1.4452961       1.4454426    -0.010130963
       2.7898697     0.017128849     0.012990127       1.5768549       1.5770457    -0.012100992
       3.0223588     0.017542422     0.012746577       1.7084572       1.7087009    -0.014259805
       3.2548480     0.017968964     0.012481878       1.8401068       1.8404125    -0.016611661
       3.4873371     0.018404259     0.012195697       1.9718070       1.9721849    -0.019161121
       3.7198263     0.018843898     0.011887689       2.1035615       2.1040225    -0.021913033
       3.9523154     0.019283304     0.011557509       2.2353736       2.2359297    -0.024872522
       4.1848045     0.019717762     0.011204810       2.3672468       2.3679109    -0.028044983
       4.4172937     0.020142442     0.010829251       2.4991845       2.4999704    -0.031436065
       4.6497828     0.020552427     0.010430499       2.6311902       2.6321128    -0.035051665
       4.8822720     0.020942747     0.010008234       2.7632671       2.7643424    -0.038897908
       5.1147611     0.021308405  9.5621542E-003       2.8954187       2.8966637    -0.042981142
       5.3472503     0.021644411  9.0919786E-003       3.0276482       3.0290812    -0.047307919
       5.5797394     0.021945814  8.5974548E-003       3.1599589       3.1615993    -0.051884984
       5.8122285     0.022207733  8.0783625E-003       3.2923540       3.2942225    -0.056719262
       6.0447177     0.022425393  7.5345186E-003       3.4248368       3.4269553    -0.061817841
       6.2772068     0.022594160  6.9657827E-003       3.5574104       3.5598022    -0.067187958
       6.5096960     0.022709572  6.3720622E-003       3.6900780       3.6927677    -0.072836987
       6.7421851     0.022767376  5.7533182E-003       3.8228428       3.8258565    -0.078772419
       6.9746742     0.022763562  5.1095702E-003       3.9557077       3.9590730    -0.085001853
       7.2071634     0.022694399  4.4409024E-003       4.0886759       4.0924218    -0.091532976
       7.4396525     0.022556466  3.7474684E-003       4.2217504       4.2259075    -0.098373548
       7.6721417     0.022346692  3.0294975E-003       4.3549341       4.3595348     -0.10553139
       7.9046308     0.022062383  2.2872996E-003       4.4882301       4.4933082     -0.11301437
       8.1371200     0.021701259  1.5212709E-003       4.6216414       4.6272325     -0.12083037
       8.3696091     0.021261487  7.3189931E-004       4.7551707       4.7613122     -0.12898730
       8.6020982     0.020741706 -8.0230083E-005       4.8888211       4.8955522     -0.13749308
       8.8345874     0.020141063 -9.1443002E-004       5.0225954       5.0299570     -0.14635559
       9.0670765     0.019459239 -1.7699058E-003       5.1564963       5.1645315     -0.15558269
       9.2995657     0.018696475 -2.6457503E-003       5.2905269       5.2992803     -0.16518222
       9.5320548     0.017853596 -3.5409392E-003       5.4246897       5.4342084     -0.17516193
       9.7645439     0.016932038 -4.4543262E-003       5.5589877       5.5693204     -0.18552954
       9.9970331     0.015933864 -5.3846388E-003       5.6934236       5.7046213     -0.19629266
       10.229522     0.014861783 -6.3304740E-003       5.8280000       5.8401159     -0.20745884
       10.462011     0.013719169 -7.2902943E-003       5.9627199       5.9758090     -0.21903553
       10.694501     0.012510071 -8.2624241E-003       6.0975858       6.1117057     -0.23103006
       10.926990     0.011239221 -9.2450464E-003       6.2326005       6.2478108     -0.24344967
       11.159479  9.9120464E-003    -0.010236200       6.3677666       6.3841293     -0.25630146
       11.391968  8.5346667E-003    -0.011233776       6.5030869       6.5206662     -0.26959245
       11.624457  7.1138969E-003    -0.012235518       6.6385641       6.6574265     -0.28332949
       11.856946  5.6572419E-003    -0.013239015       6.7742007       6.7944154     -0.29751935
       12.089435  4.1728879E-003    -0.014241708       6.9099994       6.9316378     -0.31216865
       12.321925  2.6696898E-003    -0.015240881       7.0459630       7.0690990     -0.32728391
       12.554414  1.1571539E-003    -0.016233668       7.1820941       7.2068041     -0.34287153
       12.786903 -3.5458396E-004    -0.017217045       7.3183952       7.3447583     -0.35893782
       13.019392 -1.8547852E-003    -0.018187840       7.4548691       7.4829668     -0.37548897
       13.251881 -3.3321408E-003    -0.019142726       7.5915184       7.6214349     -0.39253112
       13.484370 -4.7748088E-003    -0.020078229       7.7283458       7.7601679     -0.41007034
       13.716859 -6.1704565E-003    -0.020990729       7.8653538       7.8991711     -0.42811265
       13.949348 -7.5063095E-003    -0.021876461       8.0025451       8.0384500     -0.44666405
       14.181838 -8.7692060E-003    -0.022731521       8.1399224       8.1780099     -0.46573056
       14.414327 -9.9456582E-003    -0.023551873       8.2774882       8.3178563     -0.48531823
       14.646816    -0.011021918    -0.024333351       8.4152451       8.4579947     -0.50543317
       14.879305    -0.011984053    -0.025071668       8.5531958       8.5984306     -0.52608162
       15.111794    -0.012818023    -0.025762422       8.6913428       8.7391697     -0.54726996
       15.344283    -0.013509770    -0.026401106       8.8296887       8.8802175     -0.56900478
       15.576772    -0.014045314    -0.026983115       8.9682359       9.0215798     -0.59129291
       15.809262    -0.014410850    -0.027503758       9.1069869       9.1632623     -0.61414151
       16.041751    -0.014592860    -0.027958271       9.2459442       9.3052707     -0.63755810
       16.274240    -0.014578231    -0.028341823       9.3851101       9.4476109     -0.66155065
       16.506729    -0.014354375    -0.028649536       9.5244870       9.5902887     -0.68612766
       16.739218    -0.013909366    -0.028876496       9.6640771       9.7333100     -0.71129823
       16.971707    -0.013232074    -0.029017769       9.8038826       9.8766808     -0.73707214
       17.204196    -0.012312321    -0.029068418       9.9439054       10.020407     -0.76345997
       17.436686    -0.011141027    -0.029023522       10.084148       10.164495     -0.79047319
       17.669175 -9.7103838E-003    -0.028878191       10.224611       10.308951     -0.81812426
       17.901664 -8.0140183E-003    -0.028627591       10.365297       10.453781     -0.84642678
       18.134153 -6.0471760E-003    -0.028266961       10.506207       10.598990     -0.87539558
       18.366642 -3.8069061E-003    -0.027791640       10.647343       10.744587     -0.90504689
       18.599131 -1.2922542E-003    -0.027197085       10.788706       10.890576     -0.93539845
       18.831620  1.4955377E-003    -0.026478902       10.930295       11.036964     -0.96646970
       19.064110  4.5528259E-003    -0.025632868       11.072113       11.183758     -0.99828192
       19.296599  7.8733552E-003    -0.024654958       11.214158       11.330965      -1.0308584
       19.529088     0.011448045    -0.023541376       11.356432       11.478590      -1.0642247
       19.761577     0.015264772    -0.022288582       11.498933       11.626641      -1.0984086
       19.994066     0.019308152    -0.020893323       11.641660       11.775124      -1.1334407
       20.226555     0.023559330    -0.019352662       11.784612       11.924046      -1.1693542
       20.459044     0.027995755    -0.017664016       11.927786       12.073414      -1.2061856
       20.691534     0.032590982    -0.015825180       12.071181       12.223235      -1.2439745
       20.924023     0.037314468    -0.013834366       12.214793       12.373516      -1.2827640
       21.156512     0.042131387    -0.011690235       12.358618       12.524264      -1.3226012
       21.389001     0.047002459 -9.3919275E-003       12.502651       12.675486      -1.3635370
       21.621490     0.051883799 -6.9391006E-003       12.646887       12.827190      -1.4056269
       21.853979     0.056726798 -4.3319583E-003       12.791320       12.979382      -1.4489309
       22.086468     0.061478033 -1.5712836E-003       12.935942       13.132071      -1.4935140
       22.318958     0.066079212  1.3415306E-003       13.080744       13.285263      -1.5394464
       22.551447     0.070467179  4.4044534E-003       13.225716       13.438966      -1.5868041
       22.783936     0.074573964  7.6147888E-003       13.370849       13.593189      -1.6356690
       23.016425     0.078326906     0.010969153       13.516130       13.747938      -1.6861291
       23.248914     0.081648855     0.014463454       13.661544       13.903221      -1.7382795
