Results for:	
File:	C:\Users\User\OneDrive - Massachusetts Institute of Technology\Documents\MIT\Grad School\Classes\2.156\Lens Project\Prime Lenses\US008203795_Example05P.zmx
Title:	US 8,203,795 Example 5 (Samsung 60mm F2.8 Macro ED SSA OIS)
Date:	11/7/2025 5:40:01 PM

0 message(s) in output.
3 series table(s) in output.

Table series: Data for wavelength : 0.486133 µm.
   Y Angle (deg)       Tan Shift       Sag Shift     Real Height     Ref. Height      Distortion
  --------------  --------------  --------------  --------------  --------------  --------------
      0.00000000     0.012822907     0.012822907      0.00000000      0.00000000      0.00000000
     0.085874529     0.012804261     0.012803817      0.13971814      0.13971819 -3.6136298E-005
      0.17174906     0.012740145     0.012746572      0.27943653      0.27943701 -1.6977893E-004
      0.25762359     0.012630687     0.012651243      0.41915543      0.41915708 -3.9254208E-004
      0.34349812     0.012476107     0.012517947      0.55887510      0.55887904 -7.0446385E-004
      0.42937264     0.012276709     0.012346851      0.69859578      0.69860350 -1.1055976E-003
      0.51524717     0.012032890     0.012138168      0.83831773      0.83833111 -1.5960117E-003
      0.60112170     0.011745134     0.011892157      0.97804120      0.97806248 -2.1757898E-003
      0.68699623     0.011414010     0.011609127       1.1177664       1.1177982 -2.8450307E-003
      0.77287076     0.011040178     0.011289432       1.2574937       1.2575390 -3.6038479E-003
      0.85874529     0.010624382     0.010933474       1.3972233       1.3972855 -4.4523699E-003
      0.94461982     0.010167453     0.010541703       1.5369553       1.5370382 -5.3907402E-003
       1.0304943  9.6703033E-003     0.010114614       1.6766902       1.6767978 -6.4191167E-003
       1.1163689  9.1339325E-003  9.6527512E-003       1.8164281       1.8165650 -7.5376721E-003
       1.2022434  8.5594204E-003  9.1567051E-003       1.9561692       1.9563403 -8.7465936E-003
       1.2881179  7.9479282E-003  8.6271126E-003       2.0959139       2.0961244    -0.010046083
       1.3739925  7.3006973E-003  8.0646581E-003       2.2356623       2.2359180    -0.011436355
       1.4598670  6.6190472E-003  7.4700730E-003       2.3754147       2.3757216    -0.012917639
       1.5457415  5.9043746E-003  6.8441351E-003       2.5151713       2.5155359    -0.014490181
       1.6316160  5.1581514E-003  6.1876693E-003       2.6549325       2.6553614    -0.016154235
       1.7174906  4.3819237E-003  5.5015471E-003       2.7946983       2.7951990    -0.017910074
       1.8033651  3.5773092E-003  4.7866865E-003       2.9344692       2.9350491    -0.019757980
       1.8892396  2.7459963E-003  4.0440521E-003       3.0742451       3.0749124    -0.021698252
       1.9751142  1.8897418E-003  3.2746552E-003       3.2140266       3.2147895    -0.023731200
       2.0609887  1.0103698E-003  2.4795532E-003       3.3538136       3.3546811    -0.025857145
       2.1468632  1.0976607E-004  1.6598506E-003       3.4936066       3.4945877    -0.028076423
       2.2327378 -8.1011647E-004  8.1669714E-004       3.6334056       3.6345101    -0.030389381
       2.3186123 -1.7472673E-003 -4.8710424E-005       3.7732110       3.7744489    -0.032796378
       2.4044868 -2.6996167E-003 -9.3512934E-004       3.9130229       3.9144046    -0.035297786
       2.4903613 -3.6650388E-003 -1.8412707E-003       4.0528416       4.0543780    -0.037893987
       2.5762359 -4.6413535E-003 -2.7657990E-003       4.1926673       4.1943696    -0.040585374
       2.6621104 -5.6263289E-003 -3.7073343E-003       4.3325001       4.3343801    -0.043372352
       2.7479849 -6.6176835E-003 -4.6644489E-003       4.4723404       4.4744101    -0.046255335
       2.8338595 -7.6130885E-003 -5.6356700E-003       4.6121883       4.6144602    -0.049234749
       2.9197340 -8.6101701E-003 -6.6194786E-003       4.7520440       4.7545312    -0.052311030
       3.0056085 -9.6065118E-003 -7.6143099E-003       4.8919077       4.8946235    -0.055484622
       3.0914830    -0.010599657 -8.6185532E-003       5.0317797       5.0347379    -0.058755980
       3.1773576    -0.011587110 -9.6305519E-003       5.1716601       5.1748750    -0.062125567
       3.2632321    -0.012566341    -0.010648604       5.3115491       5.3150354    -0.065593856
       3.3491066    -0.013534787    -0.011670959       5.4514469       5.4552198    -0.069161327
       3.4349812    -0.014489851    -0.012695826       5.5913537       5.5954287    -0.072828470
       3.5208557    -0.015428911    -0.013721363       5.7312696       5.7356629    -0.076595781
       3.6067302    -0.016349317    -0.014745684       5.8711950       5.8759230    -0.080463765
       3.6926047    -0.017248393    -0.015766857       6.0111299       6.0162095    -0.084432933
       3.7784793    -0.018123445    -0.016782903       6.1510745       6.1565232    -0.088503804
       3.8643538    -0.018971754    -0.017791799       6.2910290       6.2968647    -0.092676901
       3.9502283    -0.019790588    -0.018791472       6.4309935       6.4372346    -0.096952757
       4.0361029    -0.020577196    -0.019779807       6.5709683       6.5776336     -0.10133191
       4.1219774    -0.021328814    -0.020754639       6.7109535       6.7180622     -0.10581489
       4.2078519    -0.022042668    -0.021713757       6.8509493       6.8585212     -0.11040227
       4.2937264    -0.022715970    -0.022654904       6.9909557       6.9990112     -0.11509458
       4.3796010    -0.023345928    -0.023575776       7.1309730       7.1395328     -0.11989238
       4.4654755    -0.023929741    -0.024474020       7.2710014       7.2800867     -0.12479624
       4.5513500    -0.024464602    -0.025347237       7.4110409       7.4206734     -0.12980672
       4.6372246    -0.024947702    -0.026192979       7.5510917       7.5612938     -0.13492438
       4.7230991    -0.025376228    -0.027008750       7.6911540       7.7019483     -0.14014981
       4.8089736    -0.025747367    -0.027792005       7.8312279       7.8426376     -0.14548357
       4.8948481    -0.026058305    -0.028540153       7.9713135       7.9833625     -0.15092625
       4.9807227    -0.026306228    -0.029250548       8.1114110       8.1241235     -0.15647842
       5.0665972    -0.026488325    -0.029920500       8.2515204       8.2649212     -0.16214066
       5.1524717    -0.026601785    -0.030547265       8.3916420       8.4057564     -0.16791357
       5.2383463    -0.026643800    -0.031128049       8.5317758       8.5466296     -0.17379772
       5.3242208    -0.026611565    -0.031660007       8.6719219       8.6875416     -0.17979370
       5.4100953    -0.026502277    -0.032140241       8.8120806       8.8284929     -0.18590210
       5.4959698    -0.026313134    -0.032565803       8.9522518       8.9694843     -0.19212351
       5.5818444    -0.026041338    -0.032933688       9.0924357       9.1105163     -0.19845853
       5.6677189    -0.025684091    -0.033240838       9.2326324       9.2515897     -0.20490773
       5.7535934    -0.025238596    -0.033484142       9.3728421       9.3927050     -0.21147172
       5.8394680    -0.024702054    -0.033660431       9.5130647       9.5338629     -0.21815108
       5.9253425    -0.024071664    -0.033766480       9.6533005       9.6750642     -0.22494641
       6.0112170    -0.023344623    -0.033799006       9.7935494       9.8163093     -0.23185829
       6.0970915    -0.022518121    -0.033754667       9.9338117       9.9575991     -0.23888733
       6.1829661    -0.021589340    -0.033630063       10.074087       10.098934     -0.24603411
       6.2688406    -0.020555452    -0.033421729       10.214376       10.240315     -0.25329923
       6.3547151    -0.019413615    -0.033126142       10.354679       10.381742     -0.26068328
       6.4405897    -0.018160971    -0.032739713       10.494995       10.523217     -0.26818685
       6.5264642    -0.016794642    -0.032258788       10.635325       10.664740     -0.27581053
       6.6123387    -0.015311726    -0.031679647       10.775669       10.806311     -0.28355493
       6.6982133    -0.013709294    -0.030998501       10.916027       10.947931     -0.29142062
       6.7840878    -0.011984383    -0.030211492       11.056398       11.089601     -0.29940822
       6.8699623    -0.010133992    -0.029314690       11.196784       11.231322     -0.30751831
       6.9558368 -8.1550768E-003    -0.028304091       11.337183       11.373094     -0.31575150
       7.0417114 -6.0445447E-003    -0.027175618       11.477597       11.514918     -0.32410838
       7.1275859 -3.7992467E-003    -0.025925113       11.618025       11.656794     -0.33258955
       7.2134604 -1.4159714E-003    -0.024548341       11.758467       11.798724     -0.34119563
       7.2993350  1.1085625E-003    -0.023040983       11.898923       11.940707     -0.34992721
       7.3852095  3.7777142E-003    -0.021398638       12.039394       12.082745     -0.35878491
       7.4710840  6.5949290E-003    -0.019616814       12.179879       12.224838     -0.36776935
       7.5569585  9.5637479E-003    -0.017690934       12.320378       12.366987     -0.37688114
       7.6428331     0.012687816    -0.015616324       12.460892       12.509192     -0.38612092
       7.7287076     0.015970895    -0.013388218       12.601420       12.651455     -0.39548932
       7.8145821     0.019416871    -0.011001750       12.741962       12.793775     -0.40498698
       7.9004567     0.023029769 -8.4519508E-003       12.882519       12.936155     -0.41461456
       7.9863312     0.026813762 -5.7337469E-003       13.023091       13.078593     -0.42437270
       8.0722057     0.030773187 -2.8419552E-003       13.163677       13.221091     -0.43426210
       8.1580802     0.034912559  2.2872015E-004       13.304278       13.363650     -0.44428343
       8.2439548     0.039236580  3.4836925E-003       13.444893       13.506270     -0.45443739
       8.3298293     0.043750163  6.9284965E-003       13.585522       13.648952     -0.46472470
       8.4157038     0.048458440     0.010568793       13.726166       13.791697     -0.47514609
       8.5015784     0.053366785     0.014410372       13.866825       13.934505     -0.48570232
       8.5874529     0.058480830     0.018459160       14.007498       14.077377     -0.49639416

Table series: Data for wavelength : 0.587562 µm.
   Y Angle (deg)       Tan Shift       Sag Shift     Real Height     Ref. Height      Distortion
  --------------  --------------  --------------  --------------  --------------  --------------
      0.00000000      0.14101528      0.14101528      0.00000000      0.00000000      0.00000000
     0.085874529      0.14097033      0.14098630      0.13963893      0.13963899 -4.1035474E-005
      0.17174906      0.14082404      0.14089940      0.27927814      0.27927860 -1.6458036E-004
      0.25762359      0.14057652      0.14075465      0.41891792      0.41891947 -3.7039792E-004
      0.34349812      0.14022800      0.14055216      0.55855855      0.55856222 -6.5860467E-004
      0.42937264      0.13977877      0.14029208      0.69820030      0.69820749 -1.0292274E-003
      0.51524717      0.13922920      0.13997464      0.83784347      0.83785589 -1.4823271E-003
      0.60112170      0.13857977      0.13960007      0.97748832      0.97750805 -2.0179678E-003
      0.68699623      0.13783103      0.13916868       1.1171352       1.1171646 -2.6362770E-003
      0.77287076      0.13698361      0.13868081       1.2567842       1.2568262 -3.3373061E-003
      0.85874529      0.13603824      0.13813685       1.3964359       1.3964934 -4.1211894E-003
      0.94461982      0.13499570      0.13753724       1.5360903       1.5361669 -4.9880529E-003
       1.0304943      0.13385690      0.13688246       1.6757478       1.6758473 -5.9380356E-003
       1.1163689      0.13262278      0.13617304       1.8154087       1.8155352 -6.9712887E-003
       1.2022434      0.13129439      0.13540954       1.9550732       1.9552313 -8.0879765E-003
       1.2881179      0.12987285      0.13459259       2.0947416       2.0949362 -9.2882753E-003
       1.3739925      0.12835936      0.13372285       2.2344143       2.2346505    -0.010572374
       1.4598670      0.12675518      0.13280102       2.3740913       2.3743749    -0.011940473
       1.5457415      0.12506167      0.13182787       2.5137732       2.5141099    -0.013392786
       1.6316160      0.12328023      0.13080419       2.6534600       2.6538562    -0.014929536
       1.7174906      0.12141236      0.12973082       2.7931521       2.7936145    -0.016550960
       1.8033651      0.11945960      0.12860866       2.9328497       2.9333853    -0.018257305
       1.8892396      0.11742359      0.12743864       3.0725531       3.0731693    -0.020048829
       1.9751142      0.11530599      0.12622174       3.2122626       3.2129671    -0.021925802
       2.0609887      0.11310858      0.12495897       3.3519785       3.3527794    -0.023888502
       2.1468632      0.11083314      0.12365142       3.4917009       3.4926068    -0.025937220
       2.2327378      0.10848156      0.12230020       3.6314301       3.6324498    -0.028072255
       2.3186123      0.10605574      0.12090645       3.7711665       3.7723093    -0.030293918
       2.4044868      0.10355768      0.11947139       3.9109102       3.9121857    -0.032602528
       2.4903613      0.10098940      0.11799626       4.0506615       4.0520797    -0.034998413
       2.5762359     0.098352980      0.11648236       4.1904207       4.1919919    -0.037481910
       2.6621104     0.095650543      0.11493101       4.3301880       4.3319230    -0.040053365
       2.7479849     0.092884260      0.11334360       4.4699636       4.4718737    -0.042713133
       2.8338595     0.090056346      0.11172155       4.6097478       4.6118444    -0.045461574
       2.9197340     0.087169053      0.11006632       4.7495409       4.7518360    -0.048299060
       3.0056085     0.084224671      0.10837943       4.8893430       4.8918489    -0.051225966
       3.0914830     0.081225524      0.10666244       5.0291544       5.0318839    -0.054242676
       3.1773576     0.078173971      0.10491694       5.1689754       5.1719415    -0.057349581
       3.2632321     0.075072400      0.10314458       5.3088062       5.3120225    -0.060547077
       3.3491066     0.071923224      0.10134704       5.4486470       5.4521274    -0.063835565
       3.4349812     0.068728884     0.099526048       5.5884980       5.5922569    -0.067215454
       3.5208557     0.065491843     0.097683386       5.7283595       5.7324115    -0.070687156
       3.6067302     0.062214583     0.095820868       5.8682316       5.8725921    -0.074251088
       3.6926047     0.058899605     0.093940357       6.0081147       6.0127991    -0.077907672
       3.7784793     0.055549425     0.092043757       6.1480089       6.1530333    -0.081657333
       3.8643538     0.052166572     0.090133018       6.2879144       6.2932952    -0.085500500
       3.9502283     0.048753586     0.088210132       6.4278315       6.4335855    -0.089437605
       4.0361029     0.045313016     0.086277138       6.5677603       6.5739049    -0.093469083
       4.1219774     0.041847416     0.084336115       6.7077012       6.7142540    -0.097595369
       4.2078519     0.038359347     0.082389189       6.8476542       6.8546333     -0.10181690
       4.2937264     0.034851369     0.080438530       6.9876196       6.9950437     -0.10613413
       4.3796010     0.031326045     0.078486351       7.1275975       7.1354856     -0.11054748
       4.4654755     0.027785936     0.076534912       7.2675883       7.2759598     -0.11505740
       4.5513500     0.024233601     0.074586515       7.4075920       7.4164669     -0.11966434
       4.6372246     0.020671590     0.072643508       7.5476089       7.5570075     -0.12436873
       4.7230991     0.017102453     0.070708286       7.6876392       7.6975823     -0.12917102
       4.8089736     0.013528728     0.068783288       7.8276831       7.8381919     -0.13407165
       4.8948481  9.9529462E-003     0.066870999       7.9677407       7.9788370     -0.13907105
       4.9807227  6.3776277E-003     0.064973950       8.1078123       8.1195181     -0.14416967
       5.0665972  2.8052820E-003     0.063094719       8.2478979       8.2602361     -0.14936794
       5.1524717 -7.6159227E-004     0.061235931       8.3879979       8.4009914     -0.15466629
       5.2383463 -4.3205095E-003     0.059400259       8.5281124       8.5417848     -0.16006516
       5.3242208 -7.8689966E-003     0.057590423       8.6682415       8.6826169     -0.16556497
       5.4100953    -0.011404593     0.055809192       8.8083855       8.8234883     -0.17116614
       5.4959698    -0.014924853     0.054059383       8.9485445       8.9643998     -0.17686910
       5.5818444    -0.018427340     0.052343865       9.0887187       9.1053518     -0.18267426
       5.6677189    -0.021909635     0.050665555       9.2289083       9.2463452     -0.18858203
       5.7535934    -0.025369326     0.049027423       9.3691134       9.3873805     -0.19459282
       5.8394680    -0.028804016     0.047432489       9.5093342       9.5284585     -0.20070703
       5.9253425    -0.032211316     0.045883827       9.6495709       9.6695797     -0.20692506
       6.0112170    -0.035588846     0.044384563       9.7898236       9.8107448     -0.21324730
       6.0970915    -0.038934232     0.042937881       9.9300926       9.9519544     -0.21967414
       6.1829661    -0.042245108     0.041547015       10.070378       10.093209     -0.22620594
       6.2688406    -0.045519108     0.040215262       10.210680       10.234510     -0.23284310
       6.3547151    -0.048753868     0.038945971       10.350998       10.375857     -0.23958597
       6.4405897    -0.051947021     0.037742553       10.491334       10.517252     -0.24643491
       6.5264642    -0.055096195     0.036608479       10.631686       10.658694     -0.25339029
       6.6123387    -0.058199008     0.035547281       10.772056       10.800185     -0.26045245
       6.6982133    -0.061253067     0.034562555       10.912443       10.941725     -0.26762173
       6.7840878    -0.064255959     0.033657960       11.052847       11.083315     -0.27489846
       6.8699623    -0.067205250     0.032837223       11.193269       11.224955     -0.28228299
       6.9558368    -0.070098480     0.032104137       11.333709       11.366647     -0.28977562
       7.0417114    -0.072933155     0.031462568       11.474167       11.508390     -0.29737668
       7.1275859    -0.075706745     0.030916450       11.614643       11.650186     -0.30508647
       7.2134604    -0.078416671     0.030469794       11.755137       11.792035     -0.31290531
       7.2993350    -0.081060307     0.030126685       11.895650       11.933938     -0.32083349
       7.3852095    -0.083634963     0.029891287       12.036181       12.075895     -0.32887130
       7.4710840    -0.086137885     0.029767846       12.176731       12.217908     -0.33701904
       7.5569585    -0.088566243     0.029760689       12.317300       12.359976     -0.34527699
       7.6428331    -0.090917120     0.029874229       12.457888       12.502101     -0.35364543
       7.7287076    -0.093187506     0.030112971       12.598495       12.644283     -0.36212464
       7.8145821    -0.095374287     0.030481508       12.739122       12.786523     -0.37071489
       7.9004567    -0.097474231     0.030984530       12.879767       12.928821     -0.37941647
       7.9863312    -0.099483980     0.031626824       13.020433       13.071179     -0.38822964
       8.0722057     -0.10140004     0.032413280       13.161118       13.213597     -0.39715467
       8.1580802     -0.10321875     0.033348893       13.301823       13.356075     -0.40619185
       8.2439548     -0.10493630     0.034438767       13.442549       13.498614     -0.41534144
       8.3298293     -0.10654869     0.035688120       13.583294       13.641215     -0.42460372
       8.4157038     -0.10805173     0.037102286       13.724060       13.783879     -0.43397898
       8.5015784     -0.10944099     0.038686724       13.864846       13.926606     -0.44346751
       8.5874529     -0.11071185     0.040447016       14.005653       14.069397     -0.45306961

Table series: Data for wavelength : 0.656273 µm.
   Y Angle (deg)       Tan Shift       Sag Shift     Real Height     Ref. Height      Distortion
  --------------  --------------  --------------  --------------  --------------  --------------
      0.00000000      0.26646761      0.26646761      0.00000000      0.00000000      0.00000000
     0.085874529      0.26641172      0.26643451      0.13957517      0.13957552 -2.5166480E-004
      0.17174906      0.26623134      0.26633526      0.27915063      0.27915167 -3.7152659E-004
      0.25762359      0.26592659      0.26616992      0.41872668      0.41872907 -5.7119468E-004
      0.34349812      0.26549767      0.26593859      0.55830361      0.55830836 -8.5057167E-004
      0.42937264      0.26494487      0.26564145      0.69788170      0.69789015 -1.2098469E-003
      0.51524717      0.26426857      0.26527869      0.83746126      0.83747508 -1.6490773E-003
      0.60112170      0.26346924      0.26485056      0.97704258      0.97706377 -2.1683327E-003
      0.68699623      0.26254742      0.26435736       1.1166259       1.1166568 -2.7676951E-003
      0.77287076      0.26150373      0.26379943       1.2562116       1.2562549 -3.4472590E-003
      0.85874529      0.26033889      0.26317715       1.3958000       1.3958587 -4.2071313E-003
      0.94461982      0.25905369      0.26249095       1.5353912       1.5354687 -5.0474310E-003
       1.0304943      0.25764899      0.26174132       1.6749856       1.6750856 -5.9682893E-003
       1.1163689      0.25612575      0.26092876       1.8145836       1.8147101 -6.9698494E-003
       1.2022434      0.25448499      0.26005385       1.9541853       1.9543427 -8.0522661E-003
       1.2881179      0.25272782      0.25911720       2.0937911       2.0939841 -9.2157060E-003
       1.3739925      0.25085542      0.25811945       2.2334012       2.2336349    -0.010460347
       1.4598670      0.24886905      0.25706132       2.3730160       2.3732957    -0.011786379
       1.5457415      0.24677002      0.25594354       2.5126356       2.5129672    -0.013194002
       1.6316160      0.24455973      0.25476691       2.6522605       2.6526500    -0.014683428
       1.7174906      0.24223965      0.25353226       2.7918908       2.7923447    -0.016254879
       1.8033651      0.23981131      0.25224046       2.9315269       2.9320520    -0.017908588
       1.8892396      0.23727631      0.25089244       3.0711691       3.0717725    -0.019644796
       1.9751142      0.23463630      0.24948917       3.2108175       3.2115068    -0.021463758
       2.0609887      0.23189301      0.24803166       3.3504725       3.3512555    -0.023365736
       2.1468632      0.22904822      0.24652096       3.4901343       3.4910194    -0.025351002
       2.2327378      0.22610376      0.24495817       3.6298033       3.6307989    -0.027419838
       2.3186123      0.22306153      0.24334444       3.7694797       3.7705947    -0.029572533
       2.4044868      0.21992347      0.24168095       3.9091637       3.9104076    -0.031809387
       2.4903613      0.21669157      0.23996892       4.0488556       4.0502380    -0.034130706
       2.5762359      0.21336787      0.23820965       4.1885557       4.1900866    -0.036536805
       2.6621104      0.20995447      0.23640444       4.3282643       4.3299542    -0.039028009
       2.7479849      0.20645349      0.23455465       4.4679815       4.4698412    -0.041604645
       2.8338595      0.20286710      0.23266168       4.6077077       4.6097483    -0.044267053
       2.9197340      0.19919752      0.23072700       4.7474431       4.7496762    -0.047015575
       3.0056085      0.19544698      0.22875207       4.8871880       4.8896255    -0.049850560
       3.0914830      0.19161776      0.22673845       5.0269426       5.0295969    -0.052772367
       3.1773576      0.18771217      0.22468770       5.1667072       5.1695908    -0.055781354
       3.2632321      0.18373254      0.22260145       5.3064819       5.3096081    -0.058877890
       3.3491066      0.17968124      0.22048136       5.4462672       5.4496494    -0.062062345
       3.4349812      0.17556064      0.21832913       5.5860631       5.5897151    -0.065335094
       3.5208557      0.17137316      0.21614651       5.7258700       5.7298061    -0.068696518
       3.6067302      0.16712120      0.21393529       5.8656880       5.8699230    -0.072147000
       3.6926047      0.16280721      0.21169731       6.0055174       6.0100663    -0.075686926
       3.7784793      0.15843364      0.20943445       6.1453585       6.1502367    -0.079316684
       3.8643538      0.15400295      0.20714862       6.2852115       6.2904349    -0.083036667
       3.9502283      0.14951760      0.20484178       6.4250766       6.4306614    -0.086847267
       4.0361029      0.14498007      0.20251595       6.5649540       6.5709170    -0.090748879
       4.1219774      0.14039284      0.20017316       6.7048440       6.7112023    -0.094741898
       4.2078519      0.13575838      0.19781552       6.8447467       6.8515179    -0.098826721
       4.2937264      0.13107918      0.19544516       6.9846625       6.9918644     -0.10300374
       4.3796010      0.12635770      0.19306425       7.1245915       7.1322425     -0.10727336
       4.4654755      0.12159643      0.19067502       7.2645340       7.2726528     -0.11163598
       4.5513500      0.11679783      0.18827973       7.4044901       7.4130961     -0.11609197
       4.6372246      0.11196435      0.18588069       7.5444600       7.5535728     -0.12064175
       4.7230991      0.10709844      0.18348026       7.6844441       7.6940837     -0.12528569
       4.8089736      0.10220254      0.18108083       7.8244425       7.8346294     -0.13002420
       4.8948481     0.097279075      0.17868485       7.9644554       7.9752105     -0.13485764
       4.9807227     0.092330454      0.17629480       8.1044829       8.1158278     -0.13978641
       5.0665972     0.087359073      0.17391322       8.2445255       8.2564817     -0.14481089
       5.1524717     0.082367314      0.17154268       8.3845831       8.3971731     -0.14993144
       5.2383463     0.077357540      0.16918581       8.5246561       8.5379025     -0.15514845
       5.3242208     0.072332099      0.16684528       8.6647446       8.6786706     -0.16046226
       5.4100953     0.067293323      0.16452380       8.8048488       8.8194780     -0.16587325
       5.4959698     0.062243524      0.16222415       8.9449690       8.9603254     -0.17138176
       5.5818444     0.057184998      0.15994913       9.0851053       9.1012134     -0.17698815
       5.6677189     0.052120025      0.15770162       9.2252580       9.2421427     -0.18269276
       5.7535934     0.047050867      0.15548451       9.3654271       9.3831139     -0.18849592
       5.8394680     0.041979769      0.15330077       9.5056130       9.5241277     -0.19439795
       5.9253425     0.036908965      0.15115343       9.6458158       9.6651848     -0.20039919
       6.0112170     0.031840672      0.14904553       9.7860358       9.8062857     -0.20649994
       6.0970915     0.026777095      0.14698020       9.9262730       9.9474312     -0.21270051
       6.1829661     0.021720431      0.14496060       10.066528       10.088622     -0.21900119
       6.2688406     0.016672866      0.14298998       10.206800       10.229858     -0.22540228
       6.3547151     0.011636581      0.14107160       10.347090       10.371142     -0.23190405
       6.4405897  6.6137535E-003      0.13920880       10.487399       10.512472     -0.23850677
       6.5264642  1.6065607E-003      0.13740499       10.627725       10.653850     -0.24521071
       6.6123387 -3.3828175E-003      0.13566361       10.768071       10.795276     -0.25201612
       6.6982133 -8.3521956E-003      0.13398819       10.908434       10.936752     -0.25892323
       6.7840878    -0.013299372      0.13238231       11.048817       11.078278     -0.26593230
       6.8699623    -0.018222137      0.13084960       11.189219       11.219854     -0.27304353
       6.9558368    -0.023118256      0.12939378       11.329639       11.361481     -0.28025715
       7.0417114    -0.027985470      0.12801863       11.470080       11.503160     -0.28757336
       7.1275859    -0.032821491      0.12672799       11.610540       11.644891     -0.29499235
       7.2134604    -0.037623991      0.12552577       11.751019       11.786676     -0.30251433
       7.2993350    -0.042390598      0.12441598       11.891519       11.928514     -0.31013946
       7.3852095    -0.047118889      0.12340266       12.032039       12.070407     -0.31786791
       7.4710840    -0.051806384      0.12248998       12.172579       12.212355     -0.32569985
       7.5569585    -0.056450532      0.12168215       12.313140       12.354359     -0.33363543
       7.6428331    -0.061048709      0.12098349       12.453722       12.496419     -0.34167479
       7.7287076    -0.065598205      0.12039837       12.594324       12.638536     -0.34981807
       7.8145821    -0.070096213      0.11993130       12.734948       12.780712     -0.35806541
       7.9004567    -0.074539820      0.11958683       12.875593       12.922945     -0.36641692
       7.9863312    -0.078925998      0.11936965       13.016260       13.065238     -0.37487273
       8.0722057    -0.083251587      0.11928451       13.156949       13.207591     -0.38343295
       8.1580802    -0.087513285      0.11933629       13.297659       13.350004     -0.39209770
       8.2439548    -0.091707636      0.11952996       13.438392       13.492479     -0.40086708
       8.3298293    -0.095831011      0.11987060       13.579147       13.635015     -0.40974119
       8.4157038    -0.099879597      0.12036342       13.719925       13.777614     -0.41872015
       8.5015784     -0.10384938      0.12101373       13.860725       13.920276     -0.42780405
       8.5874529     -0.10773613      0.12182697       14.001548       14.063003     -0.43699300
