Results for:	
File:	C:\Users\User\OneDrive - Massachusetts Institute of Technology\Documents\MIT\Grad School\Classes\2.156\Lens Project\Prime Lenses\JP1978-087728_Example01P.zmx
Title:	JP 1978-087728 Example 1 (Mamiya-Sekor Macro C 80mm f4)
Date:	11/7/2025 5:24:45 PM

0 message(s) in output.
3 series table(s) in output.

Table series: Data for wavelength : 0.486133 µm.
   Y Angle (deg)       Tan Shift       Sag Shift     Real Height     Ref. Height      Distortion
  --------------  --------------  --------------  --------------  --------------  --------------
      0.00000000    -0.052239699    -0.052239699      0.00000000      0.00000000      0.00000000
      0.23556158    -0.052294147    -0.052303281      0.32941903      0.32941906 -9.1870156E-006
      0.47112316    -0.052461879    -0.052493954      0.65884913      0.65884925 -1.9027358E-005
      0.70668474    -0.052742766    -0.052811493      0.98830137      0.98830172 -3.5358632E-005
      0.94224632    -0.053136583    -0.053255526       1.3177868       1.3177876 -5.8076833E-005
       1.1778079    -0.053643015    -0.053825532       1.6473166       1.6473181 -8.7031670E-005
       1.4133695    -0.054261654    -0.054520838       1.9769018       1.9769042 -1.2204463E-004
       1.6489311    -0.054992001    -0.055340624       2.3065535       2.3065572 -1.6288160E-004
       1.8844926    -0.055833462    -0.056283918       2.6362828       2.6362883 -2.0927080E-004
       2.1200542    -0.056785353    -0.057349597       2.9661009       2.9661086 -2.6089798E-004
       2.3556158    -0.057846899    -0.058536389       3.2960189       3.2960293 -3.1740623E-004
       2.5911774    -0.059017232    -0.059842868       3.6260479       3.6260616 -3.7839561E-004
       2.8267389    -0.060295391    -0.061267457       3.9561993       3.9562168 -4.4342283E-004
       3.0623005    -0.061680325    -0.062808423       4.2864841       4.2865060 -5.1200089E-004
       3.2978621    -0.063170893    -0.064463882       4.6169136       4.6169406 -5.8359864E-004
       3.5334237    -0.064765859    -0.066231794       4.9474992       4.9475317 -6.5764034E-004
       3.7689853    -0.066463901    -0.068109961       5.2782521       5.2782908 -7.3350516E-004
       4.0045468    -0.068263601    -0.070096031       5.6091836       5.6092290 -8.1052665E-004
       4.2401084    -0.070163455    -0.072187491       5.9403051       5.9403579 -8.8799218E-004
       4.4756700    -0.072161866    -0.074381672       6.2716281       6.2716886 -9.6514230E-004
       4.7112316    -0.074257147    -0.076675739       6.6031639       6.6032327 -1.0411701E-003
       4.9467932    -0.076447524    -0.079066699       6.9349241       6.9350015 -1.1152206E-003
       5.1823547    -0.078731132    -0.081551395       7.2669203       7.2670065 -1.1863897E-003
       5.4179163    -0.081106015    -0.084126503       7.5991639       7.5992592 -1.2537239E-003
       5.6534779    -0.083570133    -0.086788532       7.9316667       7.9317711 -1.3162190E-003
       5.8890395    -0.086121354    -0.089533824       8.2644404       8.2645538 -1.3728195E-003
       6.1246011    -0.088757459    -0.092358550       8.5974966       8.5976189 -1.4224176E-003
       6.3601626    -0.091476144    -0.095258708       8.9308472       8.9309780 -1.4638522E-003
       6.5957242    -0.094275016    -0.098230121       9.2645041       9.2646427 -1.4959080E-003
       6.8312858    -0.097151597     -0.10126844       9.5984792       9.5986248 -1.5173142E-003
       7.0668474     -0.10010332     -0.10436912       9.9327845       9.9329361 -1.5267436E-003
       7.3024089     -0.10312754     -0.10752747       10.267432       10.267588 -1.5228114E-003
       7.5379705     -0.10622153     -0.11073857       10.602434       10.602593 -1.5040738E-003
       7.7735321     -0.10938246     -0.11399735       10.937803       10.937963 -1.4690269E-003
       8.0090937     -0.11260744     -0.11729854       11.273550       11.273710 -1.4161055E-003
       8.2446553     -0.11589348     -0.12063667       11.609689       11.609845 -1.3436810E-003
       8.4802168     -0.11923753     -0.12400608       11.946231       11.946381 -1.2500610E-003
       8.7157784     -0.12263643     -0.12740092       12.283190       12.283329 -1.1334868E-003
       8.9513400     -0.12608698     -0.13081513       12.620578       12.620703 -9.9213239E-004
       9.1869016     -0.12958586     -0.13424244       12.958407       12.958514 -8.2410255E-004
       9.4224632     -0.13312970     -0.13767639       13.296691       13.296774 -6.2743121E-004
       9.6580247     -0.13671505     -0.14111030       13.635442       13.635497 -4.0007965E-004
       9.8935863     -0.14033839     -0.14453728       13.974674       13.974693 -1.3993457E-004
       10.129148     -0.14399610     -0.14795020       14.314399       14.314377  1.5519383E-004
       10.364709     -0.14768451     -0.15134172       14.654631       14.654560  4.8757384E-004
       10.600271     -0.15139990     -0.15470430       14.995383       14.995254  8.5955444E-004
       10.835833     -0.15513843     -0.15803012       15.336669       15.336474  1.2735674E-003
       11.071394     -0.15889624     -0.16131116       15.678503       15.678231  1.7321297E-003
       11.306956     -0.16266938     -0.16453913       16.020897       16.020538  2.2378457E-003
       11.542517     -0.16645385     -0.16770553       16.363866       16.363409  2.7934097E-003
       11.778079     -0.17024557     -0.17080158       16.707424       16.706856  3.4016088E-003
       12.013641     -0.17404043     -0.17381826       17.051585       17.050892  4.0653251E-003
       12.249202     -0.17783423     -0.17674627       17.396363       17.395531  4.7875386E-003
       12.484764     -0.18162275     -0.17957606       17.741773       17.740785  5.5713305E-003
       12.720325     -0.18540169     -0.18229780       18.087830       18.086669  6.4198855E-003
       12.955887     -0.18916671     -0.18490137       18.434547       18.433195  7.3364955E-003
       13.191448     -0.19291345     -0.18737639       18.781941       18.780377  8.3245627E-003
       13.427010     -0.19663747     -0.18971217       19.130025       19.128230  9.3876027E-003
       13.662572     -0.20033432     -0.19189771       19.478816       19.476765     0.010529248
       13.898133     -0.20399949     -0.19392172       19.828328       19.825998     0.011753253
       14.133695     -0.20762846     -0.19577258       20.178578       20.175943     0.013063495
       14.369256     -0.21121668     -0.19743837       20.529581       20.526612     0.014463982
       14.604818     -0.21475957     -0.19890683       20.881353       20.878021     0.015958851
       14.840379     -0.21825253     -0.20016534       21.233911       21.230184     0.017552379
       15.075941     -0.22169096     -0.20120095       21.587270       21.583115     0.019248983
       15.311503     -0.22507025     -0.20200036       21.941447       21.936829     0.021053226
       15.547064     -0.22838577     -0.20254990       22.296460       22.291339     0.022969823
       15.782626     -0.23163293     -0.20283551       22.652325       22.646662     0.025003641
       16.018187     -0.23480711     -0.20284275       23.009059       23.002812     0.027159712
       16.253749     -0.23790375     -0.20255679       23.366681       23.359803     0.029443232
       16.489311     -0.24091828     -0.20196239       23.725207       23.717651     0.031859568
       16.724872     -0.24384619     -0.20104388       24.084656       24.076371     0.034414267
       16.960434     -0.24668298     -0.19978516       24.445047       24.435978     0.037113058
       17.195995     -0.24942425     -0.19816969       24.806398       24.796489     0.039961860
       17.431557     -0.25206561     -0.19618048       25.168727       25.157918     0.042966790
       17.667118     -0.25460276     -0.19380005       25.532055       25.520281     0.046134167
       17.902680     -0.25703150     -0.19101045       25.896399       25.883595     0.049470523
       18.138242     -0.25934771     -0.18779323       26.261781       26.247875     0.052982605
       18.373803     -0.26154735     -0.18412940       26.628221       26.613137     0.056677389
       18.609365     -0.26362655     -0.17999948       26.995738       26.979399     0.060562082
       18.844926     -0.26558152     -0.17538340       27.364354       27.346676     0.064644136
       19.080488     -0.26740867     -0.17026054       27.734089       27.714985     0.068931253
       19.316049     -0.26910454     -0.16460972       28.104966       28.084343     0.073431396
       19.551611     -0.27066585     -0.15840912       28.477005       28.454767     0.078152798
       19.787173     -0.27208956     -0.15163632       28.850230       28.826275     0.083103973
       20.022734     -0.27337280     -0.14426825       29.224664       29.198883     0.088293724
       20.258296     -0.27451298     -0.13628117       29.600328       29.572609     0.093731156
       20.493857     -0.27550776     -0.12765067       29.977247       29.947472     0.099425687
       20.729419     -0.27635510     -0.11835162       30.355445       30.323488      0.10538706
       20.964981     -0.27705325     -0.10835814       30.734946       30.700676      0.11162536
       21.200542     -0.27760084    -0.097643610       31.115775       31.079054      0.11815101
       21.436104     -0.27799685    -0.086180621       31.497957       31.458642      0.12497481
       21.671665     -0.27824067    -0.073940945       31.881519       31.839456      0.13210793
       21.907227     -0.27833214    -0.060895508       32.266486       32.221517      0.13956193
       22.142788     -0.27827157    -0.047014364       32.652886       32.604843      0.14734880
       22.378350     -0.27805980    -0.032266661       33.040747       32.989455      0.15548093
       22.613912     -0.27769823    -0.016620607       33.430096       33.375370      0.16397117
       22.849473     -0.27718885 -4.3434775E-005       33.820963       33.762610      0.17283281
       23.085035     -0.27653432     0.017498634       34.213376       34.151193      0.18207964
       23.320596     -0.27573802     0.036040427       34.607366       34.541141      0.19172595
       23.556158     -0.27480408     0.055617860       35.002963       34.932474      0.20178652

Table series: Data for wavelength : 0.587562 µm.
   Y Angle (deg)       Tan Shift       Sag Shift     Real Height     Ref. Height      Distortion
  --------------  --------------  --------------  --------------  --------------  --------------
      0.00000000 -1.8852819E-003 -1.8852819E-003      0.00000000      0.00000000      0.00000000
      0.23556158 -1.9420110E-003 -1.9539295E-003      0.32941380      0.32941381 -3.6325810E-006
      0.47112316 -2.1137345E-003 -2.1597992E-003      0.65883866      0.65883875 -1.4507652E-005
      0.70668474 -2.4003216E-003 -2.5026720E-003      0.98828565      0.98828597 -3.2564377E-005
      0.94224632 -2.8015494E-003 -2.9821829E-003       1.3177658       1.3177666 -5.7700106E-005
       1.1778079 -3.3171027E-003 -3.5978206E-003       1.6472903       1.6472918 -8.9770726E-005
       1.4133695 -3.9465742E-003 -4.3489271E-003       1.9768702       1.9768727 -1.2859161E-004
       1.6489311 -4.6894645E-003 -5.2346978E-003       2.3065165       2.3065205 -1.7393593E-004
       1.8844926 -5.5451821E-003 -6.2541808E-003       2.6362404       2.6362463 -2.2553544E-004
       2.1200542 -6.5130439E-003 -7.4062766E-003       2.9660529       2.9660613 -2.8308002E-004
       2.3556158 -7.5922746E-003 -8.6897374E-003       3.2959654       3.2959768 -3.4621739E-004
       2.5911774 -8.7820075E-003    -0.010103167       3.6259888       3.6260039 -4.1455287E-004
       2.8267389    -0.010081284    -0.011645019       3.9561345       3.9561537 -4.8764898E-004
       3.0623005    -0.011489055    -0.013313598       4.2864135       4.2864377 -5.6502509E-004
       3.2978621    -0.013004178    -0.015107056       4.6168372       4.6168670 -6.4615704E-004
       3.5334237    -0.014625422    -0.017023396       4.9474167       4.9474529 -7.3047664E-004
       3.7689853    -0.016351465    -0.019060464       5.2781635       5.2782067 -8.1737125E-004
       4.0045468    -0.018180891    -0.021215956       5.6090888       5.6091396 -9.0618320E-004
       4.2401084    -0.020112198    -0.023487411       5.9402040       5.9402632 -9.9620926E-004
       4.4756700    -0.022143791    -0.025872213       6.2715205       6.2715886 -1.0867000E-003
       4.7112316    -0.024273987    -0.028367587       6.6030497       6.6031274 -1.1768593E-003
       4.9467932    -0.026501011    -0.030970601       6.9348032       6.9348910 -1.2658434E-003
       5.1823547    -0.028823001    -0.033678161       7.2667924       7.2668907 -1.3527603E-003
       5.4179163    -0.031238006    -0.036487014       7.5990289       7.5991381 -1.4366691E-003
       5.6534779    -0.033743986    -0.039393740       7.9315244       7.9316447 -1.5165792E-003
       5.8890395    -0.036338812    -0.042394757       8.2642906       8.2644221 -1.5914491E-003
       6.1246011    -0.039020270    -0.045486315       8.5973391       8.5974819 -1.6601858E-003
       6.3601626    -0.041786055    -0.048664495       8.9306819       8.9308356 -1.7216440E-003
       6.5957242    -0.044633780    -0.051925209       9.2643306       9.2644951 -1.7746245E-003
       6.8312858    -0.047560967    -0.055264193       9.5982974       9.5984719 -1.8178739E-003
       7.0668474    -0.050565058    -0.058677012       9.9325941       9.9327778 -1.8500829E-003
       7.3024089    -0.053643404    -0.062159050       10.267233       10.267425 -1.8698855E-003
       7.5379705    -0.056793278    -0.065705515       10.602226       10.602424 -1.8758577E-003
       7.7735321    -0.060011864    -0.069311431       10.937585       10.937789 -1.8665160E-003
       8.0090937    -0.063296267    -0.072971637       11.273322       11.273530 -1.8403165E-003
       8.2446553    -0.066643508    -0.076680786       11.609451       11.609660 -1.7956534E-003
       8.4802168    -0.070050528    -0.080433340       11.945983       11.946190 -1.7308572E-003
       8.7157784    -0.073514187    -0.084223568       12.282931       12.283133 -1.6441939E-003
       8.9513400    -0.077031267    -0.088045542       12.620308       12.620502 -1.5338625E-003
       9.1869016    -0.080598470    -0.091893137       12.958126       12.958307 -1.3979945E-003
       9.4224632    -0.084212423    -0.095760022       13.296398       13.296562 -1.2346510E-003
       9.6580247    -0.087869675    -0.099639662       13.635137       13.635279 -1.0418222E-003
       9.8935863    -0.091566703     -0.10352531       13.974356       13.974471 -8.1742428E-004
       10.129148    -0.095299908     -0.10741001       14.314069       14.314149 -5.5929855E-004
       10.364709    -0.099065620     -0.11128659       14.654287       14.654326 -2.6520884E-004
       10.600271     -0.10286010     -0.11514764       14.995026       14.995015  6.7160359E-005
       10.835833     -0.10667954     -0.11898554       15.336297       15.336230  4.4020605E-004
       11.071394     -0.11052006     -0.12279245       15.678115       15.677981  8.5640901E-004
       11.306956     -0.11437772     -0.12656026       16.020494       16.020283  1.3183361E-003
       11.542517     -0.11824852     -0.13028065       16.363447       16.363148  1.8286427E-003
       11.778079     -0.12212839     -0.13394505       16.706989       16.706589  2.3900752E-003
       12.013641     -0.12601321     -0.13754464       17.051133       17.050620  3.0054736E-003
       12.249202     -0.12989879     -0.14107033       17.395893       17.395253  3.6777743E-003
       12.484764     -0.13378090     -0.14451279       17.741285       17.740502  4.4100129E-003
       12.720325     -0.13765525     -0.14786242       18.087322       18.086380  5.2053270E-003
       12.955887     -0.14151751     -0.15110934       18.434019       18.432901  6.0669596E-003
       13.191448     -0.14536330     -0.15424340       18.781392       18.780078  6.9982619E-003
       13.427010     -0.14918819     -0.15725414       19.129455       19.127925  8.0026967E-003
       13.662572     -0.15298771     -0.16013086       19.478224       19.476455  9.0838419E-003
       13.898133     -0.15675738     -0.16286250       19.827714       19.825682     0.010245394
       14.133695     -0.16049266     -0.16543774       20.177939       20.175621     0.011491172
       14.369256     -0.16418898     -0.16784493       20.528918       20.526285     0.012825122
       14.604818     -0.16784178     -0.17007210       20.880664       20.877689     0.014251317
       14.840379     -0.17144645     -0.17210695       21.233195       21.229846     0.015773969
       15.075941     -0.17499838     -0.17393684       21.586526       21.582771     0.017397425
       15.311503     -0.17849295     -0.17554878       21.940675       21.936479     0.019126176
       15.547064     -0.18192553     -0.17692945       22.295657       22.290984     0.020964863
       15.782626     -0.18529150     -0.17806512       22.651491       22.646301     0.022918277
       16.018187     -0.18858626     -0.17894173       23.008194       23.002445     0.024991368
       16.253749     -0.19180521     -0.17954481       23.365782       23.359430     0.027189249
       16.489311     -0.19494378     -0.17985949       23.724273       23.717273     0.029517202
       16.724872     -0.19799744     -0.17987051       24.083687       24.075987     0.031980681
       16.960434     -0.20096168     -0.17956219       24.444040       24.435589     0.034585324
       17.195995     -0.20383205     -0.17891839       24.805352       24.796093     0.037336952
       17.431557     -0.20660418     -0.17792257       25.167640       25.157517     0.040241580
       17.667118     -0.20927372     -0.17655771       25.530926       25.519874     0.043305422
       17.902680     -0.21183645     -0.17480631       25.895227       25.883182     0.046534900
       18.138242     -0.21428820     -0.17265042       26.260563       26.247456     0.049936648
       18.373803     -0.21662493     -0.17007155       26.626955       26.612713     0.053517523
       18.609365     -0.21884270     -0.16705073       26.994423       26.978969     0.057284610
       18.844926     -0.22093771     -0.16356844       27.362988       27.346240     0.061245230
       19.080488     -0.22290629     -0.15960463       27.732670       27.714543     0.065406954
       19.316049     -0.22474496     -0.15513866       28.103492       28.083895     0.069777605
       19.551611     -0.22645038     -0.15014934       28.475474       28.454314     0.074365271
       19.787173     -0.22801944     -0.14461485       28.848639       28.825815     0.079178315
       20.022734     -0.22944922     -0.13851278       29.223010       29.198418     0.084225383
       20.258296     -0.23073705     -0.13182005       29.598610       29.572138     0.089515416
       20.493857     -0.23188051     -0.12451294       29.975461       29.946994     0.095057662
       20.729419     -0.23287748     -0.11656702       30.353589       30.323005      0.10086169
       20.964981     -0.23372612     -0.10795717       30.733017       30.700187      0.10693738
       21.200542     -0.23442496    -0.098657551       31.113769       31.078559      0.11329499
       21.436104     -0.23497286    -0.088641535       31.495873       31.458140      0.11994510
       21.671665     -0.23536911    -0.077881729       31.879352       31.838949      0.12689868
       21.907227     -0.23561340    -0.066349924       32.264234       32.221004      0.13416707
       22.142788     -0.23570592    -0.054017069       32.650544       32.604324      0.14176202
       22.378350     -0.23564734    -0.040853241       33.038312       32.988929      0.14969568
       22.613912     -0.23543889    -0.026827616       33.427564       33.374838      0.15798066
       22.849473     -0.23508240    -0.011908431       33.818329       33.762072      0.16662999
       23.085035     -0.23458031  3.9370448E-003       34.210637       34.150649      0.17565718
       23.320596     -0.23393579     0.020742553       34.604517       34.540591      0.18507622
       23.556158     -0.23315274     0.038542879       35.000000       34.931917      0.19490162

Table series: Data for wavelength : 0.656273 µm.
   Y Angle (deg)       Tan Shift       Sag Shift     Real Height     Ref. Height      Distortion
  --------------  --------------  --------------  --------------  --------------  --------------
      0.00000000     0.077022916     0.077022916      0.00000000      0.00000000      0.00000000
      0.23556158     0.076965799     0.076952389      0.32942150      0.32942152 -6.5413718E-006
      0.47112316     0.076794030     0.076740878      0.65885406      0.65885418 -1.7753685E-005
      0.70668474     0.076507742     0.076388601      0.98830876      0.98830911 -3.6372875E-005
      0.94224632     0.076107158     0.075895922       1.3177966       1.3177975 -6.2296885E-005
       1.1778079     0.075592595     0.075263347       1.6473288       1.6473304 -9.5389109E-005
       1.4133695     0.074964463     0.074491531       1.9769163       1.9769190 -1.3545263E-004
       1.6489311     0.074223262     0.073581272       2.3065703       2.3065745 -1.8226862E-004
       1.8844926     0.073369588     0.072533515       2.6363018       2.6363080 -2.3557037E-004
       2.1200542     0.072404127     0.071349354       2.9661221       2.9661308 -2.9504956E-004
       2.3556158     0.071327657     0.070030026       3.2960421       3.2960540 -3.6035596E-004
       2.5911774     0.070141049     0.068576920       3.6260731       3.6260888 -4.3109718E-004
       2.8267389     0.068845266     0.066991569       3.9562263       3.9562464 -5.0683825E-004
       3.0623005     0.067441364     0.065275659       4.2865129       4.2865381 -5.8710138E-004
       3.2978621     0.065930488     0.063431024       4.6169441       4.6169751 -6.7136542E-004
       3.5334237     0.064313877     0.061459648       4.9475312       4.9475687 -7.5906551E-004
       3.7689853     0.062592860     0.059363670       5.2782854       5.2783303 -8.4959259E-004
       4.0045468     0.060768856     0.057145377       5.6092181       5.6092710 -9.4229282E-004
       4.2401084     0.058843379     0.054807215       5.9403407       5.9404023 -1.0364671E-003
       4.4756700     0.056818028     0.052351780       6.2716646       6.2717355 -1.1313704E-003
       4.7112316     0.054694497     0.049781829       6.6032011       6.6032821 -1.2262112E-003
       4.9467932     0.052474569     0.047100273       6.9349618       6.9350534 -1.3201508E-003
       5.1823547     0.050160113     0.044310183       7.2669582       7.2670609 -1.4123025E-003
       5.4179163     0.047753094     0.041414793       7.5992019       7.5993161 -1.5017309E-003
       5.6534779     0.045255559     0.038417495       7.9317046       7.9318305 -1.5874512E-003
       5.8890395     0.042669649     0.035321847       8.2644778       8.2646157 -1.6684282E-003
       6.1246011     0.039997590     0.032131574       8.5975333       8.5976832 -1.7435754E-003
       6.3601626     0.037241698     0.028850566       8.9308830       8.9310448 -1.8117542E-003
       6.5957242     0.034404373     0.025482883       9.2645386       9.2647120 -1.8717728E-003
       6.8312858     0.031488106     0.022032756       9.5985121       9.5986966 -1.9223852E-003
       7.0668474     0.028495469     0.018504592       9.9328155       9.9330104 -1.9622900E-003
       7.3024089     0.025429125     0.014902971       10.267461       10.267665 -1.9901293E-003
       7.5379705     0.022291817     0.011232653       10.602460       10.602673 -2.0044879E-003
       7.7735321     0.019086374  7.4985765E-003       10.937826       10.938045 -2.0038913E-003
       8.0090937     0.015815710  3.7058653E-003       11.273570       11.273794 -1.9868050E-003
       8.2446553     0.012482820 -1.4017197E-004       11.609705       11.609932 -1.9516329E-003
       8.4802168  9.0907799E-003 -4.0340382E-003       11.946243       11.946470 -1.8967160E-003
       8.7157784  5.6427487E-003 -7.9700435E-003       12.283197       12.283421 -1.8203306E-003
       8.9513400  2.1419639E-003    -0.011942305       12.620580       12.620797 -1.7206872E-003
       9.1869016 -1.4082575E-003    -0.015944740       12.958404       12.958611 -1.5959286E-003
       9.4224632 -5.0045211E-003    -0.019971068       13.296682       13.296874 -1.4441283E-003
       9.6580247 -8.6433556E-003    -0.024014800       13.635426       13.635599 -1.2632886E-003
       9.8935863    -0.012321214    -0.028069242       13.974651       13.974798 -1.0513391E-003
       10.129148    -0.016034475    -0.032127488       14.314368       14.314484 -8.0613464E-004
       10.364709    -0.019779445    -0.036182415       14.654592       14.654669 -5.2545312E-004
       10.600271    -0.023552360    -0.040226680       14.995336       14.995367 -2.0699377E-004
       10.835833    -0.027349384    -0.044252718       15.336612       15.336589  1.5162513E-004
       11.071394    -0.031166615    -0.048252736       15.678435       15.678348  5.5286846E-004
       11.306956    -0.035000083    -0.052218705       16.020818       16.020658  9.9928657E-004
       11.542517    -0.038845756    -0.056142362       16.363776       16.363531  1.4935177E-003
       11.778079    -0.042699537    -0.060015202       16.707321       16.706981  2.0382903E-003
       12.013641    -0.046557271    -0.063828469       17.051469       17.051019  2.6364260E-003
       12.249202    -0.050414744    -0.067573159       17.396233       17.395661  3.2908418E-003
       12.484764    -0.054267688    -0.071240006       17.741628       17.740918  4.0045535E-003
       12.720325    -0.058111779    -0.074819483       18.087669       18.086804  4.7806778E-003
       12.955887    -0.061942647    -0.078301792       18.434369       18.433333  5.6224361E-003
       13.191448    -0.065755872    -0.081676860       18.781745       18.780518  6.5331572E-003
       13.427010    -0.069546992    -0.084934331       19.129810       19.128373  7.5162807E-003
       13.662572    -0.073311503    -0.088063562       19.478581       19.476911  8.5753603E-003
       13.898133    -0.077044864    -0.091053612       19.828072       19.826147  9.7140675E-003
       14.133695    -0.080742502    -0.093893239       20.178300       20.176093     0.010936195
       14.369256    -0.084399813    -0.096570890       20.529279       20.526766     0.012245661
       14.604818    -0.088012171    -0.099074694       20.881027       20.878178     0.013646513
       14.840379    -0.091574926     -0.10139246       21.233558       21.230343     0.015142931
       15.075941    -0.095083415     -0.10351164       21.586889       21.583277     0.016739232
       15.311503    -0.098532965     -0.10541939       21.941038       21.936993     0.018439878
       15.547064     -0.10191890     -0.10710245       22.296020       22.291506     0.020249473
       15.782626     -0.10523653     -0.10854726       22.651853       22.646832     0.022172778
       16.018187     -0.10848120     -0.10973985       23.008554       23.002984     0.024214705
       16.253749     -0.11164825     -0.11066589       23.366140       23.359977     0.026380331
       16.489311     -0.11473305     -0.11131064       23.724629       23.717828     0.028674899
       16.724872     -0.11773099     -0.11165897       24.084040       24.076551     0.031103825
       16.960434     -0.12063750     -0.11169533       24.444389       24.436161     0.033672704
       17.195995     -0.12344806     -0.11140375       24.805697       24.796674     0.036387315
       17.431557     -0.12615820     -0.11076783       25.167981       25.158106     0.039253627
       17.667118     -0.12876353     -0.10977069       25.531261       25.520472     0.042277810
       17.902680     -0.13125971     -0.10839501       25.895557       25.883788     0.045466235
       18.138242     -0.13364251     -0.10662300       26.260887       26.248071     0.048825488
       18.373803     -0.13590779     -0.10443634       26.627272       26.613336     0.052362371
       18.609365     -0.13805152     -0.10181625       26.994732       26.979600     0.056083915
       18.844926     -0.14006979    -0.098743379       27.363287       27.346880     0.059997387
       19.080488     -0.14195885    -0.095197873       27.732960       27.715192     0.064110296
       19.316049     -0.14371508    -0.091159304       28.103771       28.084553     0.068430405
       19.551611     -0.14533505    -0.086606674       28.475742       28.454980     0.072965737
       19.787173     -0.14681552    -0.081518388       28.848896       28.826490     0.077724588
       20.022734     -0.14815346    -0.075872244       29.223254       29.199101     0.082715536
       20.258296     -0.14934606    -0.069645403       29.598839       29.572831     0.087947450
       20.493857     -0.15039077    -0.062814374       29.975676       29.947696     0.093429501
       20.729419     -0.15128532    -0.055354991       30.353787       30.323715     0.099171175
       20.964981     -0.15202773    -0.047242387       30.733198       30.700906      0.10518229
       21.200542     -0.15261636    -0.038450976       31.113932       31.079287      0.11147299
       21.436104     -0.15304992    -0.028954422       31.496015       31.458877      0.11805378
       21.671665     -0.15332752    -0.018725616       31.879473       31.839694      0.12493553
       21.907227     -0.15344866 -7.7366480E-003       32.264333       32.221758      0.13212950
       22.142788     -0.15341335  4.0412198E-003       32.650619       32.605087      0.13964732
       22.378350     -0.15322205     0.016637586       33.038362       32.989701      0.14750105
       22.613912     -0.15287577     0.030082939       33.427587       33.375620      0.15570317
       22.849473     -0.15237614     0.044408688       33.818323       33.762862      0.16426661
       23.085035     -0.15172533     0.059647204       34.210601       34.151449      0.17320475
       23.320596     -0.15092628     0.075831844       34.604449       34.541400      0.18253146
       23.556158     -0.14998261     0.092997001       34.999897       34.932735      0.19226112
