Results for:	
File:	C:\Users\User\OneDrive - Massachusetts Institute of Technology\Documents\MIT\Grad School\Classes\2.156\Lens Project\Prime Lenses\US02744447-2.zmx
Title:	
Date:	11/7/2025 5:43:52 PM

0 message(s) in output.
3 series table(s) in output.

Table series: Data for wavelength : 0.486133 µm.
   Y Angle (deg)       Tan Shift       Sag Shift     Real Height     Ref. Height      Distortion
  --------------  --------------  --------------  --------------  --------------  --------------
      0.00000000     0.020490870     0.020490870      0.00000000      0.00000000      0.00000000
      0.30000000     0.020450591     0.020446926      0.13272863      0.13272870 -5.5863494E-005
      0.60000000     0.020324912     0.020315159      0.26546422      0.26546469 -1.7605193E-004
      0.90000000     0.020114029     0.020095763      0.39821373      0.39821523 -3.7648620E-004
       1.2000000     0.019818271     0.019789059      0.53098412      0.53098761 -6.5732081E-004
       1.5000000     0.019438097     0.019395499      0.66378235      0.66378912 -1.0188005E-003
       1.8000000     0.018974101     0.018915665      0.79661541      0.79662705 -1.4612306E-003
       2.1000000     0.018427008     0.018350267      0.92949025      0.92950870 -1.9849849E-003
       2.4000000     0.017797678     0.017700147       1.0624139       1.0624414 -2.5905056E-003
       2.7000000     0.017087104     0.016966277       1.1953933       1.1954324 -3.2783041E-003
       3.0000000     0.016296410     0.016149759       1.3284354       1.3284892 -4.0489610E-003
       3.3000000     0.015426859     0.015251831       1.4615473       1.4616190 -4.9031266E-003
       3.6000000     0.014479845     0.014273858       1.5947360       1.5948292 -5.8415216E-003
       3.9000000     0.013456899     0.013217345       1.7280085       1.7281272 -6.8649374E-003
       4.2000000     0.012359689     0.012083927       1.8613719       1.8615203 -7.9742371E-003
       4.5000000     0.011190017     0.010875375       1.9948332       1.9950162 -9.1703554E-003
       4.8000000  9.9498254E-003  9.5935993E-003       2.1283995       2.1286220    -0.010454300
       5.1000000  8.6411926E-003  8.2406454E-003       2.2620779       2.2623454    -0.011827153
       5.4000000  7.2663371E-003  6.8186989E-003       2.3958754       2.3961939    -0.013290068
       5.7000000  5.8276171E-003  5.3300854E-003       2.5297993       2.5301749    -0.014844278
       6.0000000  4.3275319E-003  3.7772728E-003       2.6638567       2.6642961    -0.016491089
       6.3000000  2.7687225E-003  2.1628718E-003       2.7980547       2.7985649    -0.018231884
       6.6000000  1.1539732E-003  4.8963848E-004       2.9324005       2.9329891    -0.020068127
       6.9000000 -5.1378784E-004 -1.2395248E-003       3.0669013       3.0675762    -0.022001359
       7.2000000 -2.2314869E-003 -3.0215668E-003       3.2015644       3.2023340    -0.024033201
       7.5000000 -3.9959038E-003 -4.8532862E-003       3.3363970       3.3372702    -0.026165357
       7.8000000 -5.8036704E-003 -6.7313292E-003       3.4714064       3.4723925    -0.028399614
       8.1000000 -7.6512693E-003 -8.6521876E-003       3.6065999       3.6077089    -0.030737842
       8.4000000 -9.5350322E-003    -0.010612196       3.7419849       3.7432270    -0.033181996
       8.7000000    -0.011451139    -0.012607532       3.8775688       3.8789549    -0.035734122
       9.0000000    -0.013395615    -0.014634208       4.0133589       4.0149004    -0.038396349
       9.3000000    -0.015364332    -0.016688076       4.1493626       4.1510716    -0.041170900
       9.6000000    -0.017353002    -0.018764821       4.2855875       4.2874766    -0.044060089
       9.9000000    -0.019357181    -0.020859956       4.4220411       4.4241233    -0.047066323
       10.200000    -0.021372263    -0.022968825       4.5587308       4.5610200    -0.050192105
       10.500000    -0.023393479    -0.025086595       4.6956643       4.6981750    -0.053440032
       10.800000    -0.025415897    -0.027208255       4.8328491       4.8355963    -0.056812805
       11.100000    -0.027434417    -0.029328613       4.9702929       4.9732925    -0.060313221
       11.400000    -0.029443774    -0.031442291       5.1080035       5.1112719    -0.063944183
       11.700000    -0.031438528    -0.033543725       5.2459885       5.2495429    -0.067708698
       12.000000    -0.033413071    -0.035627156       5.3842556       5.3881141    -0.071609879
       12.300000    -0.035361617    -0.037686631       5.5228128       5.5269941    -0.075650949
       12.600000    -0.037278204    -0.039715998       5.6616679       5.6661915    -0.079835244
       12.900000    -0.039156692    -0.041708900       5.8008287       5.8057152    -0.084166211
       13.200000    -0.040990757    -0.043658772       5.9403033       5.9455739    -0.088647415
       13.500000    -0.042773892    -0.045558839       6.0800996       6.0857766    -0.093282539
       13.800000    -0.044499406    -0.047402106       6.2202256       6.2263321    -0.098075387
       14.100000    -0.046160416    -0.049181361       6.3606896       6.3672497     -0.10302989
       14.400000    -0.047749848    -0.050889162       6.5014995       6.5085385     -0.10815009
       14.700000    -0.049260436    -0.052517840       6.6426636       6.6502076     -0.11344019
       15.000000    -0.050684717    -0.054059487       6.7841902       6.7922665     -0.11890448
       15.300000    -0.052015029    -0.055505956       6.9260875       6.9347246     -0.12454743
       15.600000    -0.053243507    -0.056848852       7.0683640       7.0775913     -0.13037362
       15.900000    -0.054362086    -0.058079529       7.2110280       7.2208764     -0.13638777
       16.200000    -0.055362491    -0.059189084       7.3540881       7.3645896     -0.14259474
       16.500000    -0.056236241    -0.060168349       7.4975527       7.5087407     -0.14899957
       16.800000    -0.056974640    -0.061007888       7.6414304       7.6533396     -0.15560739
       17.100000    -0.057568784    -0.061697988       7.7857300       7.7983964     -0.16242354
       17.400000    -0.058009548    -0.062228657       7.9304600       7.9439213     -0.16945347
       17.700000    -0.058287593    -0.062589610       8.0756294       8.0899245     -0.17670282
       18.000000    -0.058393357    -0.062770272       8.2212470       8.2364166     -0.18417736
       18.300000    -0.058317059    -0.062759764       8.3673216       8.3834079     -0.19188304
       18.600000    -0.058048691    -0.062546900       8.5138622       8.5309092     -0.19982598
       18.900000    -0.057578024    -0.062120177       8.6608779       8.6789312     -0.20801245
       19.200000    -0.056894599    -0.061467772       8.8083779       8.8274849     -0.21644891
       19.500000    -0.055987732    -0.060577529       8.9563713       8.9765813     -0.22514199
       19.800000    -0.054846511    -0.059436959       9.1048673       9.1262317     -0.23409848
       20.100000    -0.053459793    -0.058033228       9.2538754       9.2764473     -0.24332536
       20.400000    -0.051816210    -0.056353149       9.4034048       9.4272397     -0.25282981
       20.700000    -0.049904165    -0.054383177       9.5534652       9.5786205     -0.26261914
       21.000000    -0.047711833    -0.052109402       9.7040661       9.7306015     -0.27270091
       21.300000    -0.045227166    -0.049517540       9.8552171       9.8831947     -0.28308281
       21.600000    -0.042437892    -0.046592924       10.006928       10.036412     -0.29377274
       21.900000    -0.039331520    -0.043320503       10.159209       10.190266     -0.30477880
       22.200000    -0.035895344    -0.039684827       10.312069       10.344769     -0.31610926
       22.500000    -0.032116447    -0.035670046       10.465518       10.499934     -0.32777258
       22.800000    -0.027981705    -0.031259901       10.619568       10.655774     -0.33977741
       23.100000    -0.023477799    -0.026437718       10.774227       10.812300     -0.35213260
       23.400000    -0.018591221    -0.021186402       10.929506       10.969528     -0.36484715
       23.700000    -0.013308280    -0.015488430       11.085416       11.127470     -0.37793029
       24.000000 -7.6151219E-003 -9.3258513E-003       11.241966       11.286139     -0.39139140
       24.300000 -1.4977352E-003 -2.6802754E-003       11.399168       11.445550     -0.40524004
       24.600000  5.0580288E-003  4.4671257E-003       11.557032       11.605717     -0.41948594
       24.900000     0.012066443     0.012135622       11.715569       11.766653     -0.43413900
       25.200000     0.019541877     0.020344929       11.874790       11.928373     -0.44920927
       25.500000     0.027498784     0.029115204       12.034705       12.090893     -0.46470697
       25.800000     0.035951665     0.038467049       12.195327       12.254226     -0.48064243
       26.100000     0.044915046     0.048421506       12.356665       12.418388     -0.49702613
       26.400000     0.054403444     0.059000056       12.518732       12.583394     -0.51386865
       26.700000     0.064431326     0.070224606       12.681539       12.749261     -0.53118067
       27.000000     0.075013072     0.082117490       12.845098       12.916003     -0.54897295
       27.300000     0.086162926     0.094701446       13.009420       13.083638     -0.56725632
       27.600000     0.097894944      0.10799961       13.174517       13.252181     -0.58604163
       27.900000      0.11022294      0.12203550       13.340402       13.421649     -0.60533975
       28.200000      0.12316040      0.13683299       13.507087       13.592059     -0.62516153
       28.500000      0.13672045      0.15241628       13.674584       13.763429     -0.64551775
       28.800000      0.15091573      0.16880985       13.842906       13.935777     -0.66641914
       29.100000      0.16575833      0.18603849       14.012066       14.109119     -0.68787624
       29.400000      0.18125971      0.20412716       14.182076       14.283475     -0.70989944
       29.700000      0.19743052      0.22310101       14.352951       14.458862     -0.73249890
       30.000000      0.21428057      0.24298531       14.524704       14.635300     -0.75568448

Table series: Data for wavelength : 0.587562 µm.
   Y Angle (deg)       Tan Shift       Sag Shift     Real Height     Ref. Height      Distortion
  --------------  --------------  --------------  --------------  --------------  --------------
      0.00000000     0.040924852     0.040924852      0.00000000      0.00000000      0.00000000
      0.30000000     0.040887355     0.040879012      0.13278351      0.13278357 -4.3193604E-005
      0.60000000     0.040771287     0.040741555      0.26557396      0.26557442 -1.7285270E-004
      0.90000000     0.040576840     0.040512670      0.39837828      0.39837983 -3.8908672E-004
       1.2000000     0.040304340     0.040192675      0.53120342      0.53120709 -6.9204745E-004
       1.5000000     0.039954244     0.039782010      0.66405631      0.66406349 -1.0820037E-003
       1.8000000     0.039527141     0.039281246      0.79694391      0.79695633 -1.5592826E-003
       2.1000000     0.039023749     0.038691079      0.92987316      0.92989291 -2.1242842E-003
       2.4000000     0.038444920     0.038012335       1.0628510       1.0628806 -2.7774822E-003
       2.7000000     0.037791639     0.037245964       1.1958845       1.1959266 -3.5194243E-003
       3.0000000     0.037065022     0.036393050       1.3289805       1.3290383 -4.3507321E-003
       3.3000000     0.036266318     0.035454801       1.4621460       1.4622231 -5.2721025E-003
       3.6000000     0.035396911     0.034432559       1.5953881       1.5954884 -6.2843073E-003
       3.9000000     0.034458319     0.033327796       1.7287137       1.7288415 -7.3881945E-003
       4.2000000     0.033452192     0.032142114       1.8621299       1.8622898 -8.5846887E-003
       4.5000000     0.032380318     0.030877250       1.9956437       1.9958408 -9.8747918E-003
       4.8000000     0.031244620     0.029535073       2.1292621       2.1295019    -0.011259584
       5.1000000     0.030047158     0.028117588       2.2629922       2.2632806    -0.012740223
       5.4000000     0.028790128     0.026626935       2.3968411       2.3971844    -0.014317950
       5.7000000     0.027475865     0.025065393       2.5308159       2.5312208    -0.015994082
       6.0000000     0.026106845     0.023435378       2.6649237       2.6653973    -0.017770023
       6.3000000     0.024685681     0.021739447       2.7991716       2.7997217    -0.019647256
       6.6000000     0.023215129     0.019980298       2.9335668       2.9342014    -0.021627350
       6.9000000     0.021698085     0.018160774       3.0681165       3.0688442    -0.023711959
       7.2000000     0.020137591     0.016283860       3.2028278       3.2036577    -0.025902824
       7.5000000     0.018536830     0.014352693       3.3377081       3.3386496    -0.028201774
       7.8000000     0.016899133     0.012370552       3.4727645       3.4738278    -0.030610727
       8.1000000     0.015227976     0.010340874       3.6080043       3.6092001    -0.033131691
       8.4000000     0.013526984  8.2672432E-003       3.7434349       3.7447743    -0.035766770
       8.7000000     0.011799931  6.1534022E-003       3.8790635       3.8805582    -0.038518157
       9.0000000     0.010050740  4.0032497E-003       4.0148976       4.0165600    -0.041388146
       9.3000000  8.2834881E-003  1.8208448E-003       4.1509445       4.1527875    -0.044379125
       9.6000000  6.5024052E-003 -3.8959113E-004       4.2872117       4.2892488    -0.047493584
       9.9000000  4.7118762E-003 -2.6236718E-003       4.4237066       4.4259520    -0.050734111
       10.200000  2.9164426E-003 -4.8768431E-003       4.5604367       4.5629053    -0.054103402
       10.500000  1.1208039E-003 -7.1443803E-003       4.6974095       4.7001169    -0.057604254
       10.800000 -6.7017978E-004 -9.4213851E-003       4.8346326       4.8375951    -0.061239575
       11.100000 -2.4514874E-003    -0.011702782       4.9721136       4.9753482    -0.065012381
       11.400000 -4.2179344E-003    -0.013983317       5.1098602       5.1133846    -0.068925802
       11.700000 -5.9641707E-003    -0.016257552       5.2478799       5.2517128    -0.072983080
       12.000000 -7.6846799E-003    -0.018519863       5.3861806       5.3903412    -0.077187575
       12.300000 -9.3737762E-003    -0.020764433       5.5247699       5.5292786    -0.081542769
       12.600000    -0.011025603    -0.022985255       5.6636557       5.6685336    -0.086052262
       12.900000    -0.012634132    -0.025176123       5.8028459       5.8081150    -0.090719782
       13.200000    -0.014193160    -0.027330627       5.9423482       5.9480315    -0.095549184
       13.500000    -0.015696306    -0.029442155       6.0821707       6.0882921     -0.10054445
       13.800000    -0.017137012    -0.031503882       6.2223212       6.2289058     -0.10570971
       14.100000    -0.018508539    -0.033508769       6.3628079       6.3698816     -0.11104921
       14.400000    -0.019803966    -0.035449561       6.5036388       6.5112288     -0.11656734
       14.700000    -0.021016186    -0.037318775       6.6448220       6.6529565     -0.12226865
       15.000000    -0.022137909    -0.039108703       6.7863657       6.7950741     -0.12815781
       15.300000    -0.023161654    -0.040811403       6.9282780       6.9375910     -0.13423967
       15.600000    -0.024079750    -0.042418694       7.0705674       7.0805169     -0.14051920
       15.900000    -0.024884335    -0.043922150       7.2132420       7.2238612     -0.14700156
       16.200000    -0.025567352    -0.045313100       7.3563103       7.3676338     -0.15369204
       16.500000    -0.026120552    -0.046582615       7.4997807       7.5118444     -0.16059610
       16.800000    -0.026535485    -0.047721507       7.6436616       7.6565031     -0.16771939
       17.100000    -0.026803505    -0.048720323       7.7879617       7.8016199     -0.17506771
       17.400000    -0.026915765    -0.049569336       7.9326896       7.9472049     -0.18264703
       17.700000    -0.026863218    -0.050258544       8.0778538       8.0932685     -0.19046352
       18.000000    -0.026636614    -0.050777658       8.2234631       8.2398211     -0.19852350
       18.300000    -0.026226501    -0.051116100       8.3695263       8.3868732     -0.20683352
       18.600000    -0.025623225    -0.051262995       8.5160522       8.5344354     -0.21540028
       18.900000    -0.024816925    -0.051207165       8.6630498       8.6825186     -0.22423070
       19.200000    -0.023797540    -0.050937121       8.8105279       8.8311337     -0.23333189
       19.500000    -0.022554804    -0.050441057       8.9584956       8.9802918     -0.24271115
       19.800000    -0.021078249    -0.049706844       9.1069621       9.1300040     -0.25237601
       20.100000    -0.019357207    -0.048722023       9.2559364       9.2802817     -0.26233419
       20.400000    -0.017380810    -0.047473796       9.4054278       9.4311365     -0.27259363
       20.700000    -0.015137994    -0.045949022       9.5554456       9.5825798     -0.28316249
       21.000000    -0.012617498    -0.044134207       9.7059991       9.7346237     -0.29404916
       21.300000 -9.8078743E-003    -0.042015501       9.8570978       9.8872800     -0.30526224
       21.600000 -6.6974888E-003    -0.039578686       10.008751       10.040561     -0.31681055
       21.900000 -3.2745262E-003    -0.036809174       10.160969       10.194478     -0.32870317
       22.200000  4.7300207E-004    -0.033691998       10.313760       10.349045     -0.34094939
       22.500000  4.5572514E-003    -0.030211805       10.467136       10.504274     -0.35355875
       22.800000  8.9905344E-003    -0.026352851       10.621104       10.660178     -0.36654102
       23.100000     0.013785311    -0.022098995       10.775676       10.816770     -0.37990622
       23.400000     0.018954179    -0.017433692       10.930861       10.974062     -0.39366461
       23.700000     0.024509856    -0.012339989       11.086670       11.132069     -0.40782670
       24.000000     0.030465169 -6.8005211E-003       11.243112       11.290804     -0.42240323
       24.300000     0.036833035 -7.9750426E-004       11.400197       11.450281     -0.43740519
       24.600000     0.043626441  5.6872654E-003       11.557936       11.610514     -0.45284383
       24.900000     0.050858425     0.012672415       11.716340       11.771517     -0.46873064
       25.200000     0.058542049     0.020176998       11.875418       11.933304     -0.48507733
       25.500000     0.066690368     0.028220493       12.035182       12.095890     -0.50189587
       25.800000     0.075316406     0.036822803       12.195641       12.259291     -0.51919846
       26.100000     0.084433117     0.046004256       12.356807       12.423521     -0.53699752
       26.400000     0.094053344     0.055785599       12.518691       12.588596     -0.55530571
       26.700000      0.10418978     0.066187994       12.681302       12.754531     -0.57413589
       27.000000      0.11485492     0.077233008       12.844654       12.921342     -0.59350113
       27.300000      0.12606099     0.088942609       13.008756       13.089046     -0.61341470
       27.600000      0.13781992      0.10133915       13.173619       13.257658     -0.63389004
       27.900000      0.15014326      0.11444534       13.339257       13.427197     -0.65494077
       28.200000      0.16304208      0.12828425       13.505678       13.597678     -0.67658063
       28.500000      0.17652694      0.14287929       13.672897       13.769119     -0.69882351
       28.800000      0.19060776      0.15825414       13.840923       13.941537     -0.72168341
       29.100000      0.20529374      0.17443276       14.009770       14.114951     -0.74517437
       29.400000      0.22059322      0.19143936       14.179449       14.289379     -0.76931050
       29.700000      0.23651360      0.20929830       14.349972       14.464839     -0.79410593
       30.000000      0.25306118      0.22803409       14.521353       14.641350     -0.81957474

Table series: Data for wavelength : 0.656273 µm.
   Y Angle (deg)       Tan Shift       Sag Shift     Real Height     Ref. Height      Distortion
  --------------  --------------  --------------  --------------  --------------  --------------
      0.00000000     0.069956136     0.069956136      0.00000000      0.00000000      0.00000000
      0.30000000     0.069919961     0.069909617      0.13279994      0.13279994 -4.0210737E-007
      0.60000000     0.069808349     0.069770121      0.26560681      0.26560716 -1.3411897E-004
      0.90000000     0.069621496     0.069537837      0.39842753      0.39842895 -3.5712959E-004
       1.2000000     0.069359726     0.069213078      0.53126903      0.53127259 -6.6956962E-004
       1.5000000     0.069023496     0.068796286      0.66413826      0.66414537 -1.0717251E-003
       1.8000000     0.068613392     0.068288024      0.79704213      0.79705460 -1.5639317E-003
       2.1000000     0.068130135     0.067688985      0.92998761      0.93000757 -2.1466001E-003
       2.4000000     0.067574575     0.066999988       1.0629816       1.0630116 -2.8202167E-003
       2.7000000     0.066947696     0.066221979       1.1960311       1.1960740 -3.5853434E-003
       3.0000000     0.066250612     0.065356032       1.3291431       1.3292022 -4.4426187E-003
       3.3000000     0.065484573     0.064403350       1.4623246       1.4624034 -5.3927577E-003
       3.6000000     0.064650960     0.063365263       1.5955824       1.5956851 -6.4365529E-003
       3.9000000     0.063751289     0.062243234       1.7289237       1.7290546 -7.5748749E-003
       4.2000000     0.062787210     0.061038855       1.8623554       1.8625194 -8.8086728E-003
       4.5000000     0.061760508     0.059753849       1.9958845       1.9960869    -0.010138975
       4.8000000     0.060673104     0.058390074       2.1295181       2.1297645    -0.011566891
       5.1000000     0.059527055     0.056949521       2.2632633       2.2635597    -0.013093611
       5.4000000     0.058324556     0.055434314       2.3971270       2.3974799    -0.014720406
       5.7000000     0.057067938     0.053846717       2.5311165       2.5315329    -0.016448632
       6.0000000     0.055759672     0.052189129       2.6652387       2.6657260    -0.018279729
       6.3000000     0.054402369     0.050464089       2.7995008       2.8000669    -0.020215220
       6.6000000     0.052998779     0.048674277       2.9339101       2.9345632    -0.022256717
       6.9000000     0.051551796     0.046822513       3.0684735       3.0692226    -0.024405920
       7.2000000     0.050064455     0.044911765       3.2031983       3.2040527    -0.026664616
       7.5000000     0.048539935     0.042945143       3.3380918       3.3390613    -0.029034685
       7.8000000     0.046981559     0.040925907       3.4731612       3.4742562    -0.031518096
       8.1000000     0.045392797     0.038857465       3.6084136       3.6096451    -0.034116915
       8.4000000     0.043777266     0.036743378       3.7438565       3.7452360    -0.036833300
       8.7000000     0.042138732     0.034587359       3.8794971       3.8810367    -0.039669510
       9.0000000     0.040481110     0.032393280       4.0153428       4.0170552    -0.042627898
       9.3000000     0.038808467     0.030165169       4.1514010       4.1532995    -0.045710922
       9.6000000     0.037125021     0.027907216       4.2876791       4.2897777    -0.048921139
       9.9000000     0.035435147     0.025623774       4.4241844       4.4264978    -0.052261213
       10.200000     0.033743372     0.023319362       4.5609246       4.5634680    -0.055733914
       10.500000     0.032054384     0.020998671       4.6979070       4.7006965    -0.059342120
       10.800000     0.030373026     0.018666560       4.8351392       4.8381916    -0.063088820
       11.100000     0.028704304     0.016328064       4.9726289       4.9759617    -0.066977119
       11.400000     0.027053385     0.013988399       5.1103836       5.1140151    -0.071010235
       11.700000     0.025425600     0.011652958       5.2484110       5.2523603    -0.075191505
       12.000000     0.023826445  9.3273228E-003       5.3867187       5.3910059    -0.079524388
       12.300000     0.022261583  7.0172606E-003       5.5253146       5.5299604    -0.084012466
       12.600000     0.020736846  4.7287321E-003       5.6642063       5.6692326    -0.088659447
       12.900000     0.019258238  2.4678932E-003       5.8034017       5.8088311    -0.093469169
       13.200000     0.017831934  2.4109960E-004       5.9429086       5.9487649    -0.098445602
       13.500000     0.016464283 -1.9450896E-003       6.0827350       6.0890428     -0.10359285
       13.800000     0.015161812 -4.0839074E-003       6.2228888       6.2296738     -0.10891516
       14.100000     0.013931225 -6.1683747E-003       6.3633779       6.3706670     -0.11441692
       14.400000     0.012779405 -8.1912961E-003       6.5042105       6.5120316     -0.12010265
       14.700000     0.011713418    -0.010145255       6.6453946       6.6537768     -0.12597703
       15.000000     0.010740512    -0.012022608       6.7869383       6.7959119     -0.13204490
       15.300000  9.8681206E-003    -0.013815484       6.9288498       6.9384464     -0.13831124
       15.600000  9.1038641E-003    -0.015515773       7.0711374       7.0813899     -0.14478119
       15.900000  8.4555513E-003    -0.017115127       7.2138093       7.2247519     -0.15146007
       16.200000  7.9311802E-003    -0.018604949       7.3568739       7.3685422     -0.15835334
       16.500000  7.5389405E-003    -0.019976393       7.5003395       7.5127706     -0.16546665
       16.800000  7.2872143E-003    -0.021220356       7.6442146       7.6574471     -0.17280583
       17.100000  7.1845771E-003    -0.022327471       7.7885078       7.8025818     -0.18037686
       17.400000  7.2397999E-003    -0.023288103       7.9332274       7.9481848     -0.18818593
       17.700000  7.4618486E-003    -0.024092344       8.0783823       8.0942664     -0.19623941
       18.000000  7.8598859E-003    -0.024730004       8.2239809       8.2408371     -0.20454386
       18.300000  8.4432708E-003    -0.025190606       8.3700321       8.3879073     -0.21310602
       18.600000  9.2215594E-003    -0.025463382       8.5165447       8.5354877     -0.22193286
       18.900000     0.010204504    -0.025537262       8.6635274       8.6835892     -0.23103154
       19.200000     0.011402054    -0.025400873       8.8109891       8.8322226     -0.24040941
       19.500000     0.012824354    -0.025042526       8.9589389       8.9813991     -0.25007407
       19.800000     0.014481741    -0.024450216       9.1073858       9.1311297     -0.26003330
       20.100000     0.016384747    -0.023611611       9.2563388       9.2814260     -0.27029514
       20.400000     0.018544091    -0.022514044       9.4058070       9.4322993     -0.28086782
       20.700000     0.020970682    -0.021144512       9.5557998       9.5837614     -0.29175984
       21.000000     0.023675610    -0.019489664       9.7063264       9.7358240     -0.30297989
       21.300000     0.026670146    -0.017535795       9.8573961       9.8884991     -0.31453694
       21.600000     0.029965732    -0.015268840       10.009018       10.041799     -0.32644018
       21.900000     0.033573980    -0.012674369       10.161203       10.195735     -0.33869907
       22.200000     0.037506661 -9.7375787E-003       10.313958       10.350321     -0.35132329
       22.500000     0.041775701 -6.4432842E-003       10.467295       10.505570     -0.36432280
       22.800000     0.046393165 -2.7759163E-003       10.621223       10.661493     -0.37770782
       23.100000     0.051371251  1.2804859E-003       10.775752       10.818103     -0.39148882
       23.400000     0.056722276  5.7422807E-003       10.930891       10.975415     -0.40567654
       23.700000     0.062458661     0.010626229       11.086650       11.133442     -0.42028200
       24.000000     0.068592916     0.015949498       11.243040       11.292196     -0.43531647
       24.300000     0.075137619     0.021729668       11.400070       11.451693     -0.45079150
       24.600000     0.082105399     0.027984733       11.557750       11.611945     -0.46671892
       24.900000     0.089508911     0.034733103       11.716092       11.772968     -0.48311083
       25.200000     0.097360808     0.041993611       11.875104       11.934775     -0.49997960
       25.500000      0.10567371     0.049785507       12.034798       12.097382     -0.51733788
       25.800000      0.11446019     0.058128464       12.195183       12.260803     -0.53519858
       26.100000      0.12373270     0.067042570       12.356271       12.425053     -0.55357488
       26.400000      0.13350356     0.076548330       12.518072       12.590148     -0.57248024
       26.700000      0.14378492     0.086666659       12.680596       12.756103     -0.59192836
       27.000000      0.15458867     0.097418876       12.843856       12.922935     -0.61193321
       27.300000      0.16592642      0.10882669       13.007860       13.090660     -0.63250899
       27.600000      0.17780943      0.12091220       13.172621       13.259293     -0.65367015
       27.900000      0.19024853      0.13369786       13.338150       13.428852     -0.67543134
       28.200000      0.20325405      0.14720649       13.504457       13.599354     -0.69780745
       28.500000      0.21683574      0.16146123       13.671554       13.770816     -0.72081354
       28.800000      0.23100266      0.17648551       13.839453       13.943256     -0.74446486
       29.100000      0.24576310      0.19230306       14.008166       14.116691     -0.76877681
       29.400000      0.26112447      0.20893782       14.177702       14.291141     -0.79376492
       29.700000      0.27709311      0.22641393       14.348076       14.466622     -0.81944482
       30.000000      0.29367426      0.24475569       14.519299       14.643155     -0.84583222
