Results for:	
File:	C:\Users\User\OneDrive - Massachusetts Institute of Technology\Documents\MIT\Grad School\Classes\2.156\Lens Project\Prime Lenses\US003817603_Example01P.zmx
Title:	US 3,817,603 Example 1 (Ricoh smc Pentax-M 50mm F1.7)
Date:	11/7/2025 5:35:57 PM

0 message(s) in output.
3 series table(s) in output.

Table series: Data for wavelength : 0.486133 µm.
   Y Angle (deg)       Tan Shift       Sag Shift     Real Height     Ref. Height      Distortion
  --------------  --------------  --------------  --------------  --------------  --------------
      0.00000000    -0.088322950    -0.088322950      0.00000000      0.00000000      0.00000000
      0.22849643    -0.088380314    -0.088384306      0.20522800      0.20522784  7.4526222E-005
      0.45699285    -0.088541252    -0.088568288      0.41046223      0.41046222  3.8449525E-006
      0.68548928    -0.088805551    -0.088874645      0.61570894      0.61570965 -1.1402096E-004
      0.91398570    -0.089172856    -0.089302954      0.82097437      0.82097666 -2.7916722E-004
       1.1424821    -0.089642674    -0.089852624       1.0262648       1.0262698 -4.9172777E-004
       1.3709786    -0.090214369    -0.090522895       1.2315863       1.2315956 -7.5187484E-004
       1.5994750    -0.090887165    -0.091312836       1.4369454       1.4369606 -1.0597994E-003
       1.8279714    -0.091660144    -0.092221347       1.6423481       1.6423713 -1.4157889E-003
       2.0564678    -0.092532249    -0.093247155       1.8478007       1.8478344 -1.8201109E-003
       2.2849643    -0.093502281    -0.094388814       2.0533096       2.0533562 -2.2730903E-003
       2.5134607    -0.094568901    -0.095644706       2.2588809       2.2589436 -2.7750903E-003
       2.7419571    -0.095730631    -0.097013038       2.4645209       2.4646029 -3.3265120E-003
       2.9704535    -0.096985851    -0.098491840       2.6702358       2.6703407 -3.9277947E-003
       3.1989500    -0.098332802     -0.10007897       2.8760321       2.8761638 -4.5794154E-003
       3.4274464    -0.099769585     -0.10177209       3.0819158       3.0820786 -5.2818892E-003
       3.6559428     -0.10129416     -0.10356871       3.2878933       3.2880918 -6.0357689E-003
       3.8844392     -0.10290436     -0.10546614       3.4939710       3.4942100 -6.8416449E-003
       4.1129357     -0.10459785     -0.10746150       3.7001550       3.7004399 -7.7001454E-003
       4.3414321     -0.10637219     -0.10955173       3.9064516       3.9067881 -8.6119358E-003
       4.5699285     -0.10822478     -0.11173359       4.1128673       4.1132613 -9.5777188E-003
       4.7984249     -0.11015290     -0.11400363       4.3194083       4.3198661    -0.010598234
       5.0269214     -0.11215367     -0.11635824       4.5260809       4.5266094    -0.011674259
       5.2554178     -0.11422408     -0.11879357       4.7328915       4.7334977    -0.012806607
       5.4839142     -0.11636101     -0.12130559       4.9398464       4.9405379    -0.013996128
       5.7124106     -0.11856117     -0.12389009       5.1469520       5.1477367    -0.015243708
       5.9409071     -0.12082114     -0.12654262       5.3542145       5.3551008    -0.016550268
       6.1694035     -0.12313739     -0.12925854       5.5616405       5.5626372    -0.017916767
       6.3978999     -0.12550624     -0.13203299       5.7692363       5.7703525    -0.019344197
       6.6263963     -0.12792387     -0.13486090       5.9770083       5.9782537    -0.020833586
       6.8548928     -0.13038633     -0.13773697       6.1849628       6.1863477    -0.022385994
       7.0833892     -0.13288957     -0.14065568       6.3931064       6.3946412    -0.024002516
       7.3118856     -0.13542936     -0.14361128       6.6014454       6.6031414    -0.025684282
       7.5403820     -0.13800138     -0.14659779       6.8099863       6.8118550    -0.027432451
       7.7688785     -0.14060117     -0.14960900       7.0187356       7.0207890    -0.029248216
       7.9973749     -0.14322415     -0.15263843       7.2276997       7.2299506    -0.031132799
       8.2258713     -0.14586560     -0.15567937       7.4368852       7.4393467    -0.033087453
       8.4543677     -0.14852071     -0.15872485       7.6462985       7.6489843    -0.035113461
       8.6828642     -0.15118450     -0.16176764       7.8559462       7.8588707    -0.037212131
       8.9113606     -0.15385193     -0.16480024       8.0658349       8.0690128    -0.039384800
       9.1398570     -0.15651780     -0.16781488       8.2759710       8.2794180    -0.041632829
       9.3683534     -0.15917682     -0.17080350       8.4863612       8.4900933    -0.043957604
       9.5968499     -0.16182356     -0.17375777       8.6970121       8.7010460    -0.046360533
       9.8253463     -0.16445253     -0.17666905       8.9079304       8.9122834    -0.048843043
       10.053843     -0.16705809     -0.17952839       9.1191225       9.1238128    -0.051406582
       10.282339     -0.16963453     -0.18232655       9.3305954       9.3356415    -0.054052613
       10.510836     -0.17217601     -0.18505395       9.5423555       9.5477770    -0.056782613
       10.739332     -0.17467663     -0.18770068       9.7544097       9.7602266    -0.059598073
       10.967828     -0.17713037     -0.19025651       9.9667647       9.9729978    -0.062500492
       11.196325     -0.17953115     -0.19271084       10.179427       10.186098    -0.065491373
       11.424821     -0.18187279     -0.19505271       10.392404       10.399535    -0.068572225
       11.653318     -0.18414905     -0.19727081       10.605702       10.613317    -0.071744555
       11.881814     -0.18635361     -0.19935341       10.819328       10.827450    -0.075009866
       12.110311     -0.18848011     -0.20128841       11.033290       11.041943    -0.078369652
       12.338807     -0.19052209     -0.20306331       11.247593       11.256804    -0.081825395
       12.567303     -0.19247310     -0.20466516       11.462245       11.472039    -0.085378558
       12.795800     -0.19432660     -0.20608058       11.677252       11.687658    -0.089030581
       13.024296     -0.19607604     -0.20729575       11.892623       11.903667    -0.092782878
       13.252793     -0.19771486     -0.20829639       12.108364       12.120076    -0.096636814
       13.481289     -0.19923648     -0.20906769       12.324481       12.336891     -0.10059373
       13.709786     -0.20063431     -0.20959439       12.540983       12.554122     -0.10465491
       13.938282     -0.20190179     -0.20986069       12.757877       12.771775     -0.10882157
       14.166778     -0.20303239     -0.20985022       12.975169       12.989860     -0.11309488
       14.395275     -0.20401959     -0.20954610       13.192868       13.208384     -0.11747590
       14.623771     -0.20485697     -0.20893082       13.410980       13.427357     -0.12196565
       14.852268     -0.20553816     -0.20798629       13.629513       13.646785     -0.12656500
       15.080764     -0.20605689     -0.20669378       13.848474       13.866678     -0.13127474
       15.309261     -0.20640700     -0.20503390       14.067872       14.087044     -0.13609552
       15.537757     -0.20658247     -0.20298659       14.287713       14.307892     -0.14102788
       15.766253     -0.20657746     -0.20053105       14.508006       14.529230     -0.14607216
       15.994750     -0.20638629     -0.19764576       14.728759       14.751067     -0.15122854
       16.223246     -0.20600351     -0.19430840       14.949978       14.973411     -0.15649703
       16.451743     -0.20542392     -0.19049586       15.171673       15.196273     -0.16187740
       16.680239     -0.20464262     -0.18618416       15.393852       15.419660     -0.16736920
       16.908735     -0.20365500     -0.18134843       15.616522       15.643581     -0.17297170
       17.137232     -0.20245686     -0.17596289       15.839692       15.868046     -0.17868389
       17.365728     -0.20104436     -0.17000077       16.063371       16.093064     -0.18450445
       17.594225     -0.19941417     -0.16343428       16.287568       16.318644     -0.19043168
       17.822721     -0.19756346     -0.15623454       16.512290       16.544795     -0.19646351
       18.051218     -0.19548998     -0.14837155       16.737548       16.771526     -0.20259746
       18.279714     -0.19319213     -0.13981414       16.963349       16.998848     -0.20883053
       18.508210     -0.19066903     -0.13052986       17.189705       17.226770     -0.21515926
       18.736707     -0.18792062     -0.12048495       17.416623       17.455301     -0.22157956
       18.965203     -0.18494773     -0.10964427       17.644115       17.684451     -0.22808676
       19.193700     -0.18175218    -0.097971207       17.872189       17.914230     -0.23467547
       19.422196     -0.17833694    -0.085427586       18.100857       18.144647     -0.24133955
       19.650693     -0.17470619    -0.071973596       18.330129       18.375714     -0.24807201
       19.879189     -0.17086551    -0.057567684       18.560016       18.607440     -0.25486497
       20.107685     -0.16682200    -0.042166447       18.790530       18.839835     -0.26170948
       20.336182     -0.16258449    -0.025724524       19.021681       19.072910     -0.26859552
       20.564678     -0.15816372 -8.1944606E-003       19.253482       19.306675     -0.27551181
       20.793175     -0.15357258     0.010473417       19.485947       19.541140     -0.28244570
       21.021671     -0.14882634     0.030331155       19.719087       19.776316     -0.28938304
       21.250168     -0.14394292     0.051433336       19.952917       20.012215     -0.29630801
       21.478664     -0.13894326     0.073837252       20.187451       20.248846     -0.30320295
       21.707160     -0.13385163     0.097603102       20.422704       20.486221     -0.31004816
       21.935657     -0.12869611      0.12279421       20.658692       20.724351     -0.31682164
       22.164153     -0.12350898      0.14947724       20.895431       20.963247     -0.32349891
       22.392650     -0.11832733      0.17772250       21.132940       21.202921     -0.33005267
       22.621146     -0.11319368      0.20760418       21.371237       21.443384     -0.33645249
       22.849643     -0.10815667      0.23920072       21.610341       21.684647     -0.34266447

Table series: Data for wavelength : 0.587562 µm.
   Y Angle (deg)       Tan Shift       Sag Shift     Real Height     Ref. Height      Distortion
  --------------  --------------  --------------  --------------  --------------  --------------
      0.00000000  1.4061462E-003  1.4061462E-003      0.00000000      0.00000000      0.00000000
      0.22849643  1.3480263E-003  1.3413730E-003      0.20520734      0.20520739 -2.5137329E-005
      0.45699285  1.1826359E-003  1.1471361E-003      0.41042090      0.41042131 -1.0056894E-004
      0.68548928  9.1019062E-004  8.2368448E-004      0.61564689      0.61564829 -2.2635572E-004
      0.91398570  5.3104890E-004  3.7143297E-004      0.82089155      0.82089485 -4.0259882E-004
       1.1424821  4.5712214E-005 -2.0903717E-004       1.0261611       1.0261675 -6.2943986E-004
       1.3709786 -5.4517511E-004 -9.1697785E-004       1.2314617       1.2314729 -9.0706092E-004
       1.5994750 -1.2408255E-003 -1.7514740E-003       1.4367996       1.4368174 -1.2356843E-003
       1.8279714 -2.0403096E-003 -2.7114421E-003       1.6421811       1.6422077 -1.6155733E-003
       2.0564678 -2.9425543E-003 -3.7956306E-003       1.8476124       1.8476502 -2.0470313E-003
       2.2849643 -3.9463444E-003 -5.0026175E-003       2.0530997       2.0531516 -2.5304024E-003
       2.5134607 -5.0503217E-003 -6.3308111E-003       2.2586492       2.2587184 -3.0660708E-003
       2.7419571 -6.2529859E-003 -7.7784477E-003       2.4642672       2.4643572 -3.6544616E-003
       2.9704535 -7.5526943E-003 -9.3435907E-003       2.6699599       2.6700746 -4.2960399E-003
       3.1989500 -8.9476619E-003    -0.011024129       2.8757336       2.8758771 -4.9913117E-003
       3.4274464    -0.010435962    -0.012817777       3.0815945       3.0817714 -5.7408231E-003
       3.6559428    -0.012015525    -0.014722069       3.2875489       3.2877641 -6.5451607E-003
       3.8844392    -0.013684140    -0.016734364       3.4936031       3.4938618 -7.4049515E-003
       4.1129357    -0.015439457    -0.018851836       3.6997633       3.7000711 -8.3208628E-003
       4.3414321    -0.017278980    -0.021071478       3.9060357       3.9063988 -9.2936022E-003
       4.5699285    -0.019200077    -0.023390097       4.1124268       4.1128514    -0.010323917
       4.7984249    -0.021199973    -0.025804315       4.3189427       4.3194356    -0.011412596
       5.0269214    -0.023275751    -0.028310559       4.5255898       4.5261583    -0.012560467
       5.2554178    -0.025424359    -0.030905068       4.7323743       4.7330260    -0.013768397
       5.4839142    -0.027642600    -0.033583882       4.9393027       4.9400455    -0.015037295
       5.7124106    -0.029927141    -0.036342845       5.1463812       5.1472237    -0.016368107
       5.9409071    -0.032274511    -0.039177598       5.3536161       5.3545672    -0.017761821
       6.1694035    -0.034681099    -0.042083577       5.5610138       5.5620828    -0.019219462
       6.3978999    -0.037143157    -0.045056011       5.7685807       5.7697775    -0.020742095
       6.6263963    -0.039656803    -0.048089915       5.9763231       5.9776580    -0.022330825
       6.8548928    -0.042218015    -0.051180089       6.1842474       6.1857312    -0.023986793
       7.0833892    -0.044822640    -0.054321114       6.3923600       6.3940040    -0.025711179
       7.3118856    -0.047466386    -0.057507345       6.6006673       6.6024833    -0.027505202
       7.5403820    -0.050144833    -0.060732908       6.8091757       6.8111761    -0.029370116
       7.7688785    -0.052853424    -0.063991696       7.0178916       7.0200894    -0.031307213
       7.9973749    -0.055587475    -0.067277365       7.2268215       7.2292301    -0.033317821
       8.2258713    -0.058342171    -0.070583325       7.4359718       7.4386053    -0.035403304
       8.4543677    -0.061112566    -0.073902738       7.6453490       7.6482221    -0.037565058
       8.6828642    -0.063893592    -0.077228509       7.8549596       7.8580875    -0.039804516
       8.9113606    -0.066680052    -0.080553284       8.0648101       8.0682087    -0.042123143
       9.1398570    -0.069466628    -0.083869442       8.2749071       8.2785929    -0.044522436
       9.3683534    -0.072247879    -0.087169086       8.4852569       8.4892472    -0.047003922
       9.5968499    -0.075018246    -0.090444039       8.6958663       8.7001789    -0.049569159
       9.8253463    -0.077772054    -0.093685836       8.9067417       8.9113952    -0.052219734
       10.053843    -0.080503511    -0.096885716       9.1178899       9.1229036    -0.054957259
       10.282339    -0.083206716     -0.10003461       9.3293173       9.3347112    -0.057783372
       10.510836    -0.085875659     -0.10312315       9.5410306       9.5468255    -0.060699735
       10.739332    -0.088504225     -0.10614163       9.7530365       9.7592540    -0.063708031
       10.967828    -0.091086196     -0.10908002       9.9653417       9.9720040    -0.066809963
       11.196325    -0.093615258     -0.11192796       10.177953       10.185083    -0.070007250
       11.424821    -0.096085003     -0.11467472       10.390877       10.398499    -0.073301627
       11.653318    -0.098488935     -0.11730922       10.604120       10.612259    -0.076694840
       11.881814     -0.10082047     -0.11982001       10.817690       10.826371    -0.080188642
       12.110311     -0.10307295     -0.12219525       11.031592       11.040843    -0.083784793
       12.338807     -0.10523965     -0.12442271       11.245835       11.255682    -0.087485054
       12.567303     -0.10731376     -0.12648975       11.460424       11.470896    -0.091291184
       12.795800     -0.10928843     -0.12838330       11.675367       11.686493    -0.095204933
       13.024296     -0.11115675     -0.13008985       11.890671       11.902481    -0.099228043
       13.252793     -0.11291176     -0.13159545       12.106342       12.118868     -0.10336223
       13.481289     -0.11454648     -0.13288568       12.322388       12.335662     -0.10760920
       13.709786     -0.11605389     -0.13394562       12.538815       12.552871     -0.11197062
       13.938282     -0.11742697     -0.13475986       12.755632       12.770503     -0.11644813
       14.166778     -0.11865868     -0.13531246       12.972844       12.988566     -0.12104332
       14.395275     -0.11974200     -0.13558695       13.190459       13.207068     -0.12575772
       14.623771     -0.12066993     -0.13556629       13.408485       13.426018     -0.13059282
       14.852268     -0.12143552     -0.13523284       13.626929       13.645425     -0.13555003
       15.080764     -0.12203184     -0.13456839       13.845797       13.865296     -0.14063068
       15.309261     -0.12245206     -0.13355407       14.065098       14.085640     -0.14583601
       15.537757     -0.12268943     -0.13217036       14.284839       14.306466     -0.15116714
       15.766253     -0.12273730     -0.13039705       14.505027       14.527782     -0.15662510
       15.994750     -0.12258918     -0.12821323       14.725671       14.749597     -0.16221077
       16.223246     -0.12223871     -0.12559722       14.946778       14.971919     -0.16792489
       16.451743     -0.12167972     -0.12252660       15.168355       15.194758     -0.17376801
       16.680239     -0.12090626     -0.11897810       15.390410       15.418123     -0.17974054
       16.908735     -0.11991262     -0.11492762       15.612953       15.642022     -0.18584263
       17.137232     -0.11869338     -0.11035016       15.835989       15.866465     -0.19207424
       17.365728     -0.11724342     -0.10521982       16.059529       16.091460     -0.19843506
       17.594225     -0.11555800    -0.099509695       16.283580       16.317017     -0.20492449
       17.822721     -0.11363277    -0.093191863       16.508150       16.543146     -0.21154163
       18.051218     -0.11146387    -0.086237339       16.733249       16.769855     -0.21828523
       18.279714     -0.10904792    -0.078616007       16.958884       16.997154     -0.22515366
       18.508210     -0.10638213    -0.070296566       17.185066       17.225053     -0.23214486
       18.736707     -0.10346436    -0.061246469       17.411802       17.453561     -0.23925632
       18.965203     -0.10029320    -0.051431854       17.639103       17.682688     -0.24648499
       19.193700    -0.096868016    -0.040817481       17.866978       17.912444     -0.25382728
       19.422196    -0.093189095    -0.029366642       18.095436       18.142839     -0.26127897
       19.650693    -0.089257717    -0.017041088       18.324488       18.373883     -0.26883513
       19.879189    -0.085076277 -3.8009339E-003       18.554143       18.605586     -0.27649011
       20.107685    -0.080648413     0.010395433       18.784413       18.837958     -0.28423738
       20.336182    -0.075979146     0.025591459       19.015309       19.071009     -0.29206953
       20.564678    -0.071075040     0.041832542       19.246841       19.304751     -0.29997809
       20.793175    -0.065944382     0.059166145       19.479021       19.539192     -0.30795349
       21.021671    -0.060597380     0.077641938       19.711862       19.774346     -0.31598492
       21.250168    -0.055046386     0.097311938       19.945375       20.010220     -0.32406017
       21.478664    -0.049306158      0.11823067       20.179575       20.246828     -0.33216554
       21.707160    -0.043394136      0.14045534       20.414475       20.484180     -0.34028563
       21.935657    -0.037330779      0.16404602       20.650089       20.722286     -0.34840318
       22.164153    -0.031139927      0.18906588       20.886432       20.961158     -0.35649886
       22.392650    -0.024849228      0.21558137       21.123520       21.200808     -0.36455105
       22.621146    -0.018490618      0.24366253       21.361370       21.441247     -0.37253556
       22.849643    -0.012100882      0.27338323       21.600000       21.682486     -0.38042536

Table series: Data for wavelength : 0.656273 µm.
   Y Angle (deg)       Tan Shift       Sag Shift     Real Height     Ref. Height      Distortion
  --------------  --------------  --------------  --------------  --------------  --------------
      0.00000000     0.071917362     0.071917362      0.00000000      0.00000000      0.00000000
      0.22849643     0.071858813     0.071851137      0.20518839      0.20518830  4.4850547E-005
      0.45699285     0.071691200     0.071652545      0.41038299      0.41038312 -3.2714707E-005
      0.68548928     0.071414738     0.071321832      0.61559001      0.61559101 -1.6205896E-004
      0.91398570     0.071029787     0.070859411      0.82081565      0.82081847 -3.4328545E-004
       1.1424821     0.070536850     0.070265859       1.0260661       1.0260721 -5.7653873E-004
       1.3709786     0.069936576     0.069541920       1.2313477       1.2313583 -8.6200466E-004
       1.5994750     0.069229753     0.068688503       1.4366665       1.4366837 -1.1999251E-003
       1.8279714     0.068417316     0.067706685       1.6420287       1.6420549 -1.5905390E-003
       2.0564678     0.067500341     0.066597707       1.8474407       1.8474783 -2.0341711E-003
       2.2849643     0.066480050     0.065362985       2.0529086       2.0529606 -2.5311727E-003
       2.5134607     0.065357804     0.064004098       2.2584387       2.2585083 -3.0819362E-003
       2.7419571     0.064135112     0.062522800       2.4640371       2.4641279 -3.6868958E-003
       2.9704535     0.062813622     0.060921013       2.6697101       2.6698262 -4.3465267E-003
       3.1989500     0.061395128     0.059200836       2.8754640       2.8756096 -5.0613457E-003
       3.4274464     0.059881563     0.057364538       3.0813050       3.0814847 -5.8319111E-003
       3.6559428     0.058275006     0.055414569       3.2872393       3.2874582 -6.6588223E-003
       3.8844392     0.056577678     0.053353554       3.4932732       3.4935367 -7.5427203E-003
       4.1129357     0.054791940     0.051184298       3.6994130       3.6997269 -8.4842875E-003
       4.3414321     0.052920297     0.048909788       3.9056648       3.9060353 -9.4842477E-003
       4.5699285     0.050965396     0.046533196       4.1120351       4.1124687    -0.010543366
       4.7984249     0.048930023     0.044057878       4.3185300       4.3190337    -0.011662448
       5.0269214     0.046817108     0.041487382       4.5251559       4.5257371    -0.012842342
       5.2554178     0.044629721     0.038825443       4.7319191       4.7325856    -0.014083937
       5.4839142     0.042371071     0.036075994       4.9388258       4.9395859    -0.015388163
       5.7124106     0.040044509     0.033243162       5.1458824       5.1467448    -0.016755989
       5.9409071     0.037653525     0.030331276       5.3530951       5.3540690    -0.018188429
       6.1694035     0.035201748     0.027344868       5.5604704       5.5615653    -0.019686533
       6.3978999     0.032692945     0.024288675       5.7680146       5.7692406    -0.021251396
       6.6263963     0.030131022     0.021167647       5.9757340       5.9771018    -0.022884149
       6.8548928     0.027520021     0.017986947       6.1836350       6.1851556    -0.024585967
       7.0833892     0.024864123     0.014751954       6.3917239       6.3934091    -0.026358061
       7.3118856     0.022167641     0.011468274       6.6000072       6.6018690    -0.028201685
       7.5403820     0.019435026  8.1417349E-003       6.8084912       6.8105424    -0.030118129
       7.7688785     0.016670861  4.7784000E-003       7.0171824       7.0194362    -0.032108723
       7.9973749     0.013879862  1.3845671E-003       7.2260871       7.2285575    -0.034174836
       8.2258713     0.011066877 -2.0332241E-003       7.4352119       7.4379132    -0.036317873
       8.4543677  8.2368848E-003 -5.4681868E-003       7.6445632       7.6475105    -0.038539276
       8.6828642  5.3949918E-003 -8.9132819E-003       7.8541474       7.8573564    -0.040840525
       8.9113606  2.5464324E-003    -0.012361211       8.0639710       8.0674580    -0.043223133
       9.1398570 -3.0343346E-004    -0.015804413       8.2740406       8.2778226    -0.045688649
       9.3683534 -3.1491222E-003    -0.019235053       8.4843626       8.4884573    -0.048238656
       9.5968499 -5.9850281E-003    -0.022645019       8.6949436       8.6993694    -0.050874769
       9.8253463 -8.8054262E-003    -0.026025914       8.9057901       8.9105661    -0.053598634
       10.053843    -0.011604474    -0.029369048       9.1169088       9.1220547    -0.056411928
       10.282339    -0.014376214    -0.032665431       9.3283061       9.3338426    -0.059316356
       10.510836    -0.017114578    -0.035905763       9.5399888       9.5459372    -0.062313651
       10.739332    -0.019813388    -0.039080426       9.7519634       9.7583459    -0.065405570
       10.967828    -0.022466361    -0.042179478       9.9642366       9.9710762    -0.068593893
       11.196325    -0.025067111    -0.045192637       10.176815       10.184135    -0.071880423
       11.424821    -0.027609155    -0.048109279       10.389706       10.397531    -0.075266981
       11.653318    -0.030085918    -0.050918419       10.602915       10.611272    -0.078755404
       11.881814    -0.032490732    -0.053608707       10.816449       10.825364    -0.082347542
       12.110311    -0.034816848    -0.056168414       11.030316       11.039815    -0.086045257
       12.338807    -0.037057438    -0.058585418       11.244522       11.254634    -0.089850418
       12.567303    -0.039205600    -0.060847193       11.459074       11.469829    -0.093764894
       12.795800    -0.041254368    -0.062940797       11.673979       11.685406    -0.097790558
       13.024296    -0.043196716    -0.064852853       11.889243       11.901374     -0.10192928
       13.252793    -0.045025563    -0.066569544       12.104874       12.117741     -0.10618290
       13.481289    -0.046733791    -0.068076583       12.320878       12.334514     -0.11055327
       13.709786    -0.048314243    -0.069359209       12.537263       12.551703     -0.11504222
       13.938282    -0.049759740    -0.070402164       12.754036       12.769314     -0.11965152
       14.166778    -0.051063088    -0.071189677       12.971203       12.987357     -0.12438294
       14.395275    -0.052217090    -0.071705444       13.188772       13.205839     -0.12923820
       14.623771    -0.053214560    -0.071932604       13.406751       13.424769     -0.13421896
       14.852268    -0.054048336    -0.071853726       13.625145       13.644155     -0.13932683
       15.080764    -0.054711296    -0.071450778       13.843964       13.864006     -0.14456335
       15.309261    -0.055196364    -0.070705108       14.063213       14.084329     -0.14992998
       15.537757    -0.055496551    -0.069597417       14.282900       14.305135     -0.15542810
       15.766253    -0.055604955    -0.068107733       14.503034       14.526430     -0.16105897
       15.994750    -0.055514775    -0.066215385       14.723621       14.748224     -0.16682373
       16.223246    -0.055219358    -0.063898966       14.944669       14.970526     -0.17272342
       16.451743    -0.054712208    -0.061136308       15.166185       15.193345     -0.17875890
       16.680239    -0.053987017    -0.057904448       15.388178       15.416688     -0.18493087
       16.908735    -0.053037694    -0.054179586       15.610656       15.640567     -0.19123987
       17.137232    -0.051858398    -0.049937055       15.833626       15.864989     -0.19768618
       17.365728    -0.050443574    -0.045151276       16.057096       16.089963     -0.20426991
       17.594225    -0.048787993    -0.039795714       16.281075       16.315499     -0.21099088
       17.822721    -0.046886792    -0.033842836       16.505571       16.541607     -0.21784862
       18.051218    -0.044735526    -0.027264059       16.730592       16.768295     -0.22484237
       18.279714    -0.042330216    -0.020029697       16.956148       16.995573     -0.23197101
       18.508210    -0.039667406    -0.012108909       17.182246       17.223450     -0.23923302
       18.736707    -0.036744232 -3.4696339E-003       17.408896       17.451937     -0.24662649
       18.965203    -0.033558485  5.9214720E-003       17.636107       17.681043     -0.25414900
       19.193700    -0.030108686     0.016099098       17.863888       17.910778     -0.26179765
       19.422196    -0.026394182     0.027099363       18.092248       18.141151     -0.26956893
       19.650693    -0.022415231     0.038959889       18.321198       18.372173     -0.27745872
       19.879189    -0.018173109     0.051719889       18.550748       18.603855     -0.28546221
       20.107685    -0.013670231     0.065420259       18.780907       18.836205     -0.29357380
       20.336182 -8.9102733E-003     0.080103678       19.011686       19.069235     -0.30178705
       20.564678 -3.8983267E-003     0.095814717       19.243097       19.302954     -0.31009459
       20.793175  1.3589467E-003      0.11259996       19.475150       19.537374     -0.31848801
       21.021671  6.8531284E-003      0.13050811       19.707858       19.772506     -0.32695776
       21.250168     0.012573840      0.14959018       19.941232       20.008359     -0.33549301
       21.478664     0.018508513      0.16989958       20.175285       20.244944     -0.34408155
       21.707160     0.024642126      0.19149232       20.410031       20.482274     -0.35270963
       21.935657     0.030956915      0.21442719       20.645482       20.720358     -0.36136175
       22.164153     0.037432034      0.23876594       20.881655       20.959208     -0.37002055
       22.392650     0.044043179      0.26457352       21.118562       21.198835     -0.37866653
       22.621146     0.050762151      0.29191831       21.356222       21.439252     -0.38727786
       22.849643     0.057556359      0.32087238       21.594650       21.680468     -0.39583009
