Results for:	
File:	C:\Users\User\OneDrive - Massachusetts Institute of Technology\Documents\MIT\Grad School\Classes\2.156\Lens Project\Prime Lenses\US005325234_Example03P.zmx
Title:	US 5,325,234 Example 3 (Ricoh smc Pentax-DA 200mm F2.8 ED[IF] SDM)
Date:	11/7/2025 5:39:07 PM

0 message(s) in output.
3 series table(s) in output.

Table series: Data for wavelength : 0.486133 µm.
   Y Angle (deg)       Tan Shift       Sag Shift     Real Height     Ref. Height      Distortion
  --------------  --------------  --------------  --------------  --------------  --------------
      0.00000000    -0.050319676    -0.050319676      0.00000000      0.00000000      0.00000000
     0.051068175    -0.050357697    -0.050338473      0.21293186      0.21293158  1.3205724E-004
      0.10213635    -0.050479915    -0.050394857      0.42586543      0.42586349  4.5530276E-004
      0.15320453    -0.050686261    -0.050488802      0.63880243      0.63879608  9.9396189E-004
      0.20427270    -0.050976620    -0.050620268      0.85174458      0.85172969  1.7480245E-003
      0.25534088    -0.051350830    -0.050789196       1.0646936       1.0646647  2.7174305E-003
      0.30640905    -0.051808683    -0.050995512       1.2776512       1.2776013  3.9021025E-003
      0.35747723    -0.052349924    -0.051239124       1.4906190       1.4905400  5.3019456E-003
      0.40854540    -0.052974251    -0.051519925       1.7035989       1.7034810  6.9168480E-003
      0.45961358    -0.053681318    -0.051837790       1.9165924       1.9164248  8.7466801E-003
      0.51068175    -0.054470729    -0.052192578       2.1296014       2.1293716     0.010791295
      0.56174993    -0.055342045    -0.052584132       2.3426275       2.3423218     0.013050528
      0.61281810    -0.056294779    -0.053012277       2.5556724       2.5552757     0.015524198
      0.66388628    -0.057328397    -0.053476821       2.7687378       2.7682337     0.018212104
      0.71495445    -0.058442321    -0.053977556       2.9818255       2.9811960     0.021114029
      0.76602263    -0.059635926    -0.054514259       3.1949371       3.1941631     0.024229737
      0.81709080    -0.060908540    -0.055086686       3.4080743       3.4071353     0.027558975
      0.86815898    -0.062259447    -0.055694579       3.6212388       3.6201129     0.031101471
      0.91922715    -0.063687884    -0.056337663       3.8344324       3.8330963     0.034856934
      0.97029533    -0.065193043    -0.057015644       4.0476566       4.0460857     0.038825055
       1.0213635    -0.066774069    -0.057728213       4.2609132       4.2590816     0.043005509
       1.0724317    -0.068430064    -0.058475042       4.4742039       4.4720842     0.047397947
       1.1234999    -0.070160083    -0.059255787       4.6875303       4.6850939     0.052002005
       1.1745680    -0.071963137    -0.060070087       4.9008941       4.8981111     0.056817298
       1.2256362    -0.073838191    -0.060917563       5.1142970       5.1111361     0.061843423
       1.2767044    -0.075784165    -0.061797818       5.3277407       5.3241692     0.067079955
       1.3277726    -0.077799937    -0.062710437       5.5412267       5.5372108     0.072526452
       1.3788407    -0.079884338    -0.063654991       5.7547569       5.7502612     0.078182449
       1.4299089    -0.082036155    -0.064631028       5.9683327       5.9633207     0.084047463
       1.4809771    -0.084254132    -0.065638082       6.1819559       6.1763897     0.090120989
       1.5320453    -0.086536970    -0.066675669       6.3956281       6.3894685     0.096402503
       1.5831134    -0.088883324    -0.067743284       6.6093509       6.6025575      0.10289146
       1.6341816    -0.091291807    -0.068840406       6.8231260       6.8156569      0.10958728
       1.6852498    -0.093760990    -0.069966497       7.0369550       7.0287672      0.11648939
       1.7363180    -0.096289401    -0.071120998       7.2508395       7.2418887      0.12359717
       1.7873861    -0.098875524    -0.072303334       7.4647811       7.4550217      0.13090998
       1.8384543     -0.10151780    -0.073512909       7.6787814       7.6681666      0.13842717
       1.8895225     -0.10421464    -0.074749111       7.8928420       7.8813236      0.14614807
       1.9405907     -0.10696439    -0.076011307       8.1069646       8.0944932      0.15407195
       1.9916588     -0.10976538    -0.077298845       8.3211506       8.3076757      0.16219811
       2.0427270     -0.11261588    -0.078611056       8.5354017       8.5208714      0.17052578
       2.0937952     -0.11551413    -0.079947250       8.7497194       8.7340806      0.17905419
       2.1448634     -0.11845833    -0.081306719       8.9641052       8.9473038      0.18778254
       2.1959315     -0.12144664    -0.082688734       9.1785608       9.1605411      0.19671000
       2.2469997     -0.12447718    -0.084092547       9.3930877       9.3737931      0.20583572
       2.2980679     -0.12754803    -0.085517390       9.6076874       9.5870599      0.21515882
       2.3491361     -0.13065724    -0.086962475       9.8223613       9.8003421      0.22467839
       2.4002042     -0.13380280    -0.088426995       10.037111       10.013640      0.23439350
       2.4512724     -0.13698270    -0.089910122       10.251938       10.226953      0.24430319
       2.5023406     -0.14019486    -0.091411007       10.466844       10.440283      0.25440647
       2.5534088     -0.14343718    -0.092928779       10.681830       10.653630      0.26470231
       2.6044769     -0.14670752    -0.094462550       10.896898       10.866993      0.27518968
       2.6555451     -0.15000372    -0.096011408       11.112049       11.080374      0.28586749
       2.7066133     -0.15332357    -0.097574421       11.327285       11.293773      0.29673464
       2.7576815     -0.15666483    -0.099150634       11.542607       11.507189      0.30778997
       2.8087496     -0.16002524     -0.10073907       11.758017       11.720624      0.31903233
       2.8598178     -0.16340248     -0.10233874       11.973515       11.934077      0.33046051
       2.9108860     -0.16679424     -0.10394861       12.189103       12.147550      0.34207326
       2.9619542     -0.17019816     -0.10556766       12.404784       12.361042      0.35386933
       3.0130223     -0.17361184     -0.10719480       12.620557       12.574553      0.36584739
       3.0640905     -0.17703287     -0.10882896       12.836424       12.788085      0.37800611
       3.1151587     -0.18045881     -0.11046903       13.052388       13.001637      0.39034411
       3.1662269     -0.18388719     -0.11211387       13.268448       13.215209      0.40285998
       3.2172950     -0.18731553     -0.11376233       13.484607       13.428803      0.41555226
       3.2683632     -0.19074130     -0.11541323       13.700865       13.642418      0.42841947
       3.3194314     -0.19416198     -0.11706536       13.917224       13.856055      0.44146007
       3.3704996     -0.19757502     -0.11871750       14.133685       14.069714      0.45467249
       3.4215677     -0.20097783     -0.12036839       14.350249       14.283395      0.46805513
       3.4726359     -0.20436782     -0.12201676       14.566918       14.497099      0.48160633
       3.5237041     -0.20774240     -0.12366130       14.783693       14.710826      0.49532439
       3.5747723     -0.21109893     -0.12530069       15.000574       14.924577      0.50920758
       3.6258404     -0.21443479     -0.12693358       15.217564       15.138352      0.52325410
       3.6769086     -0.21774733     -0.12855858       15.434662       15.352150      0.53746214
       3.7279768     -0.22103390     -0.13017430       15.651871       15.565973      0.55182982
       3.7790450     -0.22429183     -0.13177929       15.869191       15.779821      0.56635520
       3.8301131     -0.22751846     -0.13337211       16.086624       15.993695      0.58103632
       3.8811813     -0.23071113     -0.13495127       16.304170       16.207593      0.59587115
       3.9322495     -0.23386715     -0.13651525       16.521830       16.421518      0.61085762
       3.9833177     -0.23698387     -0.13806252       16.739606       16.635469      0.62599360
       4.0343858     -0.24005861     -0.13959151       16.957498       16.849446      0.64127691
       4.0854540     -0.24308872     -0.14110063       17.175507       17.063450      0.65670532
       4.1365222     -0.24607155     -0.14258824       17.393634       17.277482      0.67227653
       4.1875904     -0.24900446     -0.14405269       17.611881       17.491541      0.68798819
       4.2386585     -0.25188482     -0.14549231       17.830247       17.705628      0.70383789
       4.2897267     -0.25471002     -0.14690538       18.048734       17.919743      0.71982317
       4.3407949     -0.25747748     -0.14829015       18.267342       18.133887      0.73594149
       4.3918631     -0.26018462     -0.14964485       18.486072       18.348060      0.75219027
       4.4429312     -0.26282893     -0.15096768       18.704926       18.562262      0.76856684
       4.4939994     -0.26540787     -0.15225681       18.923903       18.776494      0.78506847
       4.5450676     -0.26791899     -0.15351036       19.143004       18.990756      0.80169238
       4.5961358     -0.27035984     -0.15472643       19.362230       19.205049      0.81843571
       4.6472039     -0.27272802     -0.15590310       19.581581       19.419372      0.83529551
       4.6982721     -0.27502119     -0.15703840       19.801058       19.633726      0.85226879
       4.7493403     -0.27723705     -0.15813034       20.020661       19.848111      0.86935246
       4.8004085     -0.27937335     -0.15917687       20.240391       20.062528      0.88654337
       4.8514766     -0.28142790     -0.16017594       20.460249       20.276978      0.90383827
       4.9025448     -0.28339858     -0.16112545       20.680234       20.491460      0.92123385
       4.9536130     -0.28528334     -0.16202325       20.900347       20.705974      0.93872672
       5.0046812     -0.28708019     -0.16286718       21.120588       20.920522      0.95631338
       5.0557493     -0.28878724     -0.16365504       21.340957       21.135103      0.97399026
       5.1068175     -0.29040267     -0.16438458       21.561455       21.349718      0.99175371

Table series: Data for wavelength : 0.587562 µm.
   Y Angle (deg)       Tan Shift       Sag Shift     Real Height     Ref. Height      Distortion
  --------------  --------------  --------------  --------------  --------------  --------------
      0.00000000 -5.2404483E-003 -5.2404483E-003      0.00000000      0.00000000      0.00000000
     0.051068175 -5.2806186E-003 -5.2618567E-003      0.21269512      0.21269489  1.0958759E-004
      0.10213635 -5.4172749E-003 -5.3260738E-003      0.42539197      0.42539011  4.3835410E-004
      0.15320453 -5.6503500E-003 -5.4330754E-003      0.63809230      0.63808601  9.8627020E-004
      0.20427270 -5.9797310E-003 -5.5828215E-003      0.85079784      0.85078292  1.7532951E-003
      0.25534088 -6.4052597E-003 -5.7752560E-003       1.0635103       1.0634812  2.7393736E-003
      0.30640905 -6.9267322E-003 -6.0103065E-003       1.2762315       1.2761811  3.9444328E-003
      0.35747723 -7.5438993E-003 -6.2878843E-003       1.4889631       1.4888831  5.3683841E-003
      0.40854540 -8.2564666E-003 -6.6078856E-003       1.7017068       1.7015875  7.0111234E-003
      0.45961358 -9.0640938E-003 -6.9701894E-003       1.9144644       1.9142945  8.8725289E-003
      0.51068175 -9.9663953E-003 -7.3746592E-003       2.1272376       2.1270046     0.010952463
      0.56174993    -0.010962940 -7.8211421E-003       2.3400281       2.3397181     0.013250771
      0.61281810    -0.012053254 -8.3094681E-003       2.5528377       2.5524353     0.015767285
      0.66388628    -0.013236814 -8.8394529E-003       2.7656681       2.7651565     0.018501816
      0.71495445    -0.014513054 -9.4108939E-003       2.9785210       2.9778822     0.021454160
      0.76602263    -0.015881363    -0.010023574       3.1913982       3.1906125     0.024624097
      0.81709080    -0.017341085    -0.010677259       3.4043013       3.4033480     0.028011389
      0.86815898    -0.018891518    -0.011371698       3.6172321       3.6160888     0.031615782
      0.91922715    -0.020531917    -0.012106623       3.8301923       3.8288354     0.035437005
      0.97029533    -0.022261491    -0.012881750       4.0431835       4.0415881     0.039474767
       1.0213635    -0.024079404    -0.013696780       4.2562076       4.2543472     0.043728762
       1.0724317    -0.025984776    -0.014551396       4.4692662       4.4671131     0.048198667
       1.1234999    -0.027976685    -0.015445262       4.6823610       4.6798861     0.052884139
       1.1745680    -0.030054161    -0.016378030       4.8954937       4.8926665     0.057784817
       1.2256362    -0.032216193    -0.017349332       5.1086660       5.1054547     0.062900323
       1.2767044    -0.034461723    -0.018358782       5.3218796       5.3182510     0.068230261
       1.3277726    -0.036789653    -0.019405982       5.5351362       5.5310557     0.073774216
       1.3788407    -0.039198838    -0.020490510       5.7484375       5.7438693     0.079531751
       1.4299089    -0.041688092    -0.021611933       5.9617851       5.9566919     0.085502415
       1.4809771    -0.044256184    -0.022769798       6.1751807       6.1695241     0.091685735
       1.5320453    -0.046901842    -0.023963633       6.3886259       6.3823660     0.098081217
       1.5831134    -0.049623750    -0.025192953       6.6021226       6.5952181      0.10468835
       1.6341816    -0.052420549    -0.026457250       6.8156722       6.8080807      0.11150660
       1.6852498    -0.055290838    -0.027756003       7.0292765       7.0209542      0.11853542
       1.7363180    -0.058233175    -0.029088671       7.2429370       7.2338387      0.12577423
       1.7873861    -0.061246075    -0.030454695       7.4566556       7.4467348      0.13322243
       1.8384543    -0.064328013    -0.031853499       7.6704336       7.6596428      0.14087942
       1.8895225    -0.067477420    -0.033284487       7.8842729       7.8725629      0.14874455
       1.9405907    -0.070692689    -0.034747048       8.0981750       8.0854955      0.15681716
       1.9916588    -0.073972172    -0.036240550       8.3121415       8.2984410      0.16509657
       2.0427270    -0.077314178    -0.037764343       8.5261740       8.5113997      0.17358208
       2.0937952    -0.080716980    -0.039317759       8.7402741       8.7243719      0.18227296
       2.1448634    -0.084178810    -0.040900110       8.9544435       8.9373581      0.19116845
       2.1959315    -0.087697859    -0.042510690       9.1686836       9.1503584      0.20026778
       2.2469997    -0.091272283    -0.044148774       9.3829961       9.3633733      0.20957014
       2.2980679    -0.094900197    -0.045813618       9.5973826       9.5764031      0.21907473
       2.3491361    -0.098579679    -0.047504457       9.8118445       9.7894481      0.22878067
       2.4002042     -0.10230877    -0.049220509       10.026383       10.002509      0.23868710
       2.4512724     -0.10608548    -0.050960970       10.241001       10.215585      0.24879312
       2.5023406     -0.10990776    -0.052725017       10.455699       10.428678      0.25909779
       2.5534088     -0.11377357    -0.054511807       10.670478       10.641788      0.26960016
       2.6044769     -0.11768078    -0.056320477       10.885340       10.854914      0.28029924
       2.6555451     -0.12162727    -0.058150143       11.100287       11.068057      0.29119402
       2.7066133     -0.12561087    -0.059999900       11.315320       11.281219      0.30228346
       2.7576815     -0.12962936    -0.061868824       11.530441       11.494398      0.31356649
       2.8087496     -0.13368052    -0.063755969       11.745650       11.707595      0.32504200
       2.8598178     -0.13776208    -0.065660367       11.960950       11.920812      0.33670886
       2.9108860     -0.14187175    -0.067581029       12.176342       12.134047      0.34856591
       2.9619542     -0.14600718    -0.069516945       12.391827       12.347301      0.36061196
       3.0130223     -0.15016603    -0.071467083       12.607407       12.560575      0.37284578
       3.0640905     -0.15434590    -0.073430388       12.823083       12.773870      0.38526609
       3.1151587     -0.15854440    -0.075405785       13.038856       12.987184      0.39787162
       3.1662269     -0.16275908    -0.077392173       13.254729       13.200519      0.41066102
       3.2172950     -0.16698747    -0.079388432       13.470701       13.413876      0.42363293
       3.2683632     -0.17122709    -0.081393416       13.686775       13.627253      0.43678596
       3.3194314     -0.17547542    -0.083405958       13.902952       13.840653      0.45011865
       3.3704996     -0.17972994    -0.085424865       14.119233       14.054074      0.46362954
       3.4215677     -0.18398810    -0.087448923       14.335619       14.267518      0.47731710
       3.4726359     -0.18824731    -0.089476892       14.552112       14.480984      0.49117978
       3.5237041     -0.19250500    -0.091507509       14.768713       14.694474      0.50521598
       3.5747723     -0.19675855    -0.093539486       14.985423       14.907987      0.51942408
       3.6258404     -0.20100534    -0.095571509       15.202243       15.121524      0.53380237
       3.6769086     -0.20524274    -0.097602241       15.419175       15.335085      0.54834915
       3.7279768     -0.20946811    -0.099630318       15.636219       15.548671      0.56306265
       3.7790450     -0.21367879     -0.10165435       15.853378       15.762281      0.57794104
       3.8301131     -0.21787211     -0.10367293       16.070651       15.975916      0.59298248
       3.8811813     -0.22204540     -0.10568460       16.288040       16.189577      0.60818506
       3.9322495     -0.22619600     -0.10768790       16.505546       16.403264      0.62354681
       3.9833177     -0.23032122     -0.10968134       16.723170       16.616977      0.63906574
       4.0343858     -0.23441840     -0.11166340       16.940914       16.830716      0.65473979
       4.0854540     -0.23848484     -0.11363251       17.158777       17.044483      0.67056685
       4.1365222     -0.24251789     -0.11558712       17.376762       17.258276      0.68654475
       4.1875904     -0.24651488     -0.11752560       17.594869       17.472098      0.70267130
       4.2386585     -0.25047316     -0.11944633       17.813099       17.685947      0.71894420
       4.2897267     -0.25439008     -0.12134763       18.031452       17.899824      0.73536114
       4.3407949     -0.25826303     -0.12322783       18.249931       18.113730      0.75191972
       4.3918631     -0.26208939     -0.12508519       18.468534       18.327665      0.76861750
       4.4429312     -0.26586657     -0.12691796       18.687264       18.541629      0.78545197
       4.4939994     -0.26959201     -0.12872435       18.906122       18.755623      0.80242056
       4.5450676     -0.27326318     -0.13050257       19.125107       18.969646      0.81952063
       4.5961358     -0.27687756     -0.13225074       19.344220       19.183701      0.83674947
       4.6472039     -0.28043269     -0.13396701       19.563463       19.397785      0.85410433
       4.6982721     -0.28392614     -0.13564946       19.782835       19.611901      0.87158236
       4.7493403     -0.28735551     -0.13729614       20.002338       19.826048      0.88918065
       4.8004085     -0.29071846     -0.13890509       20.221971       20.040227      0.90689621
       4.8514766     -0.29401270     -0.14047429       20.441736       20.254438      0.92472600
       4.9025448     -0.29723598     -0.14200170       20.661633       20.468682      0.94266687
       4.9536130     -0.30038612     -0.14348525       20.881662       20.682958      0.96071561
       5.0046812     -0.30346102     -0.14492282       21.101824       20.897267      0.97886894
       5.0557493     -0.30645862     -0.14631226       21.322118       21.111610      0.99712346
       5.1068175     -0.30937695     -0.14765140       21.542546       21.325986       1.0154757

Table series: Data for wavelength : 0.656273 µm.
   Y Angle (deg)       Tan Shift       Sag Shift     Real Height     Ref. Height      Distortion
  --------------  --------------  --------------  --------------  --------------  --------------
      0.00000000      0.23691614      0.23691614      0.00000000      0.00000000      0.00000000
     0.051068175      0.23687551      0.23689384      0.21240730      0.21240678  2.4489757E-004
      0.10213635      0.23673436      0.23682696      0.42481635      0.42481390  5.7502860E-004
      0.15320453      0.23649276      0.23671551      0.63722887      0.63722170  1.1250955E-003
      0.20427270      0.23615082      0.23655953      0.84964661      0.84963051  1.8951121E-003
      0.25534088      0.23570870      0.23635908       1.0620713       1.0620407  2.8849853E-003
      0.30640905      0.23516659      0.23611424       1.2745047       1.2744525  4.0946873E-003
      0.35747723      0.23452475      0.23582508       1.4869485       1.4868664  5.5241322E-003
      0.40854540      0.23378346      0.23549172       1.6994045       1.6992826  7.1732185E-003
      0.45961358      0.23294307      0.23511426       1.9118744       1.9117015  9.0418286E-003
      0.51068175      0.23200393      0.23469285       2.1243599       2.1241235     0.011129829
      0.56174993      0.23096649      0.23422763       2.3368628       2.3365489     0.013437071
      0.61281810      0.22983121      0.23371878       2.5493848       2.5489779     0.015963390
      0.66388628      0.22859860      0.23316647       2.7619277       2.7614110     0.018708603
      0.71495445      0.22726922      0.23257090       2.9744930       2.9738485     0.021672513
      0.76602263      0.22584367      0.23193229       3.1870827       3.1862908     0.024854908
      0.81709080      0.22432259      0.23125087       3.3996984       3.3987380     0.028255555
      0.86815898      0.22270669      0.23052689       3.6123418       3.6111907     0.031874210
      0.91922715      0.22099668      0.22976060       3.8250146       3.8236492     0.035710607
      0.97029533      0.21919335      0.22895229       4.0377186       4.0361137     0.039764468
       1.0213635      0.21729752      0.22810225       4.2504555       4.2485846     0.044035495
       1.0724317      0.21531006      0.22721080       4.4632269       4.4610622     0.048523373
       1.1234999      0.21323187      0.22627826       4.6760346       4.6735470     0.053227771
       1.1745680      0.21106391      0.22530498       4.8888804       4.8860392     0.058148335
       1.2256362      0.20880717      0.22429132       5.1017658       5.0985392     0.063284708
       1.2767044      0.20646269      0.22323766       5.3146925       5.3110472     0.068636513
       1.3277726      0.20403156      0.22214440       5.5276624       5.5235637     0.074203318
       1.3788407      0.20151490      0.22101194       5.7406770       5.7360890     0.079984719
       1.4299089      0.19891387      0.21984072       5.9537381       5.9486234     0.085980279
       1.4809771      0.19622970      0.21863118       6.1668472       6.1611673     0.092189537
       1.5320453      0.19346362      0.21738378       6.3800062       6.3737209     0.098612015
       1.5831134      0.19061693      0.21609901       6.5932166       6.5862847      0.10524722
       1.6341816      0.18769098      0.21477736       6.8064801       6.7988590      0.11209463
       1.6852498      0.18468714      0.21341934       7.0197985       7.0114441      0.11915371
       1.7363180      0.18160682      0.21202549       7.2331732       7.2240403      0.12642390
       1.7873861      0.17845150      0.21059637       7.4466060       7.4366480      0.13390464
       1.8384543      0.17522266      0.20913252       7.6600985       7.6492675      0.14159531
       1.8895225      0.17192186      0.20763455       7.8736524       7.8618992      0.14949531
       1.9405907      0.16855067      0.20610306       8.0872693       8.0745435      0.15760399
       1.9916588      0.16511072      0.20453866       8.3009507       8.2872005      0.16592069
       2.0427270      0.16160366      0.20294199       8.5146983       8.4998707      0.17444473
       2.0937952      0.15803121      0.20131373       8.7285138       8.7125545      0.18317540
       2.1448634      0.15439509      0.19965453       8.9423986       8.9252521      0.19211198
       2.1959315      0.15069709      0.19796510       9.1563544       9.1379640      0.20125370
       2.2469997      0.14693902      0.19624615       9.3703829       9.3506903      0.21059979
       2.2980679      0.14312274      0.19449841       9.5844854       9.5634316      0.22014946
       2.3491361      0.13925014      0.19272264       9.7986637       9.7761880      0.22990187
       2.4002042      0.13532313      0.19091960       10.012919       9.9889600      0.23985618
       2.4512724      0.13134370      0.18909009       10.227254       10.201748      0.25001152
       2.5023406      0.12731384      0.18723492       10.441668       10.414552      0.26036697
       2.5534088      0.12323557      0.18535491       10.656165       10.627373      0.27092162
       2.6044769      0.11911098      0.18345092       10.870745       10.840211      0.28167450
       2.6555451      0.11494216      0.18152382       11.085409       11.053065      0.29262464
       2.7066133      0.11073125      0.17957450       11.300161       11.265938      0.30377103
       2.7576815      0.10648041      0.17760386       11.515000       11.478828      0.31511261
       2.8087496      0.10219185      0.17561284       11.729928       11.691737      0.32664834
       2.8598178     0.097867795      0.17360240       11.944947       11.904665      0.33837710
       2.9108860     0.093510512      0.17157350       12.160059       12.117611      0.35029777
       2.9619542     0.089122288      0.16952714       12.375264       12.330576      0.36240918
       3.0130223     0.084705444      0.16746433       12.590564       12.543562      0.37471016
       3.0640905     0.080262327      0.16538612       12.805960       12.756567      0.38719946
       3.1151587     0.075795312      0.16329356       13.021455       12.969593      0.39987584
       3.1662269     0.071306797      0.16118773       13.237049       13.182639      0.41273801
       3.2172950     0.066799209      0.15906974       13.452743       13.395706      0.42578463
       3.2683632     0.062274996      0.15694072       13.668539       13.608795      0.43901435
       3.3194314     0.057736629      0.15480182       13.884439       13.821905      0.45242577
       3.3704996     0.053186601      0.15265420       14.100443       14.035037      0.46601746
       3.4215677     0.048627426      0.15049906       14.316553       14.248192      0.47978794
       3.4726359     0.044061635      0.14833763       14.532770       14.461369      0.49373571
       3.5237041     0.039491778      0.14617115       14.749096       14.674570      0.50785921
       3.5747723     0.034920420      0.14400089       14.965531       14.887794      0.52215686
       3.6258404     0.030350144      0.14182813       15.182078       15.101041      0.53662702
       3.6769086     0.025783542      0.13965419       15.398736       15.314313      0.55126802
       3.7279768     0.021223221      0.13748043       15.615508       15.527609      0.56607815
       3.7790450     0.016671796      0.13530819       15.832394       15.740930      0.58105565
       3.8301131     0.012131892      0.13313889       16.049396       15.954276      0.59619870
       3.8811813  7.6061382E-003      0.13097393       16.266514       16.167648      0.61150546
       3.9322495  3.0971692E-003      0.12881476       16.483750       16.381045      0.62697404
       3.9833177 -1.3923765E-003      0.12666285       16.701105       16.594469      0.64260248
       4.0343858 -5.8598615E-003      0.12451970       16.918580       16.807919      0.65838878
       4.0854540    -0.010302650      0.12238684       17.136176       17.021396      0.67433091
       4.1365222    -0.014718108      0.12026581       17.353894       17.234900      0.69042675
       4.1875904    -0.019103613      0.11815821       17.571735       17.448431      0.70667417
       4.2386585    -0.023456545      0.11606563       17.789699       17.661990      0.72307096
       4.2897267    -0.027774301      0.11398972       18.007788       17.875578      0.73961484
       4.3407949    -0.032054287      0.11193214       18.226003       18.089194      0.75630351
       4.3918631    -0.036293931      0.10989459       18.444345       18.302839      0.77313459
       4.4429312    -0.040490677      0.10787879       18.662814       18.516514      0.79010564
       4.4939994    -0.044641995      0.10588650       18.881411       18.730218      0.80721416
       4.5450676    -0.048745378      0.10391951       19.100136       18.943951      0.82445760
       4.5961358    -0.052798351      0.10197962       19.318992       19.157716      0.84183333
       4.6472039    -0.056798471      0.10006869       19.537977       19.371510      0.85933865
       4.6982721    -0.060743332     0.098188602       19.757094       19.585336      0.87697081
       4.7493403    -0.064630568     0.096341260       19.976342       19.799193      0.89472699
       4.8004085    -0.068457860     0.094528610       20.195722       20.013082      0.91260429
       4.8514766    -0.072222933     0.092752629       20.415235       20.227003      0.93059973
       4.9025448    -0.075923568     0.091015326       20.634882       20.440956      0.94871027
       4.9536130    -0.079557604     0.089318745       20.854661       20.654942      0.96693280
       5.0046812    -0.083122940     0.087664963       21.074575       20.868961      0.98526411
       5.0557493    -0.086617545     0.086056094       21.294624       21.083013       1.0037009
       5.1068175    -0.090039456     0.084494283       21.514807       21.297099       1.0222399
