Results for:	
File:	C:\Users\User\OneDrive - Massachusetts Institute of Technology\Documents\MIT\Grad School\Classes\2.156\Lens Project\Prime Lenses\US20130222925_Example04P.zmx
Title:	US 2013/0222925 Example 4 (Ricoh HD Pentax-D FA645 90mm F2.8 ED AW SR Macro)
Date:	11/7/2025 5:52:31 PM

0 message(s) in output.
3 series table(s) in output.

Table series: Data for wavelength : 0.486133 µm.
   Y Angle (deg)       Tan Shift       Sag Shift     Real Height     Ref. Height      Distortion
  --------------  --------------  --------------  --------------  --------------  --------------
      0.00000000    -0.052689649    -0.052689649      0.00000000      0.00000000      0.00000000
      0.21127889    -0.052690461    -0.052722664      0.33216494      0.33216511 -4.8936139E-005
      0.42255777    -0.052696057    -0.052821674      0.66433838      0.66433924 -1.3026079E-004
      0.63383666    -0.052706403    -0.052986564      0.99652880      0.99653145 -2.6568805E-004
      0.84511554    -0.052721447    -0.053217147       1.3287447       1.3287508 -4.5504711E-004
       1.0563944    -0.052741109    -0.053513161       1.6609946       1.6610062 -6.9809249E-004
       1.2676733    -0.052765291    -0.053874265       1.9932870       1.9933069 -9.9452850E-004
       1.4789522    -0.052793872    -0.054300047       2.3256305       2.3256617 -1.3439721E-003
       1.6902311    -0.052826709    -0.054790017       2.6580335       2.6580799 -1.7459771E-003
       1.9015100    -0.052863638    -0.055343609       2.9905046       2.9905704 -2.2000281E-003
       2.1127889    -0.052904476    -0.055960181       3.3230525       3.3231424 -2.7055395E-003
       2.3240677    -0.052949019    -0.056639015       3.6556856       3.6558048 -3.2618556E-003
       2.5353466    -0.052997046    -0.057379316       3.9884126       3.9885668 -3.8682497E-003
       2.7466255    -0.053048316    -0.058180212       4.3212421       4.3214376 -4.5239240E-003
       2.9579044    -0.053102571    -0.059040753       4.6541827       4.6544261 -5.2280087E-003
       3.1691833    -0.053159540    -0.059959913       4.9872433       4.9875415 -5.9795612E-003
       3.3804622    -0.053218933    -0.060936585       5.3204323       5.3207930 -6.7775660E-003
       3.5917411    -0.053280448    -0.061969585       5.6537588       5.6541897 -7.6209334E-003
       3.8030200    -0.053343773    -0.063057649       5.9872313       5.9877407 -8.5084989E-003
       4.0142988    -0.053408580    -0.064199434       6.3208587       6.3214553 -9.4390222E-003
       4.2255777    -0.053474536    -0.065393515       6.6546498       6.6553427    -0.010411187
       4.4368566    -0.053541298    -0.066638388       6.9886137       6.9894121    -0.011423597
       4.6481355    -0.053608517    -0.067932465       7.3227591       7.3236727    -0.012474782
       4.8594144    -0.053675841    -0.069274077       7.6570951       7.6581338    -0.013563187
       5.0706933    -0.053742915    -0.070661471       7.9916307       7.9928047    -0.014687178
       5.2819722    -0.053809383    -0.072092810       8.3263751       8.3276946    -0.015845040
       5.4932510    -0.053874892    -0.073566174       8.6613373       8.6628130    -0.017034973
       5.7045299    -0.053939094    -0.075079555       8.9965265       8.9981691    -0.018255092
       5.9158088    -0.054001646    -0.076630858       9.3319520       9.3337724    -0.019503426
       6.1270877    -0.054062217    -0.078217903       9.6676231       9.6696322    -0.020777918
       6.3383666    -0.054120488    -0.079838419       10.003549       10.005758    -0.022076417
       6.5496455    -0.054176153    -0.081490047       10.339740       10.342159    -0.023396686
       6.7609244    -0.054228928    -0.083170337       10.676204       10.678846    -0.024736391
       6.9722032    -0.054278549    -0.084876744       11.012952       11.015826    -0.026093106
       7.1834821    -0.054324777    -0.086606635       11.349993       11.353111    -0.027464307
       7.3947610    -0.054367404    -0.088357278       11.687337       11.690710    -0.028847370
       7.6060399    -0.054406255    -0.090125849       12.024994       12.028632    -0.030239573
       7.8173188    -0.054441190    -0.091909423       12.362974       12.366886    -0.031638090
       8.0285977    -0.054472112    -0.093704981       12.701286       12.705484    -0.033039988
       8.2398766    -0.054498971    -0.095509399       13.039941       13.044434    -0.034442228
       8.4511554    -0.054521768    -0.097319455       13.378949       13.383746    -0.035841661
       8.6624343    -0.054540558    -0.099131823       13.718320       13.723430    -0.037235025
       8.8737132    -0.054555460     -0.10094307       14.058065       14.063496    -0.038618940
       9.0849921    -0.054566660     -0.10274966       14.398193       14.403953    -0.039989911
       9.2962710    -0.054574417     -0.10454795       14.738717       14.744813    -0.041344320
       9.5075499    -0.054579069     -0.10633417       15.079646       15.086084    -0.042678426
       9.7188288    -0.054581041     -0.10810447       15.420991       15.427777    -0.043988358
       9.9301077    -0.054580852     -0.10985485       15.762763       15.769902    -0.045270116
       10.141387    -0.054579121     -0.11158121       16.104973       16.112469    -0.046519564
       10.352665    -0.054576576     -0.11327935       16.447633       16.455488    -0.047732431
       10.563944    -0.054574062     -0.11494490       16.790754       16.798970    -0.048904300
       10.775223    -0.054572550     -0.11657342       17.134347       17.142924    -0.050030611
       10.986502    -0.054573146     -0.11816032       17.478424       17.487361    -0.051106654
       11.197781    -0.054577099     -0.11970086       17.822997       17.832292    -0.052127564
       11.409060    -0.054585816     -0.12119021       18.168077       18.177727    -0.053088317
       11.620339    -0.054600866     -0.12262338       18.513677       18.523676    -0.053983728
       11.831618    -0.054623998     -0.12399525       18.859808       18.870151    -0.054808441
       12.042897    -0.054657150     -0.12530055       19.206485       19.217161    -0.055556930
       12.254175    -0.054702460     -0.12653388       19.553718       19.564718    -0.056223487
       12.465454    -0.054762283     -0.12768970       19.901520       19.912831    -0.056802224
       12.676733    -0.054839205     -0.12876229       20.249906       20.261513    -0.057287062
       12.888012    -0.054936053     -0.12974580       20.598887       20.610774    -0.057671725
       13.099291    -0.055055918     -0.13063423       20.948478       20.960624    -0.057949738
       13.310570    -0.055202167     -0.13142139       21.298691       21.311076    -0.058114416
       13.521849    -0.055378462     -0.13210095       21.649541       21.662139    -0.058158861
       13.733128    -0.055588780     -0.13266639       22.001041       22.013826    -0.058075951
       13.944406    -0.055837432     -0.13311104       22.353206       22.366147    -0.057858336
       14.155685    -0.056129084     -0.13342804       22.706051       22.719114    -0.057498430
       14.366964    -0.056468778     -0.13361033       23.059589       23.072738    -0.056988400
       14.578243    -0.056861959     -0.13365069       23.413836       23.427030    -0.056320163
       14.789522    -0.057314498     -0.13354169       23.768808       23.782003    -0.055485370
       15.000801    -0.057832717     -0.13327571       24.124519       24.137668    -0.054475405
       15.212080    -0.058423421     -0.13284492       24.480985       24.494036    -0.053281369
       15.423359    -0.059093925     -0.13224128       24.838224       24.851120    -0.051894073
       15.634638    -0.059852086     -0.13145653       25.196250       25.208931    -0.050304028
       15.845916    -0.060706339     -0.13048219       25.555080       25.567481    -0.048501432
       16.057195    -0.061665729     -0.12930957       25.914733       25.926783    -0.046476161
       16.268474    -0.062739952     -0.12792970       26.275224       26.286848    -0.044217755
       16.479753    -0.063939394     -0.12633342       26.636572       26.647689    -0.041715406
       16.691032    -0.065275173     -0.12451128       26.998795       27.009318    -0.038957947
       16.902311    -0.066759189     -0.12245357       27.361911       27.371747    -0.035933836
       17.113590    -0.068404166     -0.12015035       27.725940       27.734990    -0.032631140
       17.324869    -0.070223709     -0.11759136       28.090899       28.099058    -0.029037526
       17.536148    -0.072232354     -0.11476607       28.456809       28.463965    -0.025140239
       17.747426    -0.074445634     -0.11166367       28.823691       28.829724    -0.020926087
       17.958705    -0.076880133     -0.10827303       29.191564       29.196347    -0.016381426
       18.169984    -0.079553556     -0.10458271       29.560449       29.563847    -0.011492141
       18.381263    -0.082484805     -0.10058093       29.930369       29.932238 -6.2436222E-003
       18.592542    -0.085694044    -0.096255588       30.301344       30.301532 -6.2075169E-004
       18.803821    -0.089202789    -0.091594228       30.673398       30.671744  5.3921226E-003
       19.015100    -0.093033992    -0.086584028       31.046554       31.042887     0.011811208
       19.226379    -0.097212128    -0.081211789       31.420835       31.414975     0.018653289
       19.437658     -0.10176330    -0.075463922       31.796265       31.788020     0.025935755
       19.648936     -0.10671535    -0.069326433       32.172869       32.162038     0.033676626
       19.860215     -0.11209794    -0.062784904       32.550674       32.537042     0.041894576
       20.071494     -0.11794273    -0.055824483       32.929704       32.913047     0.050608968
       20.282773     -0.12428345    -0.048429858       33.309986       33.290066     0.059839881
       20.494052     -0.13115607    -0.040585248       33.691549       33.668114     0.069608144
       20.705331     -0.13859894    -0.032274373       34.074421       34.047205     0.079935370
       20.916610     -0.14665295    -0.023480445       34.458630       34.427355     0.090843991
       21.127889     -0.15536172    -0.014186137       34.844207       34.808577      0.10235730

Table series: Data for wavelength : 0.587562 µm.
   Y Angle (deg)       Tan Shift       Sag Shift     Real Height     Ref. Height      Distortion
  --------------  --------------  --------------  --------------  --------------  --------------
      0.00000000  1.1126463E-003  1.1126463E-003      0.00000000      0.00000000      0.00000000
      0.21127889  1.0988324E-003  1.0702720E-003      0.33230272      0.33230282 -2.9091161E-005
      0.42255777  1.0525700E-003  9.4318616E-004      0.66461390      0.66461467 -1.1633009E-004
      0.63383666  9.7389736E-004  7.3150006E-004      0.99694200      0.99694461 -2.6161602E-004
      0.84511554  8.6287979E-004  4.3539916E-004       1.3292955       1.3293017 -4.6478046E-004
       1.0563944  7.1960901E-004  5.5143230E-005       1.6616828       1.6616949 -7.2558742E-004
       1.2676733  5.4420358E-004 -4.0893354E-004       1.9941125       1.9941333 -1.0437329E-003
       1.4789522  3.3680779E-004 -9.5642241E-004       2.3265929       2.3266259 -1.4188452E-003
       1.6902311  9.7591780E-005 -1.5868399E-003       2.6591327       2.6591819 -1.8504843E-003
       1.9015100 -1.7324886E-004 -2.2996277E-003       2.9917403       2.9918103 -2.3381416E-003
       2.1127889 -4.7549400E-004 -3.0941521E-003       3.3244243       3.3245201 -2.8812396E-003
       2.3240677 -8.0889913E-004 -3.9697042E-003       3.6571932       3.6573205 -3.4791315E-003
       2.5353466 -1.1731963E-003 -4.9254993E-003       3.9900556       3.9902205 -4.1311004E-003
       2.7466255 -1.5680947E-003 -5.9606764E-003       4.3230201       4.3232292 -4.8363593E-003
       2.9579044 -1.9932817E-003 -7.0742983E-003       4.6560953       4.6563557 -5.5940502E-003
       3.1691833 -2.4484233E-003 -8.2653509E-003       4.9892898       4.9896093 -6.4032434E-003
       3.3804622 -2.9331658E-003 -9.5327426E-003       5.3226123       5.3229989 -7.2629372E-003
       3.5917411 -3.4471361E-003    -0.010875304       5.6560716       5.6565338 -8.1720565E-003
       3.8030200 -3.9899433E-003    -0.012291788       5.9896763       5.9902232 -9.1294527E-003
       4.0142988 -4.5611800E-003    -0.013780868       6.3234353       6.3240762    -0.010133902
       4.2255777 -5.1604233E-003    -0.015341139       6.6573573       6.6581020    -0.011184107
       4.4368566 -5.7872364E-003    -0.016971114       6.9914513       6.9923099    -0.012278690
       4.6481355 -6.4411700E-003    -0.018669227       7.3257261       7.3267090    -0.013416199
       4.8594144 -7.1217644E-003    -0.020433831       7.6601906       7.6613088    -0.014595102
       5.0706933 -7.8285506E-003    -0.022263194       7.9948539       7.9961184    -0.015813787
       5.2819722 -8.5610522E-003    -0.024155505       8.3297250       8.3311472    -0.017070561
       5.4932510 -9.3187880E-003    -0.026108867       8.6648130       8.6664045    -0.018363650
       5.7045299    -0.010101273    -0.028121298       9.0001271       9.0018997    -0.019691194
       5.9158088    -0.010908022    -0.030190732       9.3356764       9.3376421    -0.021051248
       6.1270877    -0.011738550    -0.032315016       9.6714702       9.6736412    -0.022441783
       6.3383666    -0.012592377    -0.034491908       10.007518       10.009906    -0.023860680
       6.5496455    -0.013469029    -0.036719081       10.343829       10.346447    -0.025305728
       6.7609244    -0.014368041    -0.038994115       10.680413       10.683273    -0.026774627
       6.9722032    -0.015288960    -0.041314501       11.017279       11.020394    -0.028264983
       7.1834821    -0.016231347    -0.043677637       11.354437       11.357818    -0.029774307
       7.3947610    -0.017194784    -0.046080830       11.691896       11.695557    -0.031300011
       7.6060399    -0.018178873    -0.048521290       12.029667       12.033619    -0.032839410
       7.8173188    -0.019183242    -0.050996134       12.367759       12.372014    -0.034389714
       8.0285977    -0.020207546    -0.053502377       12.706182       12.710751    -0.035948033
       8.2398766    -0.021251477    -0.056036942       13.044947       13.049842    -0.037511367
       8.4511554    -0.022314762    -0.058596645       13.384062       13.389295    -0.039076611
       8.6624343    -0.023397169    -0.061178206       13.723540       13.729119    -0.040640546
       8.8737132    -0.024498516    -0.063778237       14.063389       14.069326    -0.042199839
       9.0849921    -0.025618668    -0.066393247       14.403621       14.409925    -0.043751043
       9.2962710    -0.026757552    -0.069019638       14.744245       14.750926    -0.045290589
       9.5075499    -0.027915152    -0.071653702       15.085273       15.092339    -0.046814785
       9.7188288    -0.029091524    -0.074291622       15.426716       15.434173    -0.048319815
       9.9301077    -0.030286796    -0.076929466       15.768583       15.776440    -0.049801733
       10.141387    -0.031501177    -0.079563188       16.110887       16.119149    -0.051256459
       10.352665    -0.032734965    -0.082188624       16.453638       16.462310    -0.052679780
       10.563944    -0.033988550    -0.084801493       16.796848       16.805934    -0.054067340
       10.775223    -0.035262427    -0.087397390       17.140528       17.150031    -0.055414641
       10.986502    -0.036557199    -0.089971784       17.484689       17.494611    -0.056717037
       11.197781    -0.037873588    -0.092520022       17.829344       17.839685    -0.057969730
       11.409060    -0.039212445    -0.095037316       18.174504       18.185263    -0.059167766
       11.620339    -0.040574756    -0.097518750       18.520181       18.531356    -0.060306029
       11.831618    -0.041961654    -0.099959270       18.866387       18.877974    -0.061379238
       12.042897    -0.043374431     -0.10235369       19.213135       19.225128    -0.062381942
       12.254175    -0.044814545     -0.10469666       19.560438       19.572829    -0.063308513
       12.465454    -0.046283636     -0.10698272       19.908307       19.921087    -0.064153143
       12.676733    -0.047783534     -0.10920625       20.256756       20.269913    -0.064909837
       12.888012    -0.049316275     -0.11136145       20.605798       20.619319    -0.065572407
       13.099291    -0.050884116     -0.11344240       20.955446       20.969314    -0.066134466
       13.310570    -0.052489545     -0.11544302       21.305714       21.319911    -0.066589424
       13.521849    -0.054135300     -0.11735703       21.656616       21.671120    -0.066930476
       13.733128    -0.055824384     -0.11917803       22.008164       22.022953    -0.067150602
       13.944406    -0.057560082     -0.12089942       22.360374       22.375420    -0.067242554
       14.155685    -0.059345981     -0.12251443       22.713260       22.728533    -0.067198850
       14.366964    -0.061185986     -0.12401611       23.066836       23.082303    -0.067011771
       14.578243    -0.063084344     -0.12539733       23.421117       23.436743    -0.066673343
       14.789522    -0.065045662     -0.12665076       23.776119       23.791863    -0.066175338
       15.000801    -0.067074935     -0.12776887       24.131856       24.147675    -0.065509261
       15.212080    -0.069177564     -0.12874395       24.488345       24.504191    -0.064666339
       15.423359    -0.071359386     -0.12956806       24.845602       24.861423    -0.063637514
       15.634638    -0.073626702     -0.13023305       25.203642       25.219382    -0.062413431
       15.845916    -0.075986302     -0.13073057       25.562482       25.578081    -0.060984430
       16.057195    -0.078445500     -0.13105203       25.922140       25.937532    -0.059340532
       16.268474    -0.081012162     -0.13118859       26.282632       26.297746    -0.057471427
       16.479753    -0.083694747     -0.13113120       26.643977       26.658737    -0.055366465
       16.691032    -0.086502339     -0.13087054       27.006191       27.020515    -0.053014640
       16.902311    -0.089444688     -0.13039705       27.369293       27.383095    -0.050404578
       17.113590    -0.092532250     -0.12970089       27.733302       27.746489    -0.047524522
       17.324869    -0.095776235     -0.12877196       28.098237       28.110708    -0.044362320
       17.536148    -0.099188652     -0.12759987       28.464118       28.475766    -0.040905404
       17.747426     -0.10278236     -0.12617395       28.830964       28.841676    -0.037140781
       17.958705     -0.10657111     -0.12448321       29.198796       29.208451    -0.033055008
       18.169984     -0.11056964     -0.12251637       29.567635       29.576104    -0.028634183
       18.381263     -0.11479369     -0.12026181       29.937501       29.944647    -0.023863917
       18.592542     -0.11926007     -0.11770759       30.308417       30.314095    -0.018729320
       18.803821     -0.12398679     -0.11484141       30.680406       30.684461    -0.013214981
       19.015100     -0.12899305     -0.11165062       31.053489       31.055757 -7.3049397E-003
       19.226379     -0.13429938     -0.10812219       31.427690       31.427999 -9.8267146E-004
       19.437658     -0.13992770     -0.10424273       31.803034       31.801199  5.7689427E-003
       19.648936     -0.14590141    -0.099998406       32.179545       32.175372     0.012967639
       19.860215     -0.15224548    -0.095375006       32.557248       32.550532     0.020631799
       20.071494     -0.15898660    -0.090357866       32.936169       32.926692     0.028780478
       20.282773     -0.16615322    -0.084931877       33.316334       33.303867     0.037433432
       20.494052     -0.17377572    -0.079081462       33.697772       33.682072     0.046611155
       20.705331     -0.18188652    -0.072790554       34.080509       34.061321     0.056334908
       20.916610     -0.19052022    -0.066042583       34.464575       34.441628     0.066626756
       21.127889     -0.19971374    -0.058820447       34.850000       34.823009     0.077509604

Table series: Data for wavelength : 0.656273 µm.
   Y Angle (deg)       Tan Shift       Sag Shift     Real Height     Ref. Height      Distortion
  --------------  --------------  --------------  --------------  --------------  --------------
      0.00000000      0.11337021      0.11337021      0.00000000      0.00000000      0.00000000
      0.21127889      0.11335206      0.11332441      0.33239344      0.33239366 -6.5433607E-005
      0.42255777      0.11329223      0.11318705      0.66479532      0.66479635 -1.5481895E-004
      0.63383666      0.11319077      0.11295823      0.99721410      0.99721713 -3.0368282E-004
      0.84511554      0.11304775      0.11263814       1.3296582       1.3296650 -5.1185760E-004
       1.0563944      0.11286327      0.11222705       1.6621361       1.6621491 -7.7912157E-004
       1.2676733      0.11263747      0.11172528       1.9946563       1.9946784 -1.1051462E-003
       1.4789522      0.11237049      0.11113324       2.3272273       2.3272619 -1.4895748E-003
       1.6902311      0.11206252      0.11045142       2.6598574       2.6599088 -1.9319696E-003
       1.9015100      0.11171378      0.10968037       2.9925554       2.9926281 -2.4318247E-003
       2.1127889      0.11132451      0.10882073       3.3253295       3.3254289 -2.9885655E-003
       2.3240677      0.11089497      0.10787320       3.6581885       3.6583202 -3.6015485E-003
       2.5353466      0.11042545      0.10683856       3.9911408       3.9913112 -4.2700608E-003
       2.7466255      0.10991628      0.10571768       4.3241950       4.3244110 -4.9933193E-003
       2.9579044      0.10936780      0.10451149       4.6573598       4.6576286 -5.7704705E-003
       3.1691833      0.10878038      0.10322100       4.9906438       4.9909732 -6.6005895E-003
       3.3804622      0.10815440      0.10184731       5.3240556       5.3244540 -7.4826798E-003
       3.5917411      0.10749027      0.10039157       5.6576039       5.6580801 -8.4156718E-003
       3.8030200      0.10678844     0.098855044       5.9912975       5.9918607 -9.3984230E-003
       4.0142988      0.10604934     0.097239041       6.3251451       6.3258049    -0.010429716
       4.2255777      0.10527346     0.095544969       6.6591556       6.6599220    -0.011508259
       4.4368566      0.10446128     0.093774312       6.9933377       6.9942212    -0.012632684
       4.6481355      0.10361330     0.091928632       7.3277004       7.3287118    -0.013801544
       4.8594144      0.10273004     0.090009575       7.6622525       7.6634031    -0.015013317
       5.0706933      0.10181204     0.088018867       7.9970032       7.9983042    -0.016266397
       5.2819722      0.10085982     0.085958317       8.3319613       8.3334246    -0.017559103
       5.4932510     0.099873938     0.083829819       8.6671360       8.6687735    -0.018889667
       5.7045299     0.098854957     0.081635350       9.0025364       9.0043604    -0.020256239
       5.9158088     0.097803433     0.079376972       9.3381718       9.3401946    -0.021656887
       6.1270877     0.096719932     0.077056835       9.6740513       9.6762855    -0.023089590
       6.3383666     0.095605018     0.074677175       10.010184       10.012643    -0.024552240
       6.5496455     0.094459254     0.072240317       10.346580       10.349275    -0.026042638
       6.7609244     0.093283199     0.069748674       10.683248       10.686193    -0.027558497
       6.9722032     0.092077402     0.067204752       11.020199       11.023406    -0.029097434
       7.1834821     0.090842406     0.064611146       11.357440       11.360923    -0.030656973
       7.3947610     0.089578737     0.061970545       11.694983       11.698754    -0.032234540
       7.6060399     0.088286907     0.059285734       12.032836       12.036908    -0.033827463
       7.8173188     0.086967408     0.056559591       12.371011       12.375396    -0.035432969
       8.0285977     0.085620708     0.053795093       12.709516       12.714226    -0.037048179
       8.2398766     0.084247247     0.050995314       13.048361       13.053409    -0.038670113
       8.4511554     0.082847437     0.048163429       13.387558       13.392955    -0.040295679
       8.6624343     0.081421652     0.045302715       13.727115       13.732872    -0.041921675
       8.8737132     0.079970226     0.042416550       14.067044       14.073172    -0.043544787
       9.0849921     0.078493452     0.039508420       14.407355       14.413864    -0.045161585
       9.2962710     0.076991572     0.036581917       14.748058       14.754958    -0.046768518
       9.5075499     0.075464772     0.033640740       15.089163       15.096464    -0.048361915
       9.7188288     0.073913180     0.030688701       15.430683       15.438392    -0.049937977
       9.9301077     0.072336860     0.027729723       15.772627       15.780753    -0.051492781
       10.141387     0.070735801     0.024767844       16.115006       16.123555    -0.053022268
       10.352665     0.069109918     0.021807220       16.457832       16.466810    -0.054522246
       10.563944     0.067459037     0.018852126       16.801116       16.810528    -0.055988383
       10.775223     0.065782897     0.015906957       17.144870       17.154719    -0.057416204
       10.986502     0.064081134     0.012976235       17.489104       17.499394    -0.058801087
       11.197781     0.062353279     0.010064605       17.833831       17.844562    -0.060138259
       11.409060     0.060598747  7.1768456E-003       18.179062       18.190234    -0.061422793
       11.620339     0.058816829  4.3178643E-003       18.524809       18.536422    -0.062649599
       11.831618     0.057006683  1.4927044E-003       18.871085       18.883135    -0.063813425
       12.042897     0.055167323 -1.2934517E-003       19.217901       19.230384    -0.064908847
       12.254175     0.053297609 -4.0352815E-003       19.565271       19.578179    -0.065930268
       12.465454     0.051396240 -6.7273178E-003       19.913207       19.926533    -0.066871910
       12.676733     0.049461733 -9.3639457E-003       20.261722       20.275454    -0.067727810
       12.888012     0.047492423    -0.011939399       20.610829       20.624955    -0.068491812
       13.099291     0.045486441    -0.014447756       20.960541       20.975046    -0.069157565
       13.310570     0.043441703    -0.016882937       21.310871       21.325739    -0.069718512
       13.521849     0.041355896    -0.019238698       21.661834       21.677044    -0.070167886
       13.733128     0.039226466    -0.021508630       22.013442       22.028973    -0.070498703
       13.944406     0.037050594    -0.023686152       22.365712       22.381536    -0.070703754
       14.155685     0.034825187    -0.025764507       22.718655       22.734746    -0.070775599
       14.366964     0.032546854    -0.027736757       23.072288       23.088613    -0.070706557
       14.578243     0.030211894    -0.029595780       23.426625       23.443150    -0.070488701
       14.789522     0.027816265    -0.031334262       23.781681       23.798367    -0.070113846
       15.000801     0.025355574    -0.032944695       24.137471       24.154276    -0.069573542
       15.212080     0.022825047    -0.034419369       24.494012       24.510890    -0.068859065
       15.423359     0.020219506    -0.035750365       24.851318       24.868219    -0.067961406
       15.634638     0.017533347    -0.036929553       25.209407       25.226276    -0.066871262
       15.845916     0.014760508    -0.037948585       25.568295       25.585073    -0.065579026
       16.057195     0.011894444    -0.038798883       25.927998       25.944622    -0.064074773
       16.268474  8.9280932E-003    -0.039471638       26.288534       26.304935    -0.062348251
       16.479753  5.8538486E-003    -0.039957803       26.649921       26.666024    -0.060388868
       16.691032  2.6635189E-003    -0.040248080       27.012175       27.027902    -0.058185681
       16.902311 -6.5170436E-004    -0.040332915       27.375317       27.390581    -0.055727380
       17.113590 -4.1012890E-003    -0.040202494       27.739363       27.754073    -0.053002273
       17.324869 -7.6954011E-003    -0.039846727       28.104334       28.118392    -0.049998278
       17.536148    -0.011444950    -0.039255245       28.470248       28.483550    -0.046702898
       17.747426    -0.015361637    -0.038417387       28.837125       28.849560    -0.043103213
       17.958705    -0.019458004    -0.037322189       29.204987       29.216435    -0.039185861
       18.169984    -0.023747485    -0.035958380       29.573853       29.584188    -0.034937016
       18.381263    -0.028244467    -0.034314364       29.943744       29.952833    -0.030342375
       18.592542    -0.032964349    -0.032378210       30.314684       30.322382    -0.025387136
       18.803821    -0.037923607    -0.030137644       30.686693       30.692848    -0.020055977
       19.015100    -0.043139862    -0.027580031       31.059794       31.064247    -0.014333033
       19.226379    -0.048631955    -0.024692367       31.434012       31.436590 -8.2018772E-003
       19.437658    -0.054420028    -0.021461260       31.809369       31.809893 -1.6454944E-003
       19.648936    -0.060525605    -0.017872918       32.185891       32.184168  5.3537449E-003
       19.860215    -0.066971685    -0.013913133       32.563602       32.559430     0.012814110
       20.071494    -0.073782838 -9.5672641E-003       32.942528       32.935693     0.020754538
       20.282773    -0.080985309 -4.8202210E-003       33.322697       33.312971     0.029194665
       20.494052    -0.088607128  3.4355453E-004       33.704134       33.691279     0.038154856
       20.705331    -0.096678232  5.9401079E-003       34.086868       34.070632     0.047656238
       20.916610     -0.10523059     0.011985992       34.470928       34.451043     0.057720735
       21.127889     -0.11429834     0.018498289       34.856343       34.832528     0.068371107
