Results for:	
File:	C:\Users\User\OneDrive - Massachusetts Institute of Technology\Documents\MIT\Grad School\Classes\2.156\Lens Project\Prime Lenses\US004934797_Example03P.zmx
Title:	US 4,934,797 Example 3 (Ricoh smc Pentax-FA 24mm F2 AL [IF])
Date:	11/7/2025 5:38:51 PM

0 message(s) in output.
3 series table(s) in output.

Table series: Data for wavelength : 0.486133 µm.
   Y Angle (deg)       Tan Shift       Sag Shift     Real Height     Ref. Height      Distortion
  --------------  --------------  --------------  --------------  --------------  --------------
      0.00000000    -0.031309969    -0.031309969      0.00000000      0.00000000      0.00000000
      0.42252417    -0.031358602    -0.031375645      0.17891889      0.17892006 -6.5782238E-004
      0.84504833    -0.031485404    -0.031572634      0.35785062      0.35785959 -2.5065477E-003
       1.2675725    -0.031690239    -0.031900813      0.53680805      0.53683804 -5.5871754E-003
       1.6900967    -0.031972891    -0.032359975      0.71580406      0.71587492 -9.8987283E-003
       2.1126208    -0.032333057    -0.032949833      0.89485155      0.89498973    -0.015439878
       2.5351450    -0.032770354    -0.033670014       1.0739635       1.0742020    -0.022208910
       2.9576692    -0.033284312    -0.034520063       1.2531528       1.2535314    -0.030203727
       3.3801933    -0.033874382    -0.035499440       1.4324325       1.4329974    -0.039421836
       3.8027175    -0.034539930    -0.036607516       1.6118159       1.6126199    -0.049860352
       4.2252417    -0.035280239    -0.037843579       1.7913159       1.7924186    -0.061515987
       4.6477658    -0.036094513    -0.039206826       1.9709461       1.9724132    -0.074385046
       5.0702900    -0.036981872    -0.040696364       2.1507196       2.1526239    -0.088463420
       5.4928142    -0.037941357    -0.042311207       2.3306500       2.3330705     -0.10374658
       5.9153383    -0.038971929    -0.044050277       2.5107509       2.5137732     -0.12022956
       6.3378625    -0.040072467    -0.045912399       2.6910360       2.6947523     -0.13790697
       6.7603867    -0.041241775    -0.047896298       2.8715192       2.8760281     -0.15677294
       7.1829108    -0.042478576    -0.050000600       3.0522146       3.0576211     -0.17682118
       7.6054350    -0.043781517    -0.052223827       3.2331362       3.2395520     -0.19804488
       8.0279592    -0.045149171    -0.054564391       3.4142985       3.4218415     -0.22043678
       8.4504833    -0.046580033    -0.057020596       3.5957160       3.6045106     -0.24398910
       8.8730075    -0.048072527    -0.059590631       3.7774034       3.7875804     -0.26869355
       9.2955317    -0.049625004    -0.062272568       3.9593758       3.9710722     -0.29454131
       9.7180558    -0.051235744    -0.065064355       4.1416483       4.1550076     -0.32152299
       10.140580    -0.052902958    -0.067963816       4.3242363       4.3394081     -0.34962866
       10.563104    -0.054624791    -0.070968640       4.5071555       4.5242957     -0.37884777
       10.985628    -0.056399321    -0.074076382       4.6904219       4.7096925     -0.40916918
       11.408152    -0.058224564    -0.077284454       4.8740518       4.8956209     -0.44058111
       11.830677    -0.060098474    -0.080590120       5.0580615       5.0821035     -0.47307112
       12.253201    -0.062018948    -0.083990487       5.2424682       5.2691631     -0.50662607
       12.675725    -0.063983828    -0.087482504       5.4272888       5.4568229     -0.54123214
       13.098249    -0.065990902    -0.091062949       5.6125410       5.6451062     -0.57687472
       13.520773    -0.068037909    -0.094728422       5.7982427       5.8340367     -0.61353847
       13.943297    -0.070122545    -0.098475342       5.9844122       6.0236385     -0.65120722
       14.365822    -0.072242462     -0.10229993       6.1710682       6.2139359     -0.68986395
       14.788346    -0.074395277     -0.10619820       6.3582300       6.4049535     -0.72949076
       15.210870    -0.076578574     -0.11016596       6.5459171       6.5967164     -0.77006884
       15.633394    -0.078789911     -0.11419879       6.7341497       6.7892498     -0.81157839
       16.055918    -0.081026824     -0.11829203       6.9229483       6.9825794     -0.85399861
       16.478442    -0.083286836     -0.12244077       7.1123341       7.1767315     -0.89730763
       16.900967    -0.085567462     -0.12663983       7.3023289       7.3717325     -0.94148247
       17.323491    -0.087866216     -0.13088377       7.4929549       7.5676093     -0.98649898
       17.746015    -0.090180622     -0.13516684       7.6842351       7.7643893      -1.0323318
       18.168539    -0.092508223     -0.13948298       7.8761930       7.9621004      -1.0789541
       18.591063    -0.094846588     -0.14382581       8.0688529       8.1607707      -1.1263380
       19.013587    -0.097193329     -0.14818859       8.2622397       8.3604291      -1.1744540
       19.436112    -0.099546108     -0.15256421       8.4563794       8.5611049      -1.2232711
       19.858636     -0.10190265     -0.15694518       8.6512983       8.7628278      -1.2727566
       20.281160     -0.10426078     -0.16132358       8.8470240       8.9656281      -1.3228762
       20.703684     -0.10661838     -0.16569106       9.0435846       9.1695368      -1.3735940
       21.126208     -0.10897350     -0.17003877       9.2410095       9.3745854      -1.4248720
       21.548732     -0.11132430     -0.17435740       9.4393289       9.5808058      -1.4766703
       21.971257     -0.11366909     -0.17863706       9.6385740       9.7882309      -1.5289467
       22.393781     -0.11600639     -0.18286732       9.8387773       9.9968939      -1.5816570
       22.816305     -0.11833492     -0.18703712       10.039972       10.206829      -1.6347546
       23.238829     -0.12065365     -0.19113476       10.242194       10.418070      -1.6881904
       23.661353     -0.12296184     -0.19514783       10.445478       10.630654      -1.7419124
       24.083877     -0.12525905     -0.19906319       10.649861       10.844616      -1.7958661
       24.506402     -0.12754522     -0.20286688       10.855384       11.059994      -1.8499937
       24.928926     -0.12982069     -0.20654408       11.062087       11.276824      -1.9042344
       25.351450     -0.13208626     -0.21007907       11.270011       11.495146      -1.9585240
       25.773974     -0.13434328     -0.21345510       11.479200       11.714999      -2.0127943
       26.196498     -0.13659367     -0.21665438       11.689700       11.936423      -2.0669737
       26.619022     -0.13884004     -0.21965795       11.901559       12.159459      -2.1209862
       27.041547     -0.14108573     -0.22244562       12.114827       12.384151      -2.1747512
       27.464071     -0.14333494     -0.22499585       12.329555       12.610541      -2.2281838
       27.886595     -0.14559285     -0.22728564       12.545797       12.838672      -2.2811935
       28.309119     -0.14786569     -0.22929044       12.763612       13.068592      -2.3336847
       28.731643     -0.15016092     -0.23098399       12.983058       13.300345      -2.3855558
       29.154167     -0.15248739     -0.23233816       13.204197       13.533979      -2.4366990
       29.576692     -0.15485547     -0.23332284       13.427096       13.769544      -2.4869995
       29.999216     -0.15727730     -0.23390572       13.651822       14.007089      -2.5363356
       30.421740     -0.15976699     -0.23405212       13.878449       14.246665      -2.5845775
       30.844264     -0.16234089     -0.23372475       14.107053       14.488326      -2.6315867
       31.266788     -0.16501787     -0.23288349       14.337713       14.732124      -2.6772161
       31.689312     -0.16781970     -0.23148511       14.570515       14.978115      -2.7213081
       32.111837     -0.17077137     -0.22948297       14.805547       15.226357      -2.7636947
       32.534361     -0.17390159     -0.22682670       15.042904       15.476907      -2.8041962
       32.956885     -0.17724327     -0.22346180       15.282686       15.729825      -2.8426200
       33.379409     -0.18083413     -0.21932926       15.524999       15.985174      -2.8787599
       33.801933     -0.18471736     -0.21436503       15.769955       16.243016      -2.9123946
       34.224457     -0.18894243     -0.20849955       16.017674       16.503417      -2.9432862
       34.646982     -0.19356597     -0.20165711       16.268282       16.766444      -2.9711791
       35.069506     -0.19865288     -0.19375518       16.521916       17.032165      -2.9957977
       35.492030     -0.20427756     -0.18470364       16.778718       17.300652      -3.0168448
       35.914554     -0.21052534     -0.17440389       17.038843       17.571977      -3.0339995
       36.337078     -0.21749424     -0.16274785       17.302458       17.846217      -3.0469144
       36.759602     -0.22529696     -0.14961681       17.569737       18.123447      -3.0552134
       37.182127     -0.23406328     -0.13488011       17.840873       18.403750      -3.0584877
       37.604651     -0.24394290     -0.11839358       18.116070       18.687206      -3.0562932
       38.027175     -0.25510883    -0.099997800       18.395548       18.973900      -3.0481458
       38.449699     -0.26776143    -0.079516032       18.679546       19.263921      -3.0335171
       38.872223     -0.28213324    -0.056751812       18.968323       19.557358      -3.0118288
       39.294747     -0.29849492    -0.031486143       19.262160       19.854304      -2.9824469
       39.717272     -0.31716230 -3.4741707E-003       19.561362       20.154856      -2.9446744
       40.139796     -0.33850507     0.027558730       19.866261       20.459114      -2.8977431
       40.562320     -0.36295738     0.061921621       20.177224       20.767179      -2.8408043
       40.984844     -0.39103097     0.099963577       20.494651       21.079159      -2.7729171
       41.407368     -0.42333128      0.14208038       20.818983       21.395162      -2.6930356
       41.829892     -0.46057774      0.18872265       21.150706       21.715302      -2.5999928
       42.252417     -0.50362906      0.24040568       21.490361       22.039696      -2.4924824

Table series: Data for wavelength : 0.587562 µm.
   Y Angle (deg)       Tan Shift       Sag Shift     Real Height     Ref. Height      Distortion
  --------------  --------------  --------------  --------------  --------------  --------------
      0.00000000     -0.27473319     -0.27473319      0.00000000      0.00000000      0.00000000
      0.42252417     -0.27480162     -0.27480821      0.17976502      0.17976612 -6.1722264E-004
      0.84504833     -0.27498350     -0.27503324      0.35954293      0.35955180 -2.4676448E-003
       1.2675725     -0.27527874     -0.27540815      0.53934666      0.53937660 -5.5514815E-003
       1.6900967     -0.27568716     -0.27593277      0.71918912      0.71926009 -9.8675116E-003
       2.1126208     -0.27620852     -0.27660682      0.89908327      0.89922188    -0.015414391
       2.5351450     -0.27684249     -0.27742996       1.0790421       1.0792816    -0.022190386
       2.9576692     -0.27758872     -0.27840177       1.2590787       1.2594590    -0.030193374
       3.3801933     -0.27844675     -0.27952175       1.4392061       1.4397737    -0.039420835
       3.8027175     -0.27941608     -0.28078933       1.6194375       1.6202455    -0.049869848
       4.2252417     -0.28049614     -0.28220383       1.7997862       1.8008944    -0.061537089
       4.6477658     -0.28168628     -0.28376453       1.9802654       1.9817402    -0.074418820
       5.0702900     -0.28298581     -0.28547060       2.1608887       2.1628030    -0.088510885
       5.4928142     -0.28439395     -0.28732112       2.3416695       2.3441029     -0.10380870
       5.9153383     -0.28590989     -0.28931510       2.5226216       2.5256601     -0.12030725
       6.3378625     -0.28753274     -0.29145145       2.7037586       2.7074950     -0.13800107
       6.7603867     -0.28926155     -0.29372899       2.8850946       2.8896280     -0.15688424
       7.1829108     -0.29109532     -0.29614646       3.0666437       3.0720797     -0.17695037
       7.6054350     -0.29303297     -0.29870248       3.2484200       3.2548709     -0.19819260
       8.0279592     -0.29507340     -0.30139559       3.4304380       3.4380224     -0.22060358
       8.4504833     -0.29721544     -0.30422422       3.6127124       3.6215553     -0.24417544
       8.8730075     -0.29945785     -0.30718668       3.7952578       3.8054908     -0.26889980
       9.2955317     -0.30179936     -0.31028120       3.9780895       3.9898503     -0.29476772
       9.7180558     -0.30423866     -0.31350586       4.1612226       4.1746554     -0.32176973
       10.140580     -0.30677436     -0.31685867       4.3446727       4.3599279     -0.34989577
       10.563104     -0.30940507     -0.32033746       4.5284555       4.5456898     -0.37913519
       10.985628     -0.31212932     -0.32393998       4.7125870       4.7319633     -0.40947670
       11.408152     -0.31494563     -0.32766382       4.8970837       4.9187709     -0.44090841
       11.830677     -0.31785248     -0.33150644       5.0819620       5.1061353     -0.47341772
       12.253201     -0.32084830     -0.33546515       5.2672390       5.2940795     -0.50699137
       12.675725     -0.32393151     -0.33953713       5.4529319       5.4826266     -0.54161536
       13.098249     -0.32710051     -0.34371937       5.6390584       5.6718003     -0.57727495
       13.520773     -0.33035367     -0.34800871       5.8256365       5.8616242     -0.61395459
       13.943297     -0.33368936     -0.35240181       6.0126847       6.0521226     -0.65163796
       14.365822     -0.33710592     -0.35689517       6.2002217       6.2433199     -0.69030783
       14.788346     -0.34060170     -0.36148507       6.3882670       6.4352408     -0.72994613
       15.210870     -0.34417507     -0.36616760       6.5768401       6.6279104     -0.77053383
       15.633394     -0.34782437     -0.37093863       6.7659613       6.8213542     -0.81205091
       16.055918     -0.35154799     -0.37579382       6.9556514       7.0155981     -0.85447634
       16.478442     -0.35534434     -0.38072859       7.1459317       7.2106682     -0.89778802
       16.900967     -0.35921185     -0.38573810       7.3368240       7.4065913     -0.94196272
       17.323491     -0.36314900     -0.39081725       7.5283507       7.6033944     -0.98697602
       17.746015     -0.36715434     -0.39596068       7.7205349       7.8011049      -1.0328022
       18.168539     -0.37122645     -0.40116271       7.9134004       7.9997509      -1.0794144
       18.591063     -0.37536403     -0.40641737       8.1069716       8.1993607      -1.1267842
       19.013587     -0.37956584     -0.41171833       8.3012736       8.3999632      -1.1748818
       19.436112     -0.38383075     -0.41705894       8.4963324       8.6015879      -1.2236759
       19.858636     -0.38815777     -0.42243217       8.6921747       8.8042647      -1.2731335
       20.281160     -0.39254603     -0.42783057       8.8888281       9.0080240      -1.3232200
       20.703684     -0.39699483     -0.43324630       9.0863211       9.2128970      -1.3738988
       21.126208     -0.40150366     -0.43867105       9.2846832       9.4189151      -1.4251318
       21.548732     -0.40607219     -0.44409603       9.4839448       9.6261107      -1.4768784
       21.971257     -0.41070034     -0.44951195       9.6841374       9.8345166      -1.5290963
       22.393781     -0.41538830     -0.45490898       9.8852937       10.044166      -1.5817406
       22.816305     -0.42013654     -0.46027669       10.087447       10.255094      -1.6347641
       23.238829     -0.42494585     -0.46560403       10.290634       10.467335      -1.6881173
       23.661353     -0.42981740     -0.47087929       10.494889       10.680924      -1.7417477
       24.083877     -0.43475276     -0.47609003       10.700251       10.895897      -1.7956001
       24.506402     -0.43975398     -0.48122307       10.906758       11.112293      -1.8496162
       24.928926     -0.44482361     -0.48626437       11.114453       11.330149      -1.9037344
       25.351450     -0.44996475     -0.49119902       11.323376       11.549503      -1.9578897
       25.773974     -0.45518119     -0.49601117       11.533573       11.770395      -2.0120135
       26.196498     -0.46047738     -0.50068393       11.745090       11.992867      -2.0660331
       26.619022     -0.46585859     -0.50519929       11.957974       12.216958      -2.1198717
       27.041547     -0.47133099     -0.50953806       12.172276       12.442712      -2.1734480
       27.464071     -0.47690171     -0.51367975       12.388049       12.670172      -2.2266759
       27.886595     -0.48257901     -0.51760249       12.605346       12.899383      -2.2794641
       28.309119     -0.48837238     -0.52128286       12.824226       13.130389      -2.3317159
       28.731643     -0.49429271     -0.52469584       13.044748       13.363238      -2.3833284
       29.154167     -0.50035241     -0.52781459       13.266977       13.597978      -2.4341927
       29.576692     -0.50656565     -0.53061034       13.490977       13.834656      -2.4841928
       29.999216     -0.51294854     -0.53305223       13.716818       14.073325      -2.5332054
       30.421740     -0.51951940     -0.53510707       13.944575       14.314034      -2.5810992
       30.844264     -0.52629898     -0.53673917       14.174322       14.556837      -2.6277343
       31.266788     -0.53331081     -0.53791008       14.406142       14.801788      -2.6729616
       31.689312     -0.54058156     -0.53857835       14.640120       15.048943      -2.7166219
       32.111837     -0.54814142     -0.53869922       14.876346       15.298358      -2.7585450
       32.534361     -0.55602455     -0.53822429       15.114916       15.550093      -2.7985490
       32.956885     -0.56426966     -0.53710118       15.355931       15.804207      -2.8364392
       33.379409     -0.57292058     -0.53527310       15.599497       16.060763      -2.8720066
       33.801933     -0.58202694     -0.53267838       15.845729       16.319825      -2.9050273
       34.224457     -0.59164507     -0.52924997       16.094748       16.581457      -2.9352605
       34.646982     -0.60183884     -0.52491484       16.346682       16.845727      -2.9624470
       35.069506     -0.61268083     -0.51959330       16.601667       17.112705      -2.9863080
       35.492030     -0.62425357     -0.51319828       16.859850       17.382461      -3.0065423
       35.914554     -0.63665104     -0.50563440       17.121388       17.655070      -3.0228248
       36.337078     -0.64998041     -0.49679707       17.386448       17.930606      -3.0348034
       36.759602     -0.66436414     -0.48657125       17.655208       18.209148      -3.0420968
       37.182127     -0.67994236     -0.47483025       17.927863       18.490776      -3.0442907
       37.604651     -0.69687581     -0.46143415       18.204619       18.775572      -3.0409346
       38.027175     -0.71534923     -0.44622807       18.485701       19.063622      -3.0315376
       38.449699     -0.73557546     -0.42904019       18.771351       19.355014      -3.0155635
       38.872223     -0.75780043     -0.40967930       19.061832       19.649839      -2.9924256
       39.294747     -0.78230900     -0.38793206       19.357428       19.948189      -2.9614801
       39.717272     -0.80943220     -0.36355976       19.658449       20.250163      -2.9220194
       40.139796     -0.83955599     -0.33629437       19.965235       20.555859      -2.8732631
       40.562320     -0.87313192     -0.30583396       20.278157       20.865382      -2.8143489
       40.984844     -0.91069032     -0.27183720       20.597621       21.178836      -2.7443203
       41.407368     -0.95285663     -0.23391667       20.924077       21.496333      -2.6621136
       41.829892      -1.0003717     -0.19163083       21.258020       21.817987      -2.5665419
       42.252417      -1.0541173     -0.14447421       21.600000       22.143916      -2.4562754

Table series: Data for wavelength : 0.656273 µm.
   Y Angle (deg)       Tan Shift       Sag Shift     Real Height     Ref. Height      Distortion
  --------------  --------------  --------------  --------------  --------------  --------------
      0.00000000     -0.33614010     -0.33614010      0.00000000      0.00000000      0.00000000
      0.42252417     -0.33621515     -0.33621854      0.18019904      0.18019938 -1.8821480E-004
      0.84504833     -0.33641549     -0.33645382      0.36041102      0.36041837 -2.0380730E-003
       1.2675725     -0.33674103     -0.33684584      0.54064887      0.54067656 -5.1210649E-003
       1.6900967     -0.33719160     -0.33739441      0.72092556      0.72099359 -9.4359049E-003
       2.1126208     -0.33776697     -0.33809927      0.90125407      0.90138911    -0.014981242
       2.5351450     -0.33846686     -0.33896008       1.0816474       1.0818828    -0.021755333
       2.9576692     -0.33929092     -0.33997644       1.2621187       1.2624944    -0.029756045
       3.3801933     -0.34023875     -0.34114787       1.4426811       1.4432437    -0.038980842
       3.8027175     -0.34130987     -0.34247379       1.6233478       1.6241505    -0.049426790
       4.2252417     -0.34250375     -0.34395358       1.8041319       1.8052348    -0.061090545
       4.6477658     -0.34381981     -0.34558650       1.9850471       1.9865165    -0.073968351
       5.0702900     -0.34525740     -0.34737175       2.1661066       2.1680156    -0.088056029
       5.4928142     -0.34681582     -0.34930846       2.3473240       2.3497525     -0.10334897
       5.9153383     -0.34849431     -0.35139564       2.5287132       2.5317473     -0.11984213
       6.3378625     -0.35029205     -0.35363225       2.7102878       2.7140204     -0.13753002
       6.7603867     -0.35220818     -0.35601713       2.8920619       2.8965923     -0.15640669
       7.1829108     -0.35424177     -0.35854906       3.0740496       3.0794838     -0.17646572
       7.6054350     -0.35639186     -0.36122669       3.2562651       3.2627155     -0.19770020
       8.0279592     -0.35865742     -0.36404860       3.4387230       3.4463084     -0.22010274
       8.4504833     -0.36103739     -0.36701327       3.6214379       3.6302837     -0.24366545
       8.8730075     -0.36353064     -0.37011905       3.8044247       3.8146625     -0.26837987
       9.2955317     -0.36613603     -0.37336422       3.9876984       3.9994663     -0.29423706
       9.7180558     -0.36885235     -0.37674692       4.1712744       4.1847168     -0.32122746
       10.140580     -0.37167838     -0.38026518       4.3551681       4.3704359     -0.34934098
       10.563104     -0.37461282     -0.38391692       4.5393955       4.5566455     -0.37856690
       10.985628     -0.37765439     -0.38769993       4.7239726       4.7433679     -0.40889390
       11.408152     -0.38080175     -0.39161188       4.9089157       4.9306258     -0.44030999
       11.830677     -0.38405352     -0.39565027       5.0942416       5.1184417     -0.47280253
       12.253201     -0.38740834     -0.39981250       5.2799672       5.3068388     -0.50635818
       12.675725     -0.39086480     -0.40409581       5.4661099       5.4958404     -0.54096287
       13.098249     -0.39442148     -0.40849727       5.6526875       5.6854700     -0.57660178
       13.520773     -0.39807696     -0.41301380       5.8397178       5.8757514     -0.61325929
       13.943297     -0.40182980     -0.41764214       6.0272196       6.0667090     -0.65091899
       14.365822     -0.40567858     -0.42237887       6.2152116       6.2583670     -0.68956358
       14.788346     -0.40962188     -0.42722037       6.4037132       6.4507504     -0.72917487
       15.210870     -0.41365830     -0.43216282       6.5927442       6.6438844     -0.76973373
       15.633394     -0.41778644     -0.43720219       6.7823249       6.8377945     -0.81122007
       16.055918     -0.42200495     -0.44233425       6.9724761       7.0325065     -0.85361273
       16.478442     -0.42631252     -0.44755451       7.1632192       7.2280468     -0.89688951
       16.900967     -0.43070788     -0.45285825       7.3545761       7.4244421     -0.94102705
       17.323491     -0.43518980     -0.45824050       7.5465692       7.6217194     -0.98600081
       17.746015     -0.43975715     -0.46369600       7.7392219       7.8199065      -1.0317850
       18.168539     -0.44440885     -0.46921921       7.9325578       8.0190312      -1.0783525
       18.591063     -0.44914394     -0.47480429       8.1266015       8.2191221      -1.1256748
       19.013587     -0.45396155     -0.48044505       8.3213783       8.4202081      -1.1737220
       19.436112     -0.45886093     -0.48613499       8.5169141       8.6223188      -1.2224626
       19.858636     -0.46384147     -0.49186722       8.7132359       8.8254840      -1.2718634
       20.281160     -0.46890275     -0.49763445       8.9103713       9.0297344      -1.3218897
       20.703684     -0.47404448     -0.50342900       9.1083489       9.2351011      -1.3725048
       21.126208     -0.47926661     -0.50924274       9.3071983       9.4416158      -1.4236701
       21.548732     -0.48456929     -0.51506706       9.5069501       9.6493108      -1.4753451
       21.971257     -0.48995294     -0.52089285       9.7076359       9.8582190      -1.5274871
       22.393781     -0.49541827     -0.52671047       9.9092885       10.068374      -1.5800511
       22.816305     -0.50096628     -0.53250970       10.111942       10.279810      -1.6329897
       23.238829     -0.50659834     -0.53827970       10.315631       10.492562      -1.6862529
       23.661353     -0.51231622     -0.54400898       10.520393       10.706666      -1.7397882
       24.083877     -0.51812212     -0.54968533       10.726265       10.922158      -1.7935400
       24.506402     -0.52401873     -0.55529581       10.933286       11.139075      -1.8474497
       24.928926     -0.53000928     -0.56082663       11.141499       11.357456      -1.9014554
       25.351450     -0.53609760     -0.56626316       11.350945       11.577339      -1.9554918
       25.773974     -0.54228821     -0.57158979       11.561669       11.798763      -2.0094899
       26.196498     -0.54858636     -0.57678994       11.773716       12.021771      -2.0633767
       26.619022     -0.55499814     -0.58184590       11.987137       12.246402      -2.1170750
       27.041547     -0.56153055     -0.58673879       12.201980       12.472701      -2.1705030
       27.464071     -0.56819167     -0.59144846       12.418299       12.700709      -2.2235743
       27.886595     -0.57499066     -0.59595336       12.636149       12.930472      -2.2761969
       28.309119     -0.58193803     -0.60023045       12.855587       13.162035      -2.3282738
       28.731643     -0.58904568     -0.60425507       13.076674       13.395445      -2.3797015
       29.154167     -0.59632712     -0.60800079       13.299473       13.630750      -2.4303705
       29.576692     -0.60379767     -0.61143926       13.524050       13.868000      -2.4801642
       29.999216     -0.61147462     -0.61454003       13.750477       14.107243      -2.5289586
       30.421740     -0.61937755     -0.61727038       13.978825       14.348532      -2.5766217
       30.844264     -0.62752852     -0.61959510       14.209173       14.591921      -2.6230130
       31.266788     -0.63595246     -0.62147625       14.441601       14.837462      -2.6679824
       31.689312     -0.64467747     -0.62287288       14.676196       15.085212      -2.7113698
       32.111837     -0.65373527     -0.62374081       14.913049       15.335229      -2.7530043
       32.534361     -0.66316163     -0.62403222       15.152256       15.587570      -2.7927029
       32.956885     -0.67299692     -0.62369534       15.393918       15.842297      -2.8302696
       33.379409     -0.68328674     -0.62267402       15.638142       16.099472      -2.8654944
       33.801933     -0.69408260     -0.62090728       15.885044       16.359158      -2.8981521
       34.224457     -0.70544275     -0.61832878       16.134745       16.621420      -2.9280004
       34.646982     -0.71743312     -0.61486625       16.387374       16.886327      -2.9547787
       35.069506     -0.73012844     -0.61044079       16.643069       17.153949      -2.9782065
       35.492030     -0.74361350     -0.60496615       16.901976       17.424355      -2.9979808
       35.914554     -0.75798467     -0.59834788       17.164254       17.697621      -3.0137744
       36.337078     -0.77335160     -0.59048228       17.430071       17.973821      -3.0252332
       36.759602     -0.78983939     -0.58125532       17.699607       18.253034      -3.0319733
       37.182127     -0.80759093     -0.57054133       17.973057       18.535341      -3.0335780
       37.604651     -0.82676984     -0.55820149       18.250629       18.820823      -3.0295938
       38.027175     -0.84756389     -0.54408209       18.532549       19.109568      -3.0195265
       38.449699     -0.87018913     -0.52801250       18.819062       19.401662      -3.0028364
       38.872223     -0.89489480     -0.50980280       19.110431       19.697197      -2.9789327
       39.294747     -0.92196926     -0.48924102       19.406943       19.996267      -2.9471673
       39.717272     -0.95174719     -0.46608982       19.708912       20.298968      -2.9068274
       40.139796     -0.98461835     -0.44008267       20.016679       20.605401      -2.8571272
       40.562320      -1.0210382     -0.41091918       20.330617       20.915670      -2.7971977
       40.984844      -1.0615413     -0.37825962       20.651137       21.229880      -2.7260755
       41.407368      -1.1067573     -0.34171821       20.978692       21.548142      -2.6426886
       41.829892      -1.1574315     -0.30085511       21.313781       21.870571      -2.5458406
       42.252417      -1.2144500     -0.25516654       21.656961       22.197285      -2.4341910
