Results for:	
File:	C:\Users\User\OneDrive - Massachusetts Institute of Technology\Documents\MIT\Grad School\Classes\2.156\Lens Project\Prime Lenses\JP2020-030383_Example01P.zmx
Title:	JP 2020-030383 Example 1 (Sigma 56mm F1.4 DC DN C)
Date:	11/7/2025 5:32:54 PM

0 message(s) in output.
3 series table(s) in output.

Table series: Data for wavelength : 0.486133 µm.
   Y Angle (deg)       Tan Shift       Sag Shift     Real Height     Ref. Height      Distortion
  --------------  --------------  --------------  --------------  --------------  --------------
      0.00000000    -0.012164644    -0.012164644      0.00000000      0.00000000      0.00000000
      0.14308995    -0.012143137    -0.012179634      0.13469275      0.13469231  3.2780316E-004
      0.28617989    -0.012083711    -0.012224611      0.26938960      0.26938629  1.2277345E-003
      0.42926984    -0.011986773    -0.012299596      0.40409466      0.40408364  2.7274315E-003
      0.57235978    -0.011852993    -0.012404627      0.53881203      0.53878603  4.8266126E-003
      0.71544973    -0.011683299    -0.012539752      0.67354582      0.67349514  7.5248872E-003
      0.85853967    -0.011478872    -0.012705033      0.80830011      0.80821265     0.010821759
       1.0016296    -0.011241137    -0.012900545      0.94307901      0.94294024     0.014716628
       1.1447196    -0.010971757    -0.013126369       1.0778866       1.0776796     0.019208800
       1.2878095    -0.010672621    -0.013382598       1.2127270       1.2124324     0.024297488
       1.4308995    -0.010345830    -0.013669327       1.3476043       1.3472004     0.029981823
       1.5739894 -9.9936894E-003    -0.013986658       1.4825225       1.4819851     0.036260856
       1.7170793 -9.6186899E-003    -0.014334692       1.6174857       1.6167884     0.043133576
       1.8601693 -9.2234929E-003    -0.014713530       1.7524981       1.7516118     0.050598905
       2.0032592 -8.8109148E-003    -0.015123268       1.8875636       1.8864571     0.058655722
       2.1463492 -8.3839077E-003    -0.015563992       2.0226864       2.0213260     0.067302867
       2.2894391 -7.9455413E-003    -0.016035780       2.1578705       2.1562201     0.076539155
       2.4325291 -7.4989825E-003    -0.016538693       2.2931199       2.2911412     0.086363384
       2.5756190 -7.0474751E-003    -0.017072775       2.4284387       2.4260909     0.096774351
       2.7187090 -6.5943182E-003    -0.017638045       2.5638310       2.5610709      0.10777087
       2.8617989 -6.1428447E-003    -0.018234498       2.6993008       2.6960829      0.11935176
       3.0048889 -5.6963988E-003    -0.018862096       2.8348521       2.8311287      0.13151591
       3.1479788 -5.2583137E-003    -0.019520765       2.9704890       2.9662099      0.14426225
       3.2910688 -4.8318889E-003    -0.020210393       3.1062155       3.1013281      0.15758976
       3.4341587 -4.4203677E-003    -0.020930822       3.2420357       3.2364852      0.17149753
       3.5772486 -4.0269147E-003    -0.021681845       3.3779537       3.3716828      0.18598475
       3.7203386 -3.6545939E-003    -0.022463199       3.5139734       3.5069227      0.20105071
       3.8634285 -3.3063474E-003    -0.023274565       3.6500989       3.6422064      0.21669483
       4.0065185 -2.9849745E-003    -0.024115558       3.7863344       3.7775358      0.23291670
       4.1496084 -2.6931118E-003    -0.024985723       3.9226838       3.9129126      0.24971605
       4.2926984 -2.4332150E-003    -0.025884533       4.0591512       4.0483384      0.26709280
       4.4357883 -2.2075407E-003    -0.026811381       4.1957409       4.1838150      0.28504705
       4.5788783 -2.0181314E-003    -0.027765577       4.3324568       4.3193441      0.30357913
       4.7219682 -1.8668007E-003    -0.028746341       4.4693031       4.4549275      0.32268958
       4.8650582 -1.7551211E-003    -0.029752801       4.6062839       4.5905667      0.34237918
       5.0081481 -1.6844139E-003    -0.030783986       4.7434035       4.7262637      0.36264896
       5.1512380 -1.6557414E-003    -0.031838823       4.8806659       4.8620201      0.38350020
       5.2943280 -1.6699015E-003    -0.032916132       5.0180756       4.9978376      0.40493449
       5.4374179 -1.7274249E-003    -0.034014620       5.1556366       5.1337180      0.42695368
       5.5805079 -1.8285754E-003    -0.035132880       5.2933533       5.2696630      0.44955991
       5.7235978 -1.9733536E-003    -0.036269386       5.4312300       5.4056743      0.47275566
       5.8666878 -2.1615032E-003    -0.037422486       5.5692710       5.5417538      0.49654369
       6.0097777 -2.3925212E-003    -0.038590403       5.7074809       5.6779031      0.52092710
       6.1528677 -2.6656719E-003    -0.039771229       5.8458639       5.8141241      0.54590930
       6.2959576 -2.9800042E-003    -0.040962923       5.9844247       5.9504184      0.57149406
       6.4390476 -3.3343734E-003    -0.042163306       6.1231677       6.0867878      0.59768544
       6.5821375 -3.7274661E-003    -0.043370062       6.2620975       6.2232342      0.62448786
       6.7252275 -4.1578307E-003    -0.044580732       6.4012188       6.3597592      0.65190606
       6.8683174 -4.6239106E-003    -0.045792714       6.5405363       6.4963646      0.67994511
       7.0114073 -5.1240825E-003    -0.047003260       6.6800547       6.6330522      0.70861040
       7.1544973 -5.6566991E-003    -0.048209474       6.8197789       6.7698239      0.73790763
       7.2975872 -6.2201350E-003    -0.049408313       6.9597137       6.9066813      0.76784280
       7.4406772 -6.8128383E-003    -0.050596582       7.0998641       7.0436263      0.79842222
       7.5837671 -7.4333846E-003    -0.051770936       7.2402351       7.1806606      0.82965245
       7.7268571 -8.0805362E-003    -0.052927880       7.3808318       7.3177861      0.86154031
       7.8699470 -8.7533041E-003    -0.054063764       7.5216592       7.4550046      0.89409290
       8.0130370 -9.4510134E-003    -0.055174787       7.6627227       7.5923178      0.92731748
       8.1561269    -0.010173372    -0.056256993       7.8040274       7.7297276      0.96122153
       8.2992169    -0.010920541    -0.057306276       7.9455787       7.8672358      0.99581271
       8.4423068    -0.011693208    -0.058318373       8.0873821       8.0048442       1.0310988
       8.5853967    -0.012492659    -0.059288868       8.2294429       8.1425547       1.0670877
       8.7284867    -0.013320855    -0.060213191       8.3717668       8.2803691       1.1037872
       8.8715766    -0.014180502    -0.061086615       8.5143592       8.4182892       1.1412056
       9.0146666    -0.015075123    -0.061904257       8.6572258       8.5563169       1.1793505
       9.1577565    -0.016009128    -0.062661078       8.8003724       8.6944540       1.2182302
       9.3008465    -0.016987873    -0.063351874       8.9438047       8.8327023       1.2578522
       9.4439364    -0.018017715    -0.063971281       9.0875283       8.9710638       1.2982244
       9.5870264    -0.019106064    -0.064513767       9.2315493       9.1095403       1.3393543
       9.7301163    -0.020261412    -0.064973627       9.3758734       9.2481337       1.3812492
       9.8732063    -0.021493356    -0.065344976       9.5205066       9.3868458       1.4239160
       10.016296    -0.022812603    -0.065621743       9.6654547       9.5256785       1.4673616
       10.159386    -0.024230948    -0.065797659       9.8107237       9.6646338       1.5115923
       10.302476    -0.025761234    -0.065866246       9.9563195       9.8037135       1.5566141
       10.445566    -0.027417276    -0.065820799       10.102248       9.9429196       1.6024324
       10.588656    -0.029213751    -0.065654372       10.248516       10.082254       1.6490525
       10.731746    -0.031166049    -0.065359751       10.395128       10.221718       1.6964788
       10.874836    -0.033290070    -0.064929432       10.542090       10.361315       1.7447156
       11.017926    -0.035601971    -0.064355589       10.689410       10.501045       1.7937664
       11.161016    -0.038117839    -0.063630035       10.837091       10.640912       1.8436343
       11.304106    -0.040853297    -0.062744181       10.985142       10.780916       1.8943220
       11.447196    -0.043823019    -0.061688985       11.133566       10.921061       1.9458317
       11.590286    -0.047040142    -0.060454893       11.282371       11.061347       1.9981653
       11.733376    -0.050515569    -0.059031771       11.431561       11.201777       2.0513243
       11.876466    -0.054257138    -0.057408824       11.581144       11.342352       2.1053102
       12.019555    -0.058268641    -0.055574505       11.731124       11.483076       2.1601244
       12.162645    -0.062548671    -0.053516406       11.881508       11.623949       2.2157686
       12.305735    -0.067089269    -0.051221137       12.032302       11.764973       2.2722449
       12.448825    -0.071874355    -0.048674180       12.183513       11.906152       2.3295562
       12.591915    -0.076877888    -0.045859728       12.335145       12.047486       2.3877066
       12.735005    -0.082061739    -0.042760493       12.487206       12.188978       2.4467016
       12.878095    -0.087373218    -0.039357487       12.639704       12.330630       2.5065492
       13.021185    -0.092742206    -0.035629771       12.792644       12.472444       2.5672599
       13.164275    -0.098077825    -0.031554165       12.946036       12.614422       2.6288479
       13.307365     -0.10326458    -0.027104913       13.099887       12.756565       2.6913322
       13.450455     -0.10815787    -0.022253294       13.254207       12.898877       2.7547371
       13.593545     -0.11257877    -0.016967178       13.409007       13.041359       2.8190940
       13.736635     -0.11630790    -0.011210508       13.564298       13.184013       2.8844427
       13.879725     -0.11907829 -4.9427025E-003       13.720094       13.326841       2.9508334
       14.022815     -0.12056698  1.8820403E-003       13.876410       13.469846       3.0183287
       14.165905     -0.12038499  9.3155524E-003       14.033264       13.613029       3.0870062
       14.308995     -0.11806549     0.017416639       14.190676       13.756392       3.1569613

Table series: Data for wavelength : 0.587562 µm.
   Y Angle (deg)       Tan Shift       Sag Shift     Real Height     Ref. Height      Distortion
  --------------  --------------  --------------  --------------  --------------  --------------
      0.00000000 -2.0063810E-004 -2.0063810E-004      0.00000000      0.00000000      0.00000000
      0.14308995 -1.8175145E-004 -2.1763118E-004      0.13473039      0.13472998  3.0065128E-004
      0.28617989 -1.2980194E-004 -2.6861727E-004      0.26946488      0.26946164  1.2025539E-003
      0.42926984 -4.5183152E-005 -3.5361669E-004      0.40420760      0.40419667  2.7055489E-003
      0.57235978  7.1458099E-005 -4.7266293E-004      0.53896265      0.53893673  4.8093739E-003
      0.71544973  2.1922584E-004 -6.2580187E-004      0.67373414      0.67368352  7.5136649E-003
      0.85853967  3.9698057E-004 -8.1309094E-004      0.80852617      0.80843872     0.010817959
       1.0016296  6.0334642E-004 -1.0345977E-003      0.94334285      0.94320400     0.014721700
       1.1447196  8.3671986E-004 -1.2903987E-003       1.0781883       1.0779810     0.019224239
       1.2878095  1.0952799E-003 -1.5805771E-003       1.2130666       1.2127716     0.024324849
       1.4308995  1.3769995E-003 -1.9052217E-003       1.3479818       1.3475772     0.030022720
       1.5739894  1.6796588E-003 -2.2644237E-003       1.4829380       1.4823996     0.036316977
       1.7170793  2.0008591E-003 -2.6582743E-003       1.6179394       1.6172406     0.043206680
       1.8601693  2.3380391E-003 -3.0868631E-003       1.7529899       1.7521018     0.050690842
       2.0032592  2.6884905E-003 -3.5502736E-003       1.8880937       1.8869848     0.058768430
       2.1463492  3.0493762E-003 -4.0485811E-003       2.0232549       2.0218914     0.067438381
       2.2894391  3.4177496E-003 -4.5818488E-003       2.1584775       2.1568233     0.076699610
       2.4325291  3.7905732E-003 -5.1501246E-003       2.2937656       2.2917821     0.086551025
       2.5756190  4.1647400E-003 -5.7534369E-003       2.4291233       2.4267695     0.096991538
       2.7187090  4.5370938E-003 -6.3917913E-003       2.5645545       2.5617873      0.10802008
       2.8617989  4.9044513E-003 -7.0651658E-003       2.7000635       2.6968371      0.11963560
       3.0048889  5.2636238E-003 -7.7735071E-003       2.8356541       2.8319206      0.13183712
       3.1479788  5.6114398E-003 -8.5167259E-003       2.9713306       2.9670396      0.14462369
       3.2910688  5.9447670E-003 -9.2946921E-003       3.1070969       3.1021956      0.15799445
       3.4341587  6.2605351E-003    -0.010107232       3.2429572       3.2373905      0.17194862
       3.5772486  6.5557578E-003    -0.010954121       3.3789154       3.3726260      0.18648555
       3.7203386  6.8275547E-003    -0.011835080       3.5149757       3.5079036      0.20160467
       3.8634285  7.0731729E-003    -0.012749772       3.6511422       3.6432252      0.21730557
       4.0065185  7.2900071E-003    -0.013697793       3.7874188       3.7785925      0.23358799
       4.1496084  7.4756202E-003    -0.014678674       3.9238098       3.9140071      0.25045184
       4.2926984  7.6277615E-003    -0.015691870       4.0603192       4.0494708      0.26789719
       4.4357883  7.7443842E-003    -0.016736755       4.1969512       4.1849853      0.28592432
       4.5788783  7.8236621E-003    -0.017812624       4.3337099       4.3205523      0.30453374
       4.7219682  7.8640033E-003    -0.018918680       4.4705994       4.4561736      0.32372617
       4.8650582  7.8640633E-003    -0.020054034       4.6076239       4.5918508      0.34350255
       5.0081481  7.8227557E-003    -0.021217699       4.7447877       4.7275857      0.36386411
       5.1512380  7.7392601E-003    -0.022408586       4.8820949       4.8633801      0.38481234
       5.2943280  7.6130286E-003    -0.023625498       5.0195499       4.9992356      0.40634898
       5.4374179  7.4437891E-003    -0.024867129       5.1571569       5.1351540      0.42847610
       5.5805079  7.2315457E-003    -0.026132054       5.2949201       5.2711370      0.45119605
       5.7235978  6.9765764E-003    -0.027418732       5.4328441       5.4071864      0.47451149
       5.8666878  6.6794276E-003    -0.028725498       5.5709332       5.5433039      0.49842540
       6.0097777  6.3409053E-003    -0.030050558       5.7091917       5.6794913      0.52294109
       6.1528677  5.9620625E-003    -0.031391990       5.8476243       5.8157504      0.54806220
       6.2959576  5.5441835E-003    -0.032747738       5.9862354       5.9520828      0.57379270
       6.4390476  5.0887641E-003    -0.034115609       6.1250297       6.0884904      0.60013691
       6.5821375  4.5974877E-003    -0.035493271       6.2640117       6.2249749      0.62709947
       6.7252275  4.0721984E-003    -0.036878250       6.4031862       6.3615381      0.65468538
       6.8683174  3.5148687E-003    -0.038267928       6.5425578       6.4981817      0.68289995
       7.0114073  2.9275642E-003    -0.039659541       6.6821315       6.6349076      0.71174883
       7.1544973  2.3124041E-003    -0.041050176       6.8219120       6.7717175      0.74123802
       7.2975872  1.6715173E-003    -0.042436771       6.9619044       6.9086132      0.77137380
       7.4406772  1.0069946E-003    -0.043816114       7.1021136       7.0455965      0.80216277
       7.5837671  3.2083748E-004    -0.045184839       7.2425447       7.1826691      0.83361181
       7.7268571 -3.8509723E-004    -0.046539428       7.3832028       7.3198330      0.86572809
       7.8699470 -1.1091557E-003    -0.047876209       7.5240932       7.4570898      0.89851902
       8.0130370 -1.8499488E-003    -0.049191354       7.6652211       7.5944415      0.93199228
       8.1561269 -2.6064163E-003    -0.050480880       7.8065918       7.7318897      0.96615572
       8.2992169 -3.3778935E-003    -0.051740650       7.9482108       7.8694364       1.0010174
       8.4423068 -4.1641794E-003    -0.052966368       8.0900836       8.0070833       1.0365856
       8.5853967 -4.9656051E-003    -0.054153580       8.2322157       8.1448323       1.0728685
       8.7284867 -5.7831038E-003    -0.055297676       8.3746127       8.2826853       1.1098748
       8.8715766 -6.6182782E-003    -0.056393885       8.5172803       8.4206439       1.1476128
       9.0146666 -7.4734666E-003    -0.057437274       8.6602243       8.5587102       1.1860912
       9.1577565 -8.3518058E-003    -0.058422749       8.8034505       8.6968859       1.2253184
       9.3008465 -9.2572886E-003    -0.059345049       8.9469647       8.8351730       1.2653030
       9.4439364    -0.010194814    -0.060198745       9.0907728       8.9735732       1.3060533
       9.5870264    -0.011170230    -0.060978232       9.2348808       9.1120884       1.3475776
       9.7301163    -0.012190364    -0.061677728       9.3792948       9.2507205       1.3898841
       9.8732063    -0.013263038    -0.062291263       9.5240207       9.3894714       1.4329805
       10.016296    -0.014397069    -0.062812676       9.6690647       9.5283430       1.4768746
       10.159386    -0.015602248    -0.063235597       9.8144328       9.6673372       1.5215736
       10.302476    -0.016889294    -0.063553440       9.9601312       9.8064558       1.5670845
       10.445566    -0.018269778    -0.063759385       10.106166       9.9457008       1.6134140
       10.588656    -0.019756010    -0.063846359       10.252544       10.085074       1.6605684
       10.731746    -0.021360896    -0.063807016       10.399270       10.224578       1.7085535
       10.874836    -0.023097730    -0.063633709       10.546351       10.364213       1.7573747
       11.017926    -0.024979949    -0.063318459       10.693794       10.503983       1.8070370
       11.161016    -0.027020813    -0.062852919       10.841603       10.643888       1.8575450
       11.304106    -0.029233016    -0.062228331       10.989787       10.783932       1.9089030
       11.447196    -0.031628210    -0.061435476       11.138350       10.924115       1.9611147
       11.590286    -0.034216436    -0.060464613       11.287299       11.064441       2.0141837
       11.733376    -0.037005443    -0.059305418       11.436640       11.204910       2.0681134
       11.876466    -0.039999873    -0.057946898       11.586380       11.345525       2.1229071
       12.019555    -0.043200311    -0.056377304       11.736524       11.486288       2.1785682
       12.162645    -0.046602158    -0.054584026       11.887080       11.627200       2.2351003
       12.305735    -0.050194321    -0.052553470       12.038053       11.768264       2.2925076
       12.448825    -0.053957678    -0.050270921       12.189450       11.909482       2.3507951
       12.591915    -0.057863295    -0.047720379       12.341278       12.050856       2.4099690
       12.735005    -0.061870354    -0.044884377       12.493544       12.192388       2.4700370
       12.878095    -0.065923746    -0.041743764       12.646256       12.334079       2.5310090
       13.021185    -0.069951283    -0.038277466       12.799421       12.475933       2.5928978
       13.164275    -0.073860458    -0.034462195       12.953048       12.617950       2.6557196
       13.307365    -0.077534694    -0.030272130       13.107145       12.760134       2.7194950
       13.450455    -0.080828972    -0.025678542       13.261723       12.902485       2.7842502
       13.593545    -0.083564748    -0.020649357       13.416792       13.045007       2.8500179
       13.736635    -0.085524015    -0.015148659       13.572365       13.187701       2.9168393
       13.879725    -0.086442339 -9.1361088E-003       13.728455       13.330569       2.9847651
       14.022815    -0.086000669 -2.5662760E-003       13.885078       13.473613       3.0538582
       14.165905    -0.083815648  4.6121456E-003       14.042253       13.616836       3.1241957
       14.308995    -0.079428082     0.012457246       14.200000       13.760240       3.1958719

Table series: Data for wavelength : 0.656273 µm.
   Y Angle (deg)       Tan Shift       Sag Shift     Real Height     Ref. Height      Distortion
  --------------  --------------  --------------  --------------  --------------  --------------
      0.00000000     0.030841492     0.030841492      0.00000000      0.00000000      0.00000000
      0.14308995     0.030860012     0.030823898      0.13474083      0.13474039  3.2794590E-004
      0.28617989     0.030910948     0.030771110      0.26948578      0.26948246  1.2301842E-003
      0.42926984     0.030993912     0.030683109      0.40423895      0.40422790  2.7337439E-003
      0.57235978     0.031108266     0.030559861      0.53900445      0.53897837  4.8383705E-003
      0.71544973     0.031253127     0.030401321      0.67378640      0.67373557  7.5437109E-003
      0.85853967     0.031427370     0.030207436      0.80858889      0.80850118     0.010849316
       1.0016296     0.031629639     0.029978138      0.94341605      0.94327687     0.014754647
       1.1447196     0.031858353     0.029713354       1.0782720       1.0780643     0.019259077
       1.2878095     0.032111716     0.029413003       1.2131607       1.2128652     0.024361898
       1.4308995     0.032387731     0.029077001       1.3480864       1.3476813     0.030062329
       1.5739894     0.032684212     0.028705258       1.4830532       1.4825142     0.036359523
       1.7170793     0.032998794     0.028297688       1.6180651       1.6173656     0.043252566
       1.8601693     0.033328956     0.027854206       1.7531262       1.7522371     0.050740517
       2.0032592     0.033672031     0.027374732       1.8882406       1.8871306     0.058822375
       2.1463492     0.034025228     0.026859195       2.0234124       2.0220476     0.067497115
       2.2894391     0.034385648     0.026307539       2.1586457       2.1569899     0.076763696
       2.4325291     0.034750306     0.025719719       2.2939444       2.2919591     0.086621069
       2.5756190     0.035116148     0.025095714       2.4293128       2.4269570     0.097068194
       2.7187090     0.035480076     0.024435524       2.5647548       2.5619852      0.10810405
       2.8617989     0.035838967     0.023739176       2.7002746       2.6970454      0.11972764
       3.0048889     0.036189695     0.023006730       2.8358761       2.8321394      0.13193803
       3.1479788     0.036529155     0.022238283       2.9715635       2.9672688      0.14473434
       3.2910688     0.036854283     0.021433971       3.1073408       3.1024353      0.15811576
       3.4341587     0.037162079     0.020593974       3.2432120       3.2376407      0.17208157
       3.5772486     0.037449633     0.019718524       3.3791814       3.3728865      0.18663116
       3.7203386     0.037714141     0.018807907       3.5152529       3.5081746      0.20176406
       3.8634285     0.037952930     0.017862469       3.6514306       3.6435067      0.21747989
       4.0065185     0.038163477     0.016882619       3.7877186       3.7788844      0.23377848
       4.1496084     0.038343432     0.015868836       3.9241211       3.9143095      0.25065978
       4.2926984     0.038490633     0.014821672       4.0606421       4.0497837      0.26812396
       4.4357883     0.038603125     0.013741759       4.1972858       4.1853086      0.28617135
       4.5788783     0.038679177     0.012629813       4.3340563       4.3208861      0.30480252
       4.7219682     0.038717296     0.011486636       4.4709578       4.4565179      0.32401827
       4.8650582     0.038716240     0.010313127       4.6079945       4.5922056      0.34381963
       5.0081481     0.038675029  9.1102808E-003       4.7451705       4.7279510      0.36420788
       5.1512380     0.038592953  7.8791947E-003       4.8824902       4.8637558      0.38518458
       5.2943280     0.038469580  6.6210736E-003       5.0199578       4.9996218      0.40675158
       5.4374179     0.038304756  5.3372335E-003       5.1575776       5.1355507      0.42891100
       5.5805079     0.038098611  4.0291059E-003       5.2953540       5.2715442      0.45166527
       5.7235978     0.037851552  2.6982421E-003       5.4332912       5.4076042      0.47501713
       5.8666878     0.037564264  1.3463163E-003       5.5713938       5.5437322      0.49896965
       6.0097777     0.037237694 -2.4869717E-005       5.7096661       5.6799301      0.52352622
       6.1528677     0.036873045 -1.4133840E-003       5.8481127       5.8161997      0.54869057
       6.2959576     0.036471761 -2.8171607E-003       5.9867381       5.9525427      0.57446675
       6.4390476     0.036035503 -4.2339971E-003       6.1255469       6.0889608      0.60085916
       6.5821375     0.035566129 -5.6615509E-003       6.2645438       6.2254559      0.62787255
       6.7252275     0.035065671 -7.0973377E-003       6.4037335       6.3620296      0.65551201
       6.8683174     0.034536296 -8.5387284E-003       6.5431207       6.4986838      0.68378294
       7.0114073     0.033980278 -9.9829473E-003       6.6827103       6.6354202      0.71269112
       7.1544973     0.033399959    -0.011427070       6.8225071       6.7722407      0.74224262
       7.2975872     0.032797702    -0.012868022       6.9625162       6.9091470      0.77244384
       7.4406772     0.032175849    -0.014302578       7.1027426       7.0461408      0.80330151
       7.5837671     0.031536668    -0.015727357       7.2431913       7.1832241      0.83482263
       7.7268571     0.030882300    -0.017138827       7.3838674       7.3203985      0.86701449
       7.8699470     0.030214703    -0.018533300       7.5247764       7.4576660      0.89988464
       8.0130370     0.029535591    -0.019906932       7.6659233       7.5950282      0.93344090
       8.1561269     0.028846369    -0.021255721       7.8073137       7.7324871      0.96769128
       8.2992169     0.028148073    -0.022575510       7.9489529       7.8700444       1.0026440
       8.4423068     0.027441299    -0.023861984       8.0908465       8.0077020       1.0383074
       8.5853967     0.026726138    -0.025110666       8.2330001       8.1454616       1.0746902
       8.7284867     0.026002107    -0.026316922       8.3754193       8.2833252       1.1118008
       8.8715766     0.025268085    -0.027475956       8.5181098       8.4212945       1.1496481
       9.0146666     0.024522249    -0.028582808       8.6610774       8.5593715       1.1882408
       9.1577565     0.023762007    -0.029632353       8.8043280       8.6975579       1.2275876
       9.3008465     0.022983951    -0.030619300       8.9478675       8.8358556       1.2676974
       9.4439364     0.022183804    -0.031538184       9.0917018       8.9742665       1.3085788
       9.5870264     0.021356377    -0.032383364       9.2358370       9.1127924       1.3502403
       9.7301163     0.020495544    -0.033149020       9.3802791       9.2514352       1.3926904
       9.8732063     0.019594228    -0.033829140       9.5250342       9.3901969       1.4359373
       10.016296     0.018644397    -0.034417517       9.6701085       9.5290792       1.4799889
       10.159386     0.017637093    -0.034907732       9.8155082       9.6680841       1.5248530
       10.302476     0.016562475    -0.035293150       9.9612394       9.8072134       1.5705370
       10.445566     0.015409897    -0.035566895       10.107308       9.9464692       1.6170479
       10.588656     0.014168019    -0.035721837       10.253721       10.085853       1.6643926
       10.731746     0.012824954    -0.035750568       10.400485       10.225367       1.7125772
       10.874836     0.011368469    -0.035645378       10.547605       10.365014       1.7616079
       11.017926  9.7862358E-003    -0.035398218       10.695088       10.504794       1.8114900
       11.161016  8.0661459E-003    -0.035000671       10.842940       10.644711       1.8622289
       11.304106  6.1966957E-003    -0.034443903       10.991167       10.784765       1.9138293
       11.447196  4.1674597E-003    -0.033718617       11.139776       10.924959       1.9662957
       11.590286  1.9696550E-003    -0.032814993       11.288774       11.065296       2.0196323
       11.733376 -4.0318082E-004    -0.031722623       11.438166       11.205776       2.0738433
       11.876466 -2.9543875E-003    -0.030430429       11.587959       11.346401       2.1289327
       12.019555 -5.6832350E-003    -0.028926576       11.738159       11.487175       2.1849047
       12.162645 -8.5838114E-003    -0.027198366       11.888773       11.628098       2.2417636
       12.305735    -0.011643721    -0.025232120       12.039807       11.769174       2.2995144
       12.448825    -0.014842568    -0.023013036       12.191269       11.910402       2.3581630
       12.591915    -0.018150184    -0.020525034       12.343165       12.051787       2.4177163
       12.735005    -0.021524581    -0.017750568       12.495503       12.193330       2.4781830
       12.878095    -0.024909566    -0.014670419       12.648290       12.335032       2.5395738
       13.021185    -0.028231975    -0.011263449       12.801533       12.476897       2.6019021
       13.164275    -0.031398470 -7.5063238E-003       12.955243       12.618925       2.6651850
       13.307365    -0.034291815 -3.3731905E-003       13.109427       12.761119       2.7294437
       13.450455    -0.036766552  1.1646930E-003       13.264096       12.903482       2.7947051
       13.593545    -0.038643958  6.1393855E-003       13.419261       13.046015       2.8610023
       13.736635    -0.039706168     0.011586756       13.574935       13.188719       2.9283768
       13.879725    -0.039689274     0.017547057       13.731131       13.331599       2.9968795
       14.022815    -0.038275216     0.024065584       13.887864       13.474654       3.0665733
       14.165905    -0.035082184     0.031193446       14.045155       13.617889       3.1375349
       14.308995    -0.029653206     0.038988465       14.203022       13.761303       3.2098577
