Results for:	
File:	C:\Users\User\OneDrive - Massachusetts Institute of Technology\Documents\MIT\Grad School\Classes\2.156\Lens Project\Prime Lenses\US010571651_Example01P.zmx
Title:	US 10,571,651 Example 1 (Canon TS-E50mm f2.8L Macro)
Date:	11/7/2025 5:40:31 PM

0 message(s) in output.
3 series table(s) in output.

Table series: Data for wavelength : 0.486133 µm.
   Y Angle (deg)       Tan Shift       Sag Shift     Real Height     Ref. Height      Distortion
  --------------  --------------  --------------  --------------  --------------  --------------
      0.00000000 -7.0155396E-003 -7.0155396E-003      0.00000000      0.00000000      0.00000000
      0.33416416 -6.9817685E-003 -7.0423184E-003      0.29971244      0.29971295 -1.7217471E-004
      0.66832832 -6.8690641E-003 -7.1226361E-003      0.59944224      0.59944630 -6.7770173E-004
       1.0024925 -6.6776106E-003 -7.2564366E-003      0.89920676      0.89922043 -1.5200010E-003
       1.3366566 -6.4077176E-003 -7.4436264E-003       1.1990234       1.1990558 -2.6986945E-003
       1.6708208 -6.0598202E-003 -7.6840746E-003       1.4989095       1.4989727 -4.2132562E-003
       2.0049850 -5.6344796E-003 -7.9776123E-003       1.7988826       1.7989917 -6.0630085E-003
       2.3391491 -5.1323838E-003 -8.3240335E-003       2.0989601       2.0991333 -8.2471223E-003
       2.6733133 -4.5543485E-003 -8.7230936E-003       2.3991596       2.3994179    -0.010764616
       3.0074774 -3.9013179E-003 -9.1745106E-003       2.6994985       2.6998660    -0.013614353
       3.3416416 -3.1743659E-003 -9.6779635E-003       2.9999945       3.0004984    -0.016795043
       3.6758058 -2.3746976E-003    -0.010233093       3.3006653       3.3013356    -0.020305239
       4.0099699 -1.5036499E-003    -0.010839502       3.6015286       3.6023983    -0.024143338
       4.3441341 -5.6269422E-004    -0.011496752       3.9026023       3.9037074    -0.028307575
       4.6782982  4.4656281E-004    -0.012204366       4.2039043       4.2052835    -0.032796026
       5.0124624  1.5223772E-003    -0.012961828       4.5054526       4.5071476    -0.037606603
       5.3466266  2.6628652E-003    -0.013768581       4.8072654       4.8093207    -0.042737053
       5.6807907  3.8660024E-003    -0.014624026       5.1093608       5.1118239    -0.048184957
       6.0149549  5.1296198E-003    -0.015527524       5.4117572       5.4146783    -0.053947725
       6.3491190  6.4514031E-003    -0.016478393       5.7144731       5.7179051    -0.060022595
       6.6832832  7.8288894E-003    -0.017475911       6.0175271       6.0215258    -0.066406629
       7.0174474  9.2594650E-003    -0.018519310       6.3209380       6.3255617    -0.073096712
       7.3516115     0.010740362    -0.019607779       6.6247246       6.6300345    -0.080089547
       7.6857757     0.012268657    -0.020740462       6.9289060       6.9349659    -0.087381652
       8.0199398     0.013841266    -0.021916461       7.2335015       7.2403777    -0.094969359
       8.3541040     0.015454945    -0.023134828       7.5385305       7.5462918     -0.10284880
       8.6882682     0.017106281    -0.024394568       7.8440126       7.8527304     -0.11101593
       9.0224323     0.018791698    -0.025694641       8.1499676       8.1597157     -0.11946648
       9.3565965     0.020507443    -0.027033956       8.4564154       8.4672701     -0.12819600
       9.6907606     0.022249593    -0.028411371       8.7633764       8.7754162     -0.13719980
       10.024925     0.024014044    -0.029825696       9.0708709       9.0841767     -0.14647301
       10.359089     0.025796513    -0.031275685       9.3789196       9.3935746     -0.15601052
       10.693253     0.027592532    -0.032760040       9.6875436       9.7036329     -0.16580701
       11.027417     0.029397446    -0.034277409       9.9967639       10.014375     -0.17585692
       11.361581     0.031206410    -0.035826382       10.306602       10.325824     -0.18615445
       11.695746     0.033014386    -0.037405491       10.617080       10.638004     -0.19669357
       12.029910     0.034816140    -0.039013210       10.928219       10.950939     -0.20746801
       12.364074     0.036606238    -0.040647949       11.240042       11.264652     -0.21847123
       12.698238     0.038379046    -0.042308059       11.552572       11.579169     -0.22969643
       13.032402     0.040128728    -0.043991821       11.865832       11.894514     -0.24113655
       13.366566     0.041849241    -0.045697451       12.179844       12.210711     -0.25278425
       13.700731     0.043534334    -0.047423098       12.494633       12.527785     -0.26463191
       14.034895     0.045177551    -0.049166837       12.810223       12.845763     -0.27667163
       14.369059     0.046772225    -0.050926669       13.126637       13.164669     -0.28889519
       14.703223     0.048311482    -0.052700518       13.443902       13.484530     -0.30129408
       15.037387     0.049788239    -0.054486231       13.762042       13.805371     -0.31385946
       15.371551     0.051195204    -0.056281572       14.081082       14.127219     -0.32658218
       15.705716     0.052524884    -0.058084219       14.401050       14.450101     -0.33945274
       16.039880     0.053769580    -0.059891761       14.721971       14.774044     -0.35246132
       16.374044     0.054921397    -0.061701698       15.043873       15.099075     -0.36559771
       16.708208     0.055972246    -0.063511431       15.366783       15.425222     -0.37885137
       17.042372     0.056913852    -0.065318266       15.690729       15.752512     -0.39221137
       17.376536     0.057737763    -0.067119401       16.015740       16.080976     -0.40566638
       17.710700     0.058435356    -0.068911930       16.341846       16.410640     -0.41920469
       18.044865     0.058997855    -0.070692834       16.669075       16.741535     -0.43281417
       18.379029     0.059416338    -0.072458975       16.997458       17.073689     -0.44648228
       18.713193     0.059681758    -0.074207097       17.327026       17.407133     -0.46019602
       19.047357     0.059784962    -0.075933812       17.657811       17.741898     -0.47394196
       19.381521     0.059716708    -0.077635602       17.989845       18.078013     -0.48770622
       19.715685     0.059467699    -0.079308808       18.323161       18.415510     -0.50147441
       20.049850     0.059028604    -0.080949627       18.657793       18.754422     -0.51523167
       20.384014     0.058390098    -0.082554102       18.993774       19.094779     -0.52896265
       20.718178     0.057542895    -0.084118117       19.331141       19.436614     -0.54265145
       21.052342     0.056477798    -0.085637387       19.669929       19.779961     -0.55628166
       21.386506     0.055185740    -0.087107455       20.010174       20.124853     -0.56983631
       21.720670     0.053657849    -0.088523677       20.351915       20.471324     -0.58329786
       22.054835     0.051885507    -0.089881216       20.695190       20.819409     -0.59664819
       22.388999     0.049860423    -0.091175035       21.040039       21.169143     -0.60986861
       22.723163     0.047574711    -0.092399880       21.386501       21.520561     -0.62293976
       23.057327     0.045020990    -0.093550277       21.734618       21.873700     -0.63584171
       23.391491     0.042192478    -0.094620516       22.084433       22.228597     -0.64855384
       23.725655     0.039083113    -0.095604637       22.435988       22.585289     -0.66105488
       24.059820     0.035687680    -0.096496424       22.789329       22.943815     -0.67332287
       24.393984     0.032001965    -0.097289385       23.144501       23.304213     -0.68533518
       24.728148     0.028022911    -0.097976741       23.501550       23.666522     -0.69706845
       25.062312     0.023748810    -0.098551411       23.860525       24.030782     -0.70849856
       25.396476     0.019179506    -0.099005993       24.221474       24.397035     -0.71960071
       25.730640     0.014316633    -0.099332751       24.584449       24.765322     -0.73034928
       26.064804  9.1638782E-003    -0.099523595       24.949501       25.135686     -0.74071791
       26.398969  3.7272716E-003    -0.099570063       25.316683       25.508168     -0.75067945
       26.733133 -1.9844750E-003    -0.099463301       25.686051       25.882813     -0.76020595
       27.067297 -7.9596004E-003    -0.099194042       26.057659       26.259666     -0.76926865
       27.401461    -0.014182870    -0.098752588       26.431566       26.638772     -0.77783798
       27.735625    -0.020635106    -0.098128773       26.807830       27.020177     -0.78588354
       28.069789    -0.027292656    -0.097311951       27.186514       27.403929     -0.79337412
       28.403954    -0.034126779    -0.096290989       27.567678       27.790076     -0.80027769
       28.738118    -0.041102987    -0.095054199       27.951387       28.178665     -0.80656138
       29.072282    -0.048180266    -0.093589332       28.337708       28.569749     -0.81219154
       29.406446    -0.055310210    -0.091883556       28.726707       28.963377     -0.81713371
       29.740610    -0.062436038    -0.089923415       29.118455       29.359601     -0.82135265
       30.074774    -0.069491477    -0.087694802       29.513023       29.758475     -0.82481238
       30.408939    -0.076399491    -0.085182922       29.910484       30.160052     -0.82747621
       30.743103    -0.083070832    -0.082372264       30.310915       30.564387     -0.82930678
       31.077267    -0.089402394    -0.079246559       30.714392       30.971538     -0.83026613
       31.411431    -0.095275296    -0.075788751       31.120995       31.381562     -0.83031573
       31.745595     -0.10055274    -0.071980955       31.530807       31.794516     -0.82941664
       32.079759     -0.10507747    -0.067804416       31.943910       32.210462     -0.82752952
       32.413924     -0.10866892    -0.063239475       32.360392       32.629459     -0.82461483
       32.748088     -0.11111982    -0.058265525       32.780340       33.051572     -0.82063292
       33.082252     -0.11219234    -0.052860966       33.203845       33.476864     -0.81554425
       33.416416     -0.11161349    -0.047003166       33.631000       33.905399     -0.80930954

Table series: Data for wavelength : 0.587562 µm.
   Y Angle (deg)       Tan Shift       Sag Shift     Real Height     Ref. Height      Distortion
  --------------  --------------  --------------  --------------  --------------  --------------
      0.00000000 -3.9247821E-003 -3.9247821E-003      0.00000000      0.00000000      0.00000000
      0.33416416 -3.9145301E-003 -3.9664593E-003      0.29978186      0.29978237 -1.7099845E-004
      0.66832832 -3.8715699E-003 -4.0914741E-003      0.59958104      0.59958514 -6.8390988E-004
       1.0024925 -3.7960944E-003 -4.2997756E-003      0.89941486      0.89942870 -1.5385143E-003
       1.3366566 -3.6884268E-003 -4.5912792E-003       1.1993007       1.1993335 -2.7344342E-003
       1.6708208 -3.5490210E-003 -4.9658660E-003       1.4992558       1.4993199 -4.2711428E-003
       2.0049850 -3.3784622E-003 -5.4233833E-003       1.7992977       1.7994084 -6.1479617E-003
       2.3391491 -3.1774673E-003 -5.9636441E-003       2.0994438       2.0996194 -8.3640607E-003
       2.6733133 -2.9468855E-003 -6.5864270E-003       2.3997115       2.3999736    -0.010918456
       3.0074774 -2.6876990E-003 -7.2914761E-003       2.7001184       2.7004914    -0.013810011
       3.3416416 -2.4010244E-003 -8.0785004E-003       3.0006820       3.0011934    -0.017037433
       3.6758058 -2.0881128E-003 -8.9471740E-003       3.3014200       3.3021002    -0.020599273
       4.0099699 -1.7503518E-003 -9.8971357E-003       3.6023501       3.6032327    -0.024493925
       4.3441341 -1.3892659E-003    -0.010927988       3.9034901       3.9046115    -0.028719622
       4.6782982 -1.0065185E-003    -0.012039299       4.2048579       4.2062575    -0.033274438
       5.0124624 -6.0391306E-004    -0.013230598       4.5064713       4.5081915    -0.038156282
       5.3466266 -1.8339414E-004    -0.014501378       4.8083487       4.8104346    -0.043362899
       5.6807907  2.5295066E-004    -0.015851097       5.1105080       5.1130078    -0.048891865
       6.0149549  7.0288867E-004    -0.017279171       5.4129677       5.4159324    -0.054740587
       6.3491190  1.1640414E-003    -0.018784981       5.7157461       5.7192294    -0.060906300
       6.6832832  1.6338819E-003    -0.020367866       6.0188618       6.0229204    -0.067386063
       7.0174474  2.1097334E-003    -0.022027128       6.3223336       6.3270268    -0.074176755
       7.3516115  2.5887674E-003    -0.023762027       6.6261803       6.6315701    -0.081275077
       7.6857757  3.0680014E-003    -0.025571781       6.9304209       6.9365721    -0.088677542
       8.0199398  3.5442979E-003    -0.027455568       7.2350747       7.2420546    -0.096380477
       8.3541040  4.0143617E-003    -0.029412519       7.5401610       7.5480396     -0.10438001
       8.6882682  4.4747380E-003    -0.031441728       7.8456993       7.8545492     -0.11267209
       9.0224323  4.9218111E-003    -0.033542238       8.1517094       8.1616056     -0.12125245
       9.3565965  5.3518028E-003    -0.035713048       8.4582113       8.4692312     -0.13011662
       9.6907606  5.7607691E-003    -0.037953110       8.7652252       8.7774487     -0.13925992
       10.024925  6.1446010E-003    -0.040261327       9.0727715       9.0862807     -0.14867746
       10.359089  6.4990210E-003    -0.042636554       9.3808707       9.3957502     -0.15836415
       10.693253  6.8195828E-003    -0.045077594       9.6895439       9.7058803     -0.16831463
       11.027417  7.1016702E-003    -0.047583197       9.9988121       10.016694     -0.17852336
       11.361581  7.3404954E-003    -0.050152059       10.308697       10.328216     -0.18898453
       11.695746  7.5311000E-003    -0.052782821       10.619220       10.640468     -0.19969211
       12.029910  7.6683526E-003    -0.055474068       10.930403       10.953475     -0.21063980
       12.364074  7.7469507E-003    -0.058224322       11.242268       11.267261     -0.22182108
       12.698238  7.7614204E-003    -0.061032046       11.554839       11.581851     -0.23322913
       13.032402  7.7061181E-003    -0.063895640       11.868137       11.897269     -0.24485690
       13.366566  7.5752307E-003    -0.066813437       12.182187       12.213539     -0.25669703
       13.700731  7.3627793E-003    -0.069783702       12.497012       12.530687     -0.26874190
       14.034895  7.0626217E-003    -0.072804629       12.812636       12.848738     -0.28098361
       14.369059  6.6684557E-003    -0.075874341       13.129083       13.167718     -0.29341393
       14.703223  6.1738247E-003    -0.078990882       13.446378       13.487653     -0.30602434
       15.037387  5.5721226E-003    -0.082152216       13.764546       13.808569     -0.31880602
       15.371551  4.8566014E-003    -0.085356228       14.083613       14.130491     -0.33174980
       15.705716  4.0203794E-003    -0.088600713       14.403606       14.453448     -0.34484618
       16.039880  3.0564500E-003    -0.091883377       14.724550       14.777466     -0.35808533
       16.374044  1.9576945E-003    -0.095201835       15.046472       15.102572     -0.37145707
       16.708208  7.1689469E-004    -0.098553599       15.369401       15.428794     -0.38495082
       17.042372 -6.7325231E-004     -0.10193608       15.693364       15.756161     -0.39855568
       17.376536 -2.2201158E-003     -0.10534659       16.018389       16.084700     -0.41226031
       17.710700 -3.9311106E-003     -0.10878231       16.344507       16.414441     -0.42605302
       18.044865 -5.8136770E-003     -0.11224033       16.671745       16.745412     -0.43992167
       18.379029 -7.8752512E-003     -0.11571758       17.000136       17.077643     -0.45385372
       18.713193    -0.010123237     -0.11921090       17.329709       17.411165     -0.46783621
       19.047357    -0.012564972     -0.12271697       17.660497       17.746007     -0.48185571
       19.381521    -0.015207690     -0.12623232       17.992531       18.082200     -0.49589833
       19.715685    -0.018058476     -0.12975335       18.325844       18.419776     -0.50994973
       20.049850    -0.021124221     -0.13327629       18.660470       18.758765     -0.52399506
       20.384014    -0.024411566     -0.13679721       18.996444       19.099201     -0.53801899
       20.718178    -0.027926839     -0.14031199       19.333800       19.441116     -0.55200565
       21.052342    -0.031675988     -0.14381633       19.672574       19.784542     -0.56593867
       21.386506    -0.035664503     -0.14730574       20.012803       20.129514     -0.57980111
       21.720670    -0.039897334     -0.15077551       20.354525       20.476066     -0.59357547
       22.054835    -0.044378785     -0.15422073       20.697777       20.824231     -0.60724370
       22.388999    -0.049112413     -0.15763625       21.042600       21.174046     -0.62078714
       22.723163    -0.054100907     -0.16101665       21.389033       21.525545     -0.63418651
       23.057327    -0.059345945     -0.16435629       21.737118       21.878766     -0.64742195
       23.391491    -0.064848050     -0.16764923       22.086898       22.233746     -0.66047291
       23.725655    -0.070606416     -0.17088925       22.438414       22.590520     -0.67331823
       24.059820    -0.076618721     -0.17406980       22.791713       22.949129     -0.68593605
       24.393984    -0.082880910     -0.17718402       23.146838       23.309610     -0.69830384
       24.728148    -0.089386961     -0.18022471       23.503837       23.672003     -0.71039838
       25.062312    -0.096128621     -0.18318427       23.862759       24.036348     -0.72219571
       25.396476     -0.10309510     -0.18605474       24.223651       24.402686     -0.73367117
       25.730640     -0.11027276     -0.18882771       24.586564       24.771058     -0.74479934
       26.064804     -0.11764470     -0.19149434       24.951550       25.141507     -0.75555406
       26.398969     -0.12519038     -0.19404532       25.318661       25.514076     -0.76590840
       26.733133     -0.13288516     -0.19647083       25.687954       25.888808     -0.77583468
       27.067297     -0.14069971     -0.19876051       26.059482       26.265748     -0.78530441
       27.401461     -0.14859949     -0.20090343       26.433304       26.644942     -0.79428835
       27.735625     -0.15654405     -0.20288803       26.809479       27.026436     -0.80275646
       28.069789     -0.16448630     -0.20470212       27.188067       27.410276     -0.81067792
       28.403954     -0.17237169     -0.20633282       27.569131       27.796512     -0.81802113
       28.738118     -0.18013718     -0.20776648       27.952733       28.185192     -0.82475373
       29.072282     -0.18771028     -0.20898866       28.338941       28.576366     -0.83084262
       29.406446     -0.19500779     -0.20998408       28.727821       28.970085     -0.83625394
       29.740610     -0.20193445     -0.21073653       29.119443       29.366401     -0.84095316
       30.074774     -0.20838135     -0.21122886       29.513878       29.765367     -0.84490504
       30.408939     -0.21422423     -0.21144283       29.911198       30.167037     -0.84807376
       30.743103     -0.21932147     -0.21135912       30.311480       30.571466     -0.85042292
       31.077267     -0.22351178     -0.21095718       30.714799       30.978712     -0.85191561
       31.411431     -0.22661159     -0.21021519       31.121235       31.388830     -0.85251451
       31.745595     -0.22841212     -0.20910993       31.530870       31.801880     -0.85218199
       32.079759     -0.22867590     -0.20761670       31.943786       32.217922     -0.85088022
       32.413924     -0.22713286     -0.20570919       32.360068       32.637017     -0.84857133
       32.748088     -0.22347573     -0.20335935       32.779805       33.059227     -0.84521753
       33.082252     -0.21735480     -0.20053729       33.203085       33.484617     -0.84078138
       33.416416     -0.20837176     -0.19721106       33.630000       33.913252     -0.83522595

Table series: Data for wavelength : 0.656273 µm.
   Y Angle (deg)       Tan Shift       Sag Shift     Real Height     Ref. Height      Distortion
  --------------  --------------  --------------  --------------  --------------  --------------
      0.00000000     0.066991166     0.066991166      0.00000000      0.00000000      0.00000000
      0.33416416     0.066995704     0.066944943      0.29984266      0.29984329 -2.0725318E-004
      0.66832832     0.067022512     0.066806288      0.59970263      0.59970697 -7.2473581E-004
       1.0024925     0.067071403     0.066575253      0.89959719      0.89961146 -1.5869150E-003
       1.3366566     0.067142060     0.066251922       1.1995437       1.1995772 -2.7934418E-003
       1.6708208     0.067234040     0.065836414       1.4995594       1.4996245 -4.3437911E-003
       2.0049850     0.067346773     0.065328879       1.7996618       1.7997740 -6.2372875E-003
       2.3391491     0.067479561     0.064729505       2.0998681       2.1000461 -8.4731035E-003
       2.6733133     0.067631574     0.064038511       2.4001960       2.4004613    -0.011050260
       3.0074774     0.067801857     0.063256153       2.7006628       2.7010401    -0.013967623
       3.3416416     0.067989321     0.062382720       3.0012862       3.0018032    -0.017223906
       3.6758058     0.068192748     0.061418535       3.3020837       3.3027712    -0.020817666
       4.0099699     0.068410789     0.060363960       3.6030730       3.6039649    -0.024747303
       4.3441341     0.068641961     0.059219389       3.9042719       3.9054049    -0.029011057
       4.6782982     0.068884647     0.057985254       4.2056983       4.2071122    -0.033607008
       5.0124624     0.069137095     0.056662023       4.5073701       4.5091076    -0.038533075
       5.3466266     0.069397418     0.055250200       4.8093053       4.8114121    -0.043787010
       5.6807907     0.069663590     0.053750328       5.1115222       5.1140468    -0.049366400
       6.0149549     0.069933449     0.052162986       5.4140390       5.4170329    -0.055268662
       6.3491190     0.070204690     0.050488795       5.7168741       5.7203916    -0.061491042
       6.6832832     0.070474869     0.048728411       6.0200460       6.0241443    -0.068030610
       7.0174474     0.070741398     0.046882533       6.3235735       6.3283125    -0.074884259
       7.3516115     0.071001547     0.044951900       6.6274754       6.6329177    -0.082048701
       7.6857757     0.071252439     0.042937291       6.9317707       6.9379816    -0.089520465
       8.0199398     0.071491052     0.040839530       7.2364786       7.2435262    -0.097295892
       8.3541040     0.071714214     0.038659483       7.5416183       7.5495734     -0.10537113
       8.6882682     0.071918608     0.036398058       7.8472095       7.8561452     -0.11374213
       9.0224323     0.072100762     0.034056214       8.1532718       8.1632640     -0.12240466
       9.3565965     0.072257058     0.031634950       8.4598252       8.4709522     -0.13135426
       9.6907606     0.072383724     0.029135317       8.7668899       8.7792323     -0.14058628
       10.024925     0.072476835     0.026558414       9.0744862       9.0881271     -0.15009584
       10.359089     0.072532314     0.023905390       9.3826347       9.3976595     -0.15987786
       10.693253     0.072545932     0.021177447       9.6913563       9.7078526     -0.16992704
       11.027417     0.072513306     0.018375837       10.000672       10.018730     -0.18023782
       11.361581     0.072429900     0.015501873       10.310604       10.330314     -0.19080445
       11.695746     0.072291027     0.012556919       10.621172       10.642630     -0.20162091
       12.029910     0.072091851  9.5424014E-003       10.932400       10.955701     -0.21268093
       12.364074     0.071827385  6.4598061E-003       11.244310       11.269551     -0.22397802
       12.698238     0.071492497  3.3106823E-003       11.556923       11.584204     -0.23550539
       13.032402     0.071081911  9.6644311E-005       11.870263       11.899686     -0.24725602
       13.366566     0.070590211 -3.1806259E-003       12.184354       12.216021     -0.25922260
       13.700731     0.070011845 -6.5193761E-003       12.499218       12.533233     -0.27139754
       14.034895     0.069341133 -9.9177809E-003       12.814881       12.851349     -0.28377296
       14.369059     0.068572268    -0.013373939       13.131365       13.170394     -0.29634069
       14.703223     0.067699329    -0.016885870       13.448696       13.490394     -0.30909224
       15.037387     0.066716286    -0.020451510       13.766899       13.811375     -0.32201884
       15.371551     0.065617013    -0.024068712       14.086000       14.133363     -0.33511136
       15.705716     0.064395296    -0.027735236       14.406025       14.456385     -0.34836036
       16.039880     0.063044851    -0.031448749       14.726999       14.780469     -0.36175606
       16.374044     0.061559336    -0.035206820       15.048951       15.105641     -0.37528832
       16.708208     0.059932369    -0.039006917       15.371907       15.431929     -0.38894663
       17.042372     0.058157550    -0.042846397       15.695896       15.759363     -0.40272014
       17.376536     0.056228481    -0.046722507       16.020946       16.087969     -0.41659759
       17.710700     0.054138796    -0.050632373       16.347087       16.417776     -0.43056734
       18.044865     0.051882183    -0.054572999       16.674347       16.748815     -0.44461733
       18.379029     0.049452426    -0.058541257       17.002757       17.081114     -0.45873509
       18.713193     0.046843432    -0.062533881       17.332347       17.414703     -0.47290774
       19.047357     0.044049280    -0.066547461       17.663151       17.749613     -0.48712193
       19.381521     0.041064265    -0.070578435       17.995198       18.085874     -0.50136387
       19.715685     0.037882948    -0.074623078       18.328523       18.423519     -0.51561929
       20.049850     0.034500219    -0.078677497       18.663159       18.762577     -0.52987347
       20.384014     0.030911358    -0.082737620       18.999140       19.103082     -0.54411115
       20.718178     0.027112110    -0.086799186       19.336501       19.445066     -0.55831660
       21.052342     0.023098767    -0.090857733       19.675278       19.788563     -0.57247354
       21.386506     0.018868258    -0.094908588       20.015508       20.133604     -0.58656517
       21.720670     0.014418253    -0.098946853       20.357227       20.480226     -0.60057414
       22.054835  9.7472739E-003     -0.10296739       20.700475       20.828462     -0.61448250
       22.388999  4.8548256E-003     -0.10696483       21.045291       21.178348     -0.62827176
       22.723163 -2.5846741E-004     -0.11093350       21.391714       21.529919     -0.64192281
       23.057327 -5.5906988E-003     -0.11486747       21.739786       21.883212     -0.65541593
       23.391491    -0.011138507     -0.11876051       22.089549       22.238263     -0.66873078
       23.725655    -0.016896875     -0.12260607       22.441047       22.595111     -0.68184637
       24.059820    -0.022858915     -0.12639724       22.794323       22.953792     -0.69474106
       24.393984    -0.029015620     -0.13012677       23.149423       23.314347     -0.70739253
       24.728148    -0.035355593     -0.13378702       23.506393       23.676813     -0.71977779
       25.062312    -0.041864740     -0.13736995       23.865281       24.041232     -0.73187314
       25.396476    -0.048525926     -0.14086706       24.226136       24.407645     -0.74365417
       25.730640    -0.055318600     -0.14426941       24.589009       24.776092     -0.75509577
       26.064804    -0.062218364     -0.14756754       24.953950       25.146616     -0.76617208
       26.398969    -0.069196495     -0.15075149       25.321012       25.519260     -0.77685649
       26.733133    -0.076219413     -0.15381071       25.690251       25.894069     -0.78712168
       27.067297    -0.083248082     -0.15673405       26.061721       26.271085     -0.79693955
       27.401461    -0.090237337     -0.15950972       26.435479       26.650356     -0.80628125
       27.735625    -0.097135127     -0.16212522       26.811586       27.031927     -0.81511719
       28.069789     -0.10388168     -0.16456734       27.190099       27.415846     -0.82341703
       28.403954     -0.11040853     -0.16682205       27.571083       27.802160     -0.83114969
       28.738118     -0.11663745     -0.16887449       27.954599       28.190919     -0.83828335
       29.072282     -0.12247927     -0.17070886       28.340714       28.582173     -0.84478551
       29.406446     -0.12783245     -0.17230840       28.729495       28.975972     -0.85062298
       29.740610     -0.13258160     -0.17365529       29.121011       29.372368     -0.85576189
       30.074774     -0.13659567     -0.17473058       29.515331       29.771415     -0.86016781
       30.408939     -0.13972602     -0.17551411       29.912529       30.173167     -0.86380572
       30.743103     -0.14180412     -0.17598438       30.312680       30.577679     -0.86664011
       31.077267     -0.14263895     -0.17611852       30.715860       30.985006     -0.86863507
       31.411431     -0.14201413     -0.17589210       31.122147       31.395208     -0.86975434
       31.745595     -0.13968454     -0.17527906       31.531622       31.808342     -0.86996144
       32.079759     -0.13537240     -0.17425155       31.944367       32.224469     -0.86921982
       32.413924     -0.12876292     -0.17277981       32.360467       32.643649     -0.86749297
       32.748088     -0.11949911     -0.17083197       32.780009       33.065945     -0.86474464
       33.082252     -0.10717591     -0.16837390       33.203081       33.491421     -0.86093902
       33.416416    -0.091333294     -0.16536903       33.629773       33.920143     -0.85604102
