Results for:	
File:	C:\Users\User\OneDrive - Massachusetts Institute of Technology\Documents\MIT\Grad School\Classes\2.156\Lens Project\Prime Lenses\US02417736-1.zmx
Title:	
Date:	11/7/2025 5:41:56 PM

0 message(s) in output.
3 series table(s) in output.

Table series: Data for wavelength : 0.486133 µm.
   Y Angle (deg)       Tan Shift       Sag Shift     Real Height     Ref. Height      Distortion
  --------------  --------------  --------------  --------------  --------------  --------------
      0.00000000    -0.035814647    -0.035814647      0.00000000      0.00000000      0.00000000
      0.21000000    -0.035756130    -0.035810348     0.091972184     0.091972242 -6.2859188E-005
      0.42000000    -0.035577872    -0.035797422      0.18394639      0.18394696 -3.0677377E-004
      0.63000000    -0.035279856    -0.035775774      0.27592464      0.27592661 -7.1334202E-004
      0.84000000    -0.034862056    -0.035745247      0.36790896      0.36791368 -1.2826555E-003
       1.0500000    -0.034324435    -0.035705622      0.45990137      0.45991064 -2.0148141E-003
       1.2600000    -0.033666947    -0.035656617      0.55190390      0.55191996 -2.9099558E-003
       1.4700000    -0.032889539    -0.035597888      0.64391856      0.64394411 -3.9682487E-003
       1.6800000    -0.031992149    -0.035529025      0.73594738      0.73598558 -5.1898909E-003
       1.8900000    -0.030974712    -0.035449558      0.82799239      0.82804683 -6.5751104E-003
       2.1000000    -0.029837156    -0.035358953      0.92005561      0.92013036 -8.1241647E-003
       2.3100000    -0.028579411    -0.035256612       1.0121391       1.0122386 -9.8373404E-003
       2.5200000    -0.027201406    -0.035141875       1.1042448       1.1043742    -0.011714953
       2.7300000    -0.025703073    -0.035014017       1.1963748       1.1965394    -0.013757346
       2.9400000    -0.024084351    -0.034872249       1.2885312       1.2887369    -0.015964890
       3.1500000    -0.022345186    -0.034715718       1.3807159       1.3809691    -0.018337985
       3.3600000    -0.020485540    -0.034543509       1.4729309       1.4732385    -0.020877057
       3.5700000    -0.018505387    -0.034354640       1.5651784       1.5655476    -0.023582556
       3.7800000    -0.016404726    -0.034148065       1.6574604       1.6578990    -0.026454960
       3.9900000    -0.014183577    -0.033922672       1.7497788       1.7502951    -0.029494770
       4.2000000    -0.011841990    -0.033677286       1.8421358       1.8427384    -0.032702511
       4.4100000 -9.3800511E-003    -0.033410664       1.9345333       1.9352315    -0.036078731
       4.6200000 -6.7978848E-003    -0.033121499       2.0269735       2.0277770    -0.039624001
       4.8300000 -4.0956617E-003    -0.032808417       2.1194583       2.1203772    -0.043338911
       5.0400000 -1.2736045E-003    -0.032469977       2.2119898       2.2130349    -0.047224072
       5.2500000  1.6680052E-003    -0.032104672       2.3045700       2.3057524    -0.051280114
       5.4600000  4.7288201E-003    -0.031710927       2.3972011       2.3985325    -0.055507682
       5.6700000  7.9084189E-003    -0.031287099       2.4898850       2.4913775    -0.059907439
       5.8800000     0.011206299    -0.030831478       2.5826238       2.5842902    -0.064480063
       6.0900000     0.014621866    -0.030342286       2.6754196       2.6772730    -0.069226242
       6.3000000     0.018154426    -0.029817676       2.7682745       2.7703286    -0.074146679
       6.5100000     0.021803177    -0.029255729       2.8611904       2.8634595    -0.079242082
       6.7200000     0.025567193    -0.028654461       2.9541696       2.9566684    -0.084513171
       6.9300000     0.029445419    -0.028011814       3.0472140       3.0499578    -0.089960669
       7.1400000     0.033436655    -0.027325663       3.1403258       3.1433303    -0.095585301
       7.3500000     0.037539544    -0.026593810       3.2335069       3.2367886     -0.10138780
       7.5600000     0.041752558    -0.025813986       3.3267596       3.3303354     -0.10736888
       7.7700000     0.046073986    -0.024983850       3.4200860       3.4239732     -0.11352927
       7.9800000     0.050501914    -0.024100991       3.5134880       3.5177047     -0.11986969
       8.1900000     0.055034214    -0.023162923       3.6069679       3.6115326     -0.12639084
       8.4000000     0.059668522    -0.022167089       3.7005278       3.7054595     -0.13309341
       8.6100000     0.064402221    -0.021110857       3.7941697       3.7994881     -0.13997807
       8.8200000     0.069232421    -0.019991522       3.8878958       3.8936212     -0.14704548
       9.0300000     0.074155938    -0.018806307       3.9817083       3.9878614     -0.15429627
       9.2400000     0.079169274    -0.017552358       4.0756092       4.0822114     -0.16173104
       9.4500000     0.084268586    -0.016226746       4.1696008       4.1766741     -0.16935036
       9.6600000     0.089449669    -0.014826470       4.2636853       4.2712520     -0.17715475
       9.8700000     0.094707924    -0.013348452       4.3578647       4.3659480     -0.18514471
       10.080000      0.10003833    -0.011789538       4.4521414       4.4607649     -0.19332068
       10.290000      0.10543541    -0.010146498       4.5465174       4.5557055     -0.20168304
       10.500000      0.11089321 -8.4160291E-003       4.6409950       4.6507724     -0.21023211
       10.710000      0.11640524 -6.5947493E-003       4.7355765       4.7459686     -0.21896815
       10.920000      0.12196447 -4.6792025E-003       4.8302640       4.8412969     -0.22789136
       11.130000      0.12756327 -2.6658564E-003       4.9250599       4.9367601     -0.23700182
       11.340000      0.13319335 -5.5110269E-004       5.0199664       5.0323611     -0.24629957
       11.550000      0.13884576  1.6687421E-003       5.1149858       5.1281027     -0.25578450
       11.760000      0.14451081  3.9974367E-003       5.2101204       5.2239878     -0.26545644
       11.970000      0.15017800  6.4388148E-003       5.3053726       5.3200194     -0.27531507
       12.180000      0.15583603  8.9967843E-003       5.4007447       5.4162004     -0.28535996
       12.390000      0.16147267     0.011675327       5.4962391       5.5125336     -0.29559054
       12.600000      0.16707474     0.014478496       5.5918582       5.6090221     -0.30600608
       12.810000      0.17262803     0.017410418       5.6876044       5.7056688     -0.31660570
       13.020000      0.17811723     0.020475291       5.7834802       5.8024768     -0.32738833
       13.230000      0.18352585     0.023677380       5.8794880       5.8994490     -0.33835271
       13.440000      0.18883613     0.027021018       5.9756305       5.9965884     -0.34949739
       13.650000      0.19402897     0.030510607       6.0719102       6.0938982     -0.36082067
       13.860000      0.19908384     0.034150609       6.1683296       6.1913814     -0.37232063
       14.070000      0.20397863     0.037945550       6.2648914       6.2890410     -0.38399507
       14.280000      0.20868961     0.041900013       6.3615983       6.3868802     -0.39584151
       14.490000      0.21319126     0.046018639       6.4584530       6.4849021     -0.40785717
       14.700000      0.21745616     0.050306118       6.5554583       6.5831099     -0.42003895
       14.910000      0.22145489     0.054767191       6.6526170       6.6815068     -0.43238338
       15.120000      0.22515581     0.059406642       6.7499321       6.7800958     -0.44488659
       15.330000      0.22852499     0.064229291       6.8474065       6.8788804     -0.45754434
       15.540000      0.23152597     0.069239996       6.9450431       6.9778636     -0.47035189
       15.750000      0.23411963     0.074443638       7.0428452       7.0770489     -0.48330407
       15.960000      0.23626398     0.079845118       7.1408159       7.1764394     -0.49639515
       16.170000      0.23791393     0.085449350       7.2389584       7.2760384     -0.50961886
       16.380000      0.23902110     0.091261251       7.3372761       7.3758494     -0.52296831
       16.590000      0.23953356     0.097285730       7.4357725       7.4758757     -0.53643598
       16.800000      0.23939553      0.10352768       7.5344510       7.5761207     -0.55001361
       17.010000      0.23854719      0.10999196       7.6333155       7.6765878     -0.56369221
       17.220000      0.23692425      0.11668339       7.7323696       7.7772805     -0.57746195
       17.430000      0.23445773      0.12360672       7.8316174       7.8782021     -0.59131211
       17.640000      0.23107351      0.13076664       7.9310628       7.9793563     -0.60523102
       17.850000      0.22669199      0.13816773       8.0307101       8.0807466     -0.61920595
       18.060000      0.22122766      0.14581446       8.1305638       8.1823765     -0.63322305
       18.270000      0.21458860      0.15371117       8.2306284       8.2842496     -0.64726726
       18.480000      0.20667602      0.16186200       8.3309086       8.3863695     -0.66132217
       18.690000      0.19738367      0.17027092       8.4314096       8.4887400     -0.67536996
       18.900000      0.18659730      0.17894167       8.5321365       8.5913646     -0.68939123
       19.110000      0.17419392      0.18787771       8.6330948       8.6942471     -0.70336490
       19.320000      0.16004118      0.19708219       8.7342903       8.7973912     -0.71726803
       19.530000      0.14399652      0.20655792       8.8357291       8.9008007     -0.73107569
       19.740000      0.12590633      0.21630729       8.9374177       9.0044795     -0.74476075
       19.950000      0.10560501      0.22633222       9.0393627       9.1084313     -0.75829368
       20.160000     0.082913960      0.23663410       9.1415714       9.2126602     -0.77164236
       20.370000     0.057640398      0.24721371       9.2440513       9.3171699     -0.78477182
       20.580000     0.029576130      0.25807114       9.3468107       9.4219644     -0.79764393
       20.790000 -1.5038512E-003      0.26920570       9.4498580       9.5270478     -0.81021716
       21.000000    -0.035842897      0.28061578       9.5532025       9.6324240     -0.82244620

Table series: Data for wavelength : 0.587562 µm.
   Y Angle (deg)       Tan Shift       Sag Shift     Real Height     Ref. Height      Distortion
  --------------  --------------  --------------  --------------  --------------  --------------
      0.00000000     0.019992809     0.019992809      0.00000000      0.00000000      0.00000000
      0.21000000     0.020047697     0.019994870     0.091972246     0.091972320 -8.0480030E-005
      0.42000000     0.020214826     0.020001084      0.18394652      0.18394711 -3.2194694E-004
      0.63000000     0.020494213     0.020011544      0.27592485      0.27592684 -7.2444773E-004
      0.84000000     0.020885885     0.020026404      0.36790925      0.36791399 -1.2880516E-003
       1.0500000     0.021389882     0.020045881      0.45990177      0.45991103 -2.0128710E-003
       1.2600000     0.022006251     0.020070253      0.55190442      0.55192042 -2.8990451E-003
       1.4700000     0.022735051     0.020099860      0.64391924      0.64394466 -3.9467437E-003
       1.6800000     0.023576345     0.020135105      0.73594825      0.73598620 -5.1561668E-003
       1.8900000     0.024530205     0.020176453      0.82799348      0.82804754 -6.5275447E-003
       2.1000000     0.025596706     0.020224429      0.92005697      0.92013114 -8.0611373E-003
       2.3100000     0.026775925     0.020279624       1.0121407       1.0122395 -9.7572341E-003
       2.5200000     0.028067941     0.020342690       1.1042468       1.1043751    -0.011616154
       2.7300000     0.029472828     0.020414340       1.1963773       1.1965404    -0.013638244
       2.9400000     0.030990657     0.020495354       1.2885341       1.2887380    -0.015823879
       3.1500000     0.032621491     0.020586571       1.3807193       1.3809703    -0.018173464
       3.3600000     0.034365379     0.020688896       1.4729350       1.4732397    -0.020687428
       3.5700000     0.036222358     0.020803296       1.5651831       1.5655490    -0.023366228
       3.7800000     0.038192444     0.020930804       1.6574658       1.6579004    -0.026210347
       3.9900000     0.040275630     0.021072514       1.7497851       1.7502965    -0.029220293
       4.2000000     0.042471881     0.021229587       1.8421430       1.8427400    -0.032396599
       4.4100000     0.044781131     0.021403248       1.9345415       1.9352332    -0.035739819
       4.6200000     0.047203272     0.021594786       2.0269828       2.0277787    -0.039250532
       4.8300000     0.049738155     0.021805556       2.1194688       2.1203790    -0.042929338
       5.0400000     0.052385580     0.022036979       2.2120015       2.2130367    -0.046776857
       5.2500000     0.055145291     0.022290540       2.3045832       2.3057544    -0.050793729
       5.4600000     0.058016967     0.022567793       2.3972158       2.3985345    -0.054980611
       5.6700000     0.061000215     0.022870356       2.4899013       2.4913796    -0.059338178
       5.8800000     0.064094567     0.023199916       2.5826419       2.5842924    -0.063867119
       6.0900000     0.067299461     0.023558227       2.6754395       2.6772753    -0.068568139
       6.3000000     0.070614243     0.023947108       2.7682963       2.7703309    -0.073441953
       6.5100000     0.074038150     0.024368450       2.8612144       2.8634619    -0.078489287
       6.7200000     0.077570302     0.024824211       2.9541958       2.9566709    -0.083710878
       6.9300000     0.081209691     0.025316416       3.0472426       3.0499603    -0.089107465
       7.1400000     0.084955169     0.025847162       3.1403569       3.1433330    -0.094679797
       7.3500000     0.088805436     0.026418615       3.2335407       3.2367914     -0.10042862
       7.5600000     0.092759027     0.027033010       3.3267962       3.3303382     -0.10635469
       7.7700000     0.096814293     0.027692653       3.4201255       3.4239761     -0.11245874
       7.9800000      0.10096940     0.028399921       3.5135307       3.5177077     -0.11874152
       8.1900000      0.10522228     0.029157262       3.6070138       3.6115356     -0.12520376
       8.4000000      0.10957067     0.029967197       3.7005771       3.7054626     -0.13184619
       8.6100000      0.11401203     0.030832317       3.7942226       3.7994913     -0.13866950
       8.8200000      0.11854358     0.031755287       3.8879525       3.8936245     -0.14567438
       9.0300000      0.12316223     0.032738843       3.9817688       3.9878648     -0.15286151
       9.2400000      0.12786460     0.033785795       4.0756739       4.0822149     -0.16023152
       9.4500000      0.13264696     0.034899027       4.1696697       4.1766776     -0.16778502
       9.6600000      0.13750525     0.036081495       4.2637586       4.2712556     -0.17552259
       9.8700000      0.14243500     0.037336230       4.3579426       4.3659517     -0.18344476
       10.080000      0.14743135     0.038666338       4.4522240       4.4607687     -0.19155203
       10.290000      0.15248897     0.040074997       4.5466050       4.5557093     -0.19984482
       10.500000      0.15760210     0.041565459       4.6410877       4.6507764     -0.20832353
       10.710000      0.16276444     0.043141054       4.7356744       4.7459726     -0.21698847
       10.920000      0.16796914     0.044805183       4.8303674       4.8413010     -0.22583989
       11.130000      0.17320881     0.046561321       4.9251689       4.9367643     -0.23487798
       11.340000      0.17847539     0.048413021       5.0200812       5.0323653     -0.24410281
       11.550000      0.18376018     0.050363906       5.1151065       5.1281070     -0.25351439
       11.760000      0.18905376     0.052417675       5.2102473       5.2239923     -0.26311260
       11.970000      0.19434593     0.054578098       5.3055057       5.3200239     -0.27289724
       12.180000      0.19962570     0.056849021       5.4008842       5.4162049     -0.28286796
       12.390000      0.20488118     0.059234358       5.4963852       5.5125383     -0.29302429
       12.600000      0.21009955     0.061738098       5.5920110       5.6090269     -0.30336563
       12.810000      0.21526700     0.064364298       5.6877641       5.7056737     -0.31389119
       13.020000      0.22036863     0.067117084       5.7836468       5.8024817     -0.32460006
       13.230000      0.22538839     0.070000651       5.8796618       5.8994540     -0.33549109
       13.440000      0.23030903     0.073019260       5.9758115       5.9965935     -0.34656297
       13.650000      0.23511196     0.076177235       6.0720985       6.0939034     -0.35781417
       13.860000      0.23977721     0.079478964       6.1685253       6.1913866     -0.36924292
       14.070000      0.24428327     0.082928893       6.2650946       6.2890463     -0.38084720
       14.280000      0.24860707     0.086531528       6.3618091       6.3868856     -0.39262473
       14.490000      0.25272377     0.090291427       6.4586714       6.4849076     -0.40457291
       14.700000      0.25660672     0.094213199       6.5556844       6.5831155     -0.41668885
       14.910000      0.26022729     0.098301502       6.6528508       6.6815124     -0.42896931
       15.120000      0.26355473      0.10256103       6.7501735       6.7801016     -0.44141067
       15.330000      0.26655602      0.10699653       6.8476554       6.8788862     -0.45400895
       15.540000      0.26919573      0.11161276       6.9452997       6.9778695     -0.46675969
       15.750000      0.27143581      0.11641452       7.0431092       7.0770549     -0.47965801
       15.960000      0.27323545      0.12140662       7.1410872       7.1764454     -0.49269850
       16.170000      0.27455082      0.12659389       7.2392369       7.2760446     -0.50587523
       16.380000      0.27533490      0.13198116       7.3375616       7.3758557     -0.51918169
       16.590000      0.27553720      0.13757323       7.4360647       7.4758821     -0.53261073
       16.800000      0.27510357      0.14337493       7.5347498       7.5761271     -0.54615454
       17.010000      0.27397586      0.14939102       7.6336204       7.6765943     -0.55980455
       17.220000      0.27209164      0.15562623       7.7326803       7.7772870     -0.57355144
       17.430000      0.26938391      0.16208524       7.8319334       7.8782088     -0.58738501
       17.640000      0.26578073      0.16877264       7.9313836       7.9793631     -0.60129414
       17.850000      0.26120481      0.17569294       8.0310352       8.0807534     -0.61526671
       18.060000      0.25557316      0.18285052       8.1308925       8.1823834     -0.62928952
       18.270000      0.24879660      0.19024965       8.2309600       8.2842566     -0.64334822
       18.480000      0.24077930      0.19789442       8.3312423       8.3863766     -0.65742716
       18.690000      0.23141823      0.20578873       8.4317444       8.4887471     -0.67150933
       18.900000      0.22060261      0.21393625       8.5324714       8.5913718     -0.68557622
       19.110000      0.20821325      0.22234041       8.6334287       8.6942544     -0.69960770
       19.320000      0.19412191      0.23100432       8.7346220       8.7973986     -0.71358189
       19.530000      0.17819049      0.23993077       8.8360571       8.9008082     -0.72747497
       19.740000      0.16027027      0.24912213       8.9377403       9.0044871     -0.74126103
       19.950000      0.14020098      0.25858033       9.0396784       9.1084390     -0.75491188
       20.160000      0.11780981      0.26830680       9.1418781       9.2126679     -0.76839685
       20.370000     0.092910296      0.27830236       9.2443470       9.3171777     -0.78168253
       20.580000     0.065301192      0.28856717       9.3470929       9.4219724     -0.79473254
       20.790000     0.034765076      0.29910065       9.4501242       9.5270558     -0.80750722
       21.000000  1.0669152E-003      0.30990133       9.5534497       9.6324322     -0.81996333

Table series: Data for wavelength : 0.656273 µm.
   Y Angle (deg)       Tan Shift       Sag Shift     Real Height     Ref. Height      Distortion
  --------------  --------------  --------------  --------------  --------------  --------------
      0.00000000     0.058483446     0.058483446      0.00000000      0.00000000      0.00000000
      0.21000000     0.058537120     0.058484671     0.091969954     0.091970003 -5.3119844E-005
      0.42000000     0.058700514     0.058488378      0.18394194      0.18394248 -2.9371897E-004
      0.63000000     0.058973646     0.058494658      0.27591798      0.27591989 -6.9478162E-004
      0.84000000     0.059356543     0.058503667      0.36790010      0.36790472 -1.2563615E-003
       1.0500000     0.059849247     0.058515618      0.45989034      0.45989944 -1.9785796E-003
       1.2600000     0.060451807     0.058530789      0.55189073      0.55190652 -2.8615757E-003
       1.4700000     0.061164284     0.058549519      0.64390328      0.64392843 -3.9055204E-003
       1.6800000     0.061986744     0.058572208      0.73593005      0.73596766 -5.1106148E-003
       1.8900000     0.062919262     0.058599320      0.82797304      0.82802667 -6.4770903E-003
       2.1000000     0.063961917     0.058631378      0.92003431      0.92010796 -8.0052081E-003
       2.3100000     0.065114790     0.058668969       1.0121159       1.0122140 -9.6952594E-003
       2.5200000     0.066377964     0.058712743       1.1042198       1.1043473    -0.011547564
       2.7300000     0.067751520     0.058763410       1.1963480       1.1965103    -0.013562472
       2.9400000     0.069235533     0.058821746       1.2885027       1.2887055    -0.015740361
       3.1500000     0.070830072     0.058888586       1.3806858       1.3809355    -0.018081636
       3.3600000     0.072535195     0.058964832       1.4728993       1.4732026    -0.020586730
       3.5700000     0.074350945     0.059051447       1.5651454       1.5655095    -0.023256103
       3.7800000     0.076277347     0.059149456       1.6574261       1.6578586    -0.026090240
       3.9900000     0.078314402     0.059259953       1.7497433       1.7502525    -0.029089653
       4.2000000     0.080462087     0.059384090       1.8420992       1.8426935    -0.032254878
       4.4100000     0.082720343     0.059523087       1.9344958       1.9351844    -0.035586474
       4.6200000     0.085089076     0.059678229       2.0269351       2.0277276    -0.039085023
       4.8300000     0.087568149     0.059850863       2.1194191       2.1203256    -0.042751129
       5.0400000     0.090157375     0.060042404       2.2119501       2.2129810    -0.046585419
       5.2500000     0.092856512     0.060254330       2.3045299       2.3056963    -0.050588536
       5.4600000     0.095665255     0.060488189       2.3971606       2.3984741    -0.054761143
       5.6700000     0.098583228     0.060745590       2.4898444       2.4913169    -0.059103922
       5.8800000      0.10160998     0.061028213       2.5825832       2.5842273    -0.063617568
       6.0900000      0.10474496     0.061337804       2.6753792       2.6772078    -0.068302791
       6.3000000      0.10798755     0.061676173       2.7682344       2.7702611    -0.073160316
       6.5100000      0.11133700     0.062045203       2.8611509       2.8633898    -0.078190877
       6.7200000      0.11479246     0.062446842       2.9541307       2.9565964    -0.083395216
       6.9300000      0.11835294     0.062883106       3.0471760       3.0498835    -0.088774085
       7.1400000      0.12201732     0.063356081       3.1402888       3.1432538    -0.094328240
       7.3500000      0.12578433     0.063867924       3.2334712       3.2367098     -0.10005844
       7.5600000      0.12965253     0.064420858       3.3267254       3.3302543     -0.10596544
       7.7700000      0.13362031     0.065017180       3.4200534       3.4238898     -0.11205001
       7.9800000      0.13768588     0.065659254       3.5134572       3.5176190     -0.11831289
       8.1900000      0.14184720     0.066349517       3.6069392       3.6114446     -0.12475483
       8.4000000      0.14610205     0.067090477       3.7005013       3.7053693     -0.13137657
       8.6100000      0.15044793     0.067884713       3.7941457       3.7993956     -0.13817883
       8.8200000      0.15488211     0.068734876       3.8878745       3.8935264     -0.14516231
       9.0300000      0.15940155     0.069643689       3.9816898       3.9877643     -0.15232770
       9.2400000      0.16400292     0.070613949       4.0755939       4.0821120     -0.15967564
       9.4500000      0.16868255     0.071648525       4.1695889       4.1765724     -0.16720679
       9.6600000      0.17343644     0.072750358       4.2636768       4.2711480     -0.17492172
       9.8700000      0.17826018     0.073922465       4.3578601       4.3658417     -0.18282100
       10.080000      0.18314899     0.075167934       4.4521407       4.4606563     -0.19090514
       10.290000      0.18809761     0.076489929       4.5465210       4.5555945     -0.19917460
       10.500000      0.19310036     0.077891685       4.6410030       4.6506592     -0.20762980
       10.710000      0.19815102     0.079376514       4.7355892       4.7458531     -0.21627108
       10.920000      0.20324284     0.080947801       4.8302816       4.8411790     -0.22509873
       11.130000      0.20836852     0.082609003       4.9250826       4.9366399     -0.23411295
       11.340000      0.21352011     0.084363653       5.0199944       5.0322386     -0.24331387
       11.550000      0.21868901     0.086215357       5.1150194       5.1279778     -0.25270151
       11.760000      0.22386593     0.088167792       5.2101597       5.2238606     -0.26227581
       11.970000      0.22904080     0.090224711       5.3054178       5.3198899     -0.27203661
       12.180000      0.23420276     0.092389938       5.4007961       5.4160685     -0.28198359
       12.390000      0.23934007     0.094667368       5.4962968       5.5123994     -0.29211635
       12.600000      0.24444007     0.097060966       5.5919224       5.6088856     -0.30243432
       12.810000      0.24948909     0.099574769       5.6876752       5.7055299     -0.31293679
       13.020000      0.25447245      0.10221288       5.7835578       5.8023355     -0.32362286
       13.230000      0.25937427      0.10497947       5.8795727       5.8993054     -0.33449150
       13.440000      0.26417751      0.10787878       5.9757222       5.9964424     -0.34554143
       13.650000      0.26886380      0.11091511       6.0720091       6.0937498     -0.35677119
       13.860000      0.27341340      0.11409283       6.1684358       6.1912306     -0.36817910
       14.070000      0.27780506      0.11741635       6.2650050       6.2888879     -0.37976320
       14.280000      0.28201598      0.12089015       6.3617193       6.3867247     -0.39152130
       14.490000      0.28602162      0.12451877       6.4585815       6.4847442     -0.40345091
       14.700000      0.28979564      0.12830680       6.5555942       6.5829496     -0.41554922
       14.910000      0.29330973      0.13225886       6.6527604       6.6813441     -0.42781309
       15.120000      0.29653351      0.13637963       6.7500829       6.7799308     -0.44023903
       15.330000      0.29943435      0.14067382       6.8475645       6.8787129     -0.45282315
       15.540000      0.30197723      0.14514616       6.9452083       6.9776937     -0.46556113
       15.750000      0.30412457      0.14980144       7.0430174       7.0768766     -0.47844822
       15.960000      0.30583600      0.15464443       7.1409948       7.1762646     -0.49147916
       16.170000      0.30706824      0.15967993       7.2391438       7.2758613     -0.50464817
       16.380000      0.30777481      0.16491276       7.3374677       7.3756699     -0.51794891
       16.590000      0.30790583      0.17034769       7.4359698       7.4756937     -0.53137440
       16.800000      0.30740778      0.17598952       7.5346537       7.5759363     -0.54491701
       17.010000      0.30622321      0.18184298       7.6335230       7.6764009     -0.55856841
       17.220000      0.30429046      0.18791279       7.7325813       7.7770911     -0.57231945
       17.430000      0.30154332      0.19420360       7.8318326       7.8780103     -0.58616020
       17.640000      0.29791073      0.20071999       7.9312807       7.9791621     -0.60007977
       17.850000      0.29331635      0.20746643       8.0309299       8.0805499     -0.61406633
       18.060000      0.28767820      0.21444730       8.1307844       8.1821773     -0.62810696
       18.270000      0.28090823      0.22166685       8.2308488       8.2840479     -0.64218762
       18.480000      0.27291178      0.22912915       8.3311275       8.3861653     -0.65629301
       18.690000      0.26358713      0.23683809       8.4316256       8.4885333     -0.67040648
       18.900000      0.25282490      0.24479735       8.5323481       8.5911554     -0.68450993
       19.110000      0.24050745      0.25301035       8.6333003       8.6940354     -0.69858364
       19.320000      0.22650817      0.26148020       8.7344878       8.7971770     -0.71260618
       19.530000      0.21069079      0.27020969       8.8359164       8.9005840     -0.72655426
       19.740000      0.19290856      0.27920122       8.9375925       9.0042603     -0.74040250
       19.950000      0.17300333      0.28845674       9.0395224       9.1082096     -0.75412331
       20.160000      0.15080464      0.29797770       9.1417132       9.2124359     -0.76768666
       20.370000      0.12612858      0.30776497       9.2441721       9.3169430     -0.78105983
       20.580000     0.098776710      0.31781877       9.3469069       9.4217350     -0.79420722
       20.790000     0.068534652      0.32813857       9.4499258       9.5268158     -0.80709000
       21.000000     0.035170737      0.33872300       9.5532377       9.6321895     -0.81966584
