Results for:	
File:	C:\Users\User\OneDrive - Massachusetts Institute of Technology\Documents\MIT\Grad School\Classes\2.156\Lens Project\Prime Lenses\US20200018936_Example01TCP.zmx
Title:	US 2020/0018936 Example 1 TC (Fujifilm Fujinon XF1.4X TC F2 WR)
Date:	11/7/2025 5:54:16 PM

0 message(s) in output.
3 series table(s) in output.

Table series: Data for wavelength : 0.486133 µm.
   Y Angle (deg)       Tan Shift       Sag Shift     Real Height     Ref. Height      Distortion
  --------------  --------------  --------------  --------------  --------------  --------------
      0.00000000      -77.856787      -77.856787      0.00000000      0.00000000      0.00000000
      0.19783931      -77.860242      -77.857915      0.15047745      0.15047789 -2.8893965E-004
      0.39567861      -77.870008      -77.861175      0.30095597      0.30095936 -1.1271602E-003
      0.59351792      -77.885433      -77.866396      0.45143684      0.45144801 -2.4754626E-003
      0.79135723      -77.905967      -77.873425      0.60192155      0.60194743 -4.2992599E-003
      0.98919653      -77.931144      -77.882132      0.75241178      0.75246121 -6.5681939E-003
       1.1870358      -77.960581      -77.892400      0.90290935      0.90299293 -9.2557714E-003
       1.3848751      -77.993960      -77.904128       1.0534162       1.0535462    -0.012339019
       1.5827145      -78.031028      -77.917230       1.2039344       1.2041246    -0.015798156
       1.7805538      -78.071582      -77.931631       1.3544660       1.3547317    -0.019616286
       1.9783931      -78.115469      -77.947270       1.5050132       1.5053712    -0.023779108
       2.1762324      -78.162573      -77.964092       1.6555784       1.6560466    -0.028274640
       2.3740717      -78.212815      -77.982054       1.8061637       1.8067616    -0.033092966
       2.5719110      -78.266144      -78.001120       1.9567714       1.9575197    -0.038225999
       2.7697503      -78.322532      -78.021261       2.1074039       2.1083246    -0.043667256
       2.9675896      -78.381974      -78.042453       2.2580636       2.2591799    -0.049411656
       3.1654289      -78.444477      -78.064679       2.4087527       2.4100892    -0.055455328
       3.3632682      -78.510062      -78.087925       2.5594735       2.5610561    -0.061795437
       3.5611075      -78.578761      -78.112181       2.7102285       2.7120844    -0.068430028
       3.7589468      -78.650611      -78.137442       2.8610199       2.8631775    -0.075357876
       3.9567861      -78.725653      -78.163703       3.0118500       3.0143392    -0.082578361
       4.1546254      -78.803932      -78.190962       3.1627213       3.1655732    -0.090091351
       4.3524647      -78.885493      -78.219219       3.3136359       3.3168830    -0.097897092
       4.5503040      -78.970381      -78.248476       3.4645962       3.4682724     -0.10599612
       4.7481434      -79.058640      -78.278734       3.6156044       3.6197450     -0.11438919
       4.9459827      -79.150312      -78.309997       3.7666629       3.7713045     -0.12307720
       5.1438220      -79.245438      -78.342267       3.9177739       3.9229546     -0.13206111
       5.3416613      -79.344055      -78.375548       4.0689398       4.0746991     -0.14134196
       5.5395006      -79.446199      -78.409845       4.2201628       4.2265415     -0.15092075
       5.7373399      -79.551902      -78.445159       4.3714452       4.3784857     -0.16079848
       5.9351792      -79.661199      -78.481495       4.5227892       4.5305353     -0.17097608
       6.1330185      -79.774121      -78.518856       4.6741972       4.6826942     -0.18145445
       6.3308578      -79.890699      -78.557245       4.8256715       4.8349660     -0.19223438
       6.5286971      -80.010967      -78.596665       4.9772143       4.9873545     -0.20331662
       6.7265364      -80.134960      -78.637119       5.1288281       5.1398635     -0.21470185
       6.9243757      -80.262717      -78.678610       5.2805150       5.2924967     -0.22639071
       7.1222150      -80.394281      -78.721140       5.4322774       5.4452581     -0.23838379
       7.3200543      -80.529701      -78.764714       5.5841177       5.5981513     -0.25068166
       7.5178936      -80.669034      -78.809334       5.7360382       5.7511802     -0.26328492
       7.7157329      -80.812343      -78.855004       5.8880411       5.9043486     -0.27619417
       7.9135723      -80.959703      -78.901728       6.0401289       6.0576604     -0.28941008
       8.1114116      -81.111198      -78.949511       6.1923039       6.2111194     -0.30293341
       8.3092509      -81.266926      -78.998359       6.3445684       6.3647296     -0.31676501
       8.5070902      -81.426996      -79.048279       6.4969247       6.5184948     -0.33090590
       8.7049295      -81.591533      -79.099278       6.6493752       6.6724189     -0.34535723
       8.9027688      -81.760676      -79.151365       6.8019222       6.8265058     -0.36012037
       9.1006081      -81.934579      -79.204551       6.9545679       6.9807595     -0.37519690
       9.2984474      -82.113416      -79.258848       7.1073147       7.1351840     -0.39058865
       9.4962867      -82.297373      -79.314268       7.2601649       7.2897831     -0.40629768
       9.6941260      -82.486659      -79.370826       7.4131206       7.4445610     -0.42232638
       9.8919653      -82.681497      -79.428541       7.5661841       7.5995215     -0.43867739
       10.089805      -82.882130      -79.487429       7.7193576       7.7546688     -0.45535370
       10.287644      -83.088818      -79.547513       7.8726432       7.9100068     -0.47235857
       10.485483      -83.301837      -79.608813       8.0260431       8.0655397     -0.48969562
       10.683323      -83.521485      -79.671355       8.1795594       8.2212715     -0.50736876
       10.881162      -83.748071      -79.735164       8.3331940       8.3772063     -0.52538225
       11.079001      -83.981925      -79.800270       8.4869490       8.5333483     -0.54374064
       11.276840      -84.223390      -79.866701       8.6408264       8.6897016     -0.56244877
       11.474680      -84.472822      -79.934491       8.7948282       8.8462703     -0.58151177
       11.672519      -84.730593      -80.003672       8.9489561       9.0030586     -0.60093505
       11.870358      -84.997087      -80.074280       9.1032120       9.1600708     -0.62072423
       12.068198      -85.272695      -80.146353       9.2575978       9.3173111     -0.64088516
       12.266037      -85.557822      -80.219928       9.4121152       9.4747837     -0.66142386
       12.463876      -85.852878      -80.295046       9.5667659       9.6324929     -0.68234651
       12.661716      -86.158281      -80.371746       9.7215517       9.7904431     -0.70365939
       12.859555      -86.474454      -80.450072       9.8764741       9.9486384     -0.72536885
       13.057394      -86.801823      -80.530065       10.031535       10.107083     -0.74748127
       13.255234      -87.140817      -80.611770       10.186736       10.265782     -0.77000302
       13.453073      -87.491865      -80.695231       10.342078       10.424740     -0.79294043
       13.650912      -87.855398      -80.780490       10.497563       10.583960     -0.81629971
       13.848751      -88.231845      -80.867594       10.653193       10.743447     -0.84008694
       14.046591      -88.621634      -80.956586       10.808969       10.903206     -0.86430802
       14.244430      -89.025189      -81.047511       10.964893       11.063242     -0.88896861
       14.442269      -89.442936      -81.140412       11.120967       11.223558     -0.91407414
       14.640109      -89.875296      -81.235333       11.277191       11.384160     -0.93962971
       14.837948      -90.322693      -81.332317       11.433568       11.545052     -0.96564011
       15.035787      -90.785551      -81.431406       11.590099       11.706238     -0.99210979
       15.233627      -91.264296      -81.532642       11.746786       11.867723      -1.0190428
       15.431466      -91.759365      -81.636065       11.903631       12.029513      -1.0464429
       15.629305      -92.271204      -81.741716       12.060635       12.191611      -1.0743132
       15.827145      -92.800277      -81.849633       12.217800       12.354023      -1.1026568
       16.024984      -93.347071      -81.959856       12.375129       12.516753      -1.1314762
       16.222823      -93.912106      -82.072423       12.532622       12.679806      -1.1607734
       16.420662      -94.495943      -82.187371       12.690282       12.843187      -1.1905505
       16.618502      -95.099197      -82.304740       12.848112       13.006901      -1.2208088
       16.816341      -95.722553      -82.424567       13.006112       13.170953      -1.2515497
       17.014180      -96.366777      -82.546892       13.164285       13.335347      -1.2827745
       17.212020      -97.032742      -82.671754       13.322633       13.500089      -1.3144841
       17.409859      -97.721444      -82.799196       13.481158       13.665184      -1.3466796
       17.607698      -98.434032      -82.929263       13.639863       13.830637      -1.3793623
       17.805538      -99.171837      -83.062002       13.798749       13.996453      -1.4125336
       18.003377      -99.936405      -83.197465       13.957818       14.162637      -1.4461952
       18.201216      -100.72954      -83.335708       14.117073       14.329195      -1.4803497
       18.399055      -101.55333      -83.476792       14.276515       14.496131      -1.5150000
       18.596895      -102.41025      -83.620788       14.436146       14.663451      -1.5501500
       18.794734      -103.30315      -83.767772       14.595967       14.831161      -1.5858049
       18.992573      -104.23537      -83.917832       14.755981       14.999264      -1.6219709
       19.190413      -105.21082      -84.071065       14.916187       15.167768      -1.6586560
       19.388252      -106.23406      -84.227582       15.076588       15.336678      -1.6958698
       19.586091      -107.31039      -84.387506       15.237183       15.505999      -1.7336240
       19.783931      -108.44600      -84.550980       15.397972       15.675736      -1.7719328

Table series: Data for wavelength : 0.587562 µm.
   Y Angle (deg)       Tan Shift       Sag Shift     Real Height     Ref. Height      Distortion
  --------------  --------------  --------------  --------------  --------------  --------------
      0.00000000      -79.042021      -79.042021      0.00000000      0.00000000      0.00000000
      0.19783931      -79.045632      -79.043199      0.15055576      0.15055620 -2.9347515E-004
      0.39567861      -79.055842      -79.046604      0.30111255      0.30111600 -1.1450157E-003
      0.59351792      -79.071971      -79.052056      0.45167161      0.45168297 -2.5150494E-003
      0.79135723      -79.093448      -79.059400      0.60223441      0.60226072 -4.3686842E-003
      0.98919653      -79.119789      -79.068496      0.75280258      0.75285283 -6.6753181E-003
       1.1870358      -79.150596      -79.079225      0.90337790      0.90346290 -9.4082678E-003
       1.3848751      -79.185540      -79.091482       1.0539623       1.0540945    -0.012544417
       1.5827145      -79.224359      -79.105177       1.2045578       1.2047513    -0.016063882
       1.7805538      -79.266845      -79.120234       1.3551664       1.3554368    -0.019949701
       1.9783931      -79.312839      -79.136588       1.5057904       1.5061547    -0.024187534
       2.1762324      -79.362224      -79.154184       1.6564319       1.6569085    -0.028765386
       2.3740717      -79.414917      -79.172976       1.8070932       1.8077019    -0.033673350
       2.5719110      -79.470869      -79.192927       1.9577766       1.9585385    -0.038903362
       2.7697503      -79.530051      -79.214008       2.1084843       2.1094219    -0.044448974
       2.9675896      -79.592460      -79.236195       2.2592186       2.2603557    -0.050305150
       3.1654289      -79.658104      -79.259469       2.4099819       2.4113435    -0.056468069
       3.3632682      -79.727008      -79.283817       2.5607764       2.5623891    -0.062934952
       3.5611075      -79.799203      -79.309229       2.7116045       2.7134959    -0.069703897
       3.7589468      -79.874730      -79.335698       2.8624684       2.8646677    -0.076773736
       3.9567861      -79.953633      -79.363222       3.0133704       3.0159081    -0.084143901
       4.1546254      -80.035958      -79.391797       3.1643128       3.1672207    -0.091814306
       4.3524647      -80.121753      -79.421424       3.3152978       3.3186093    -0.099785245
       4.5503040      -80.211064      -79.452105       3.4663278       3.4700775     -0.10805729
       4.7481434      -80.303938      -79.483842       3.6174050       3.6216289     -0.11663124
       4.9459827      -80.400418      -79.516637       3.7685316       3.7732673     -0.12550799
       5.1438220      -80.500545      -79.550495       3.9197099       3.9249964     -0.13468856
       5.3416613      -80.604359      -79.585418       4.0709421       4.0768198     -0.14417398
       5.5395006      -80.711897      -79.621411       4.2222305       4.2287412     -0.15396527
       5.7373399      -80.823193      -79.658477       4.3735773       4.3807645     -0.16406343
       5.9351792      -80.938281      -79.696619       4.5249848       4.5328933     -0.17446940
       6.1330185      -81.057195      -79.735841       4.6764552       4.6851313     -0.18518406
       6.3308578      -81.179966      -79.776147       4.8279908       4.8374824     -0.19620820
       6.5286971      -81.306630      -79.817538       4.9795939       4.9899502     -0.20754257
       6.7265364      -81.437224      -79.860018       5.1312667       5.1425385     -0.21918784
       6.9243757      -81.571789      -79.903591       5.2830116       5.2952512     -0.23114462
       7.1222150      -81.710370      -79.948258       5.4348307       5.4480921     -0.24341351
       7.3200543      -81.853018      -79.994024       5.5867264       5.6010649     -0.25599508
       7.5178936      -81.999794      -80.040890       5.7387010       5.7541734     -0.26888989
       7.7157329      -82.150766      -80.088863       5.8907568       5.9074215     -0.28209857
       7.9135723      -82.306011      -80.137945       6.0428961       6.0608131     -0.29562178
       8.1114116      -82.465621      -80.188141       6.1951211       6.2143521     -0.30946028
       8.3092509      -82.629698      -80.239459       6.3474342       6.3680422     -0.32361494
       8.5070902      -82.798359      -80.291904       6.4998377       6.5218874     -0.33808678
       8.7049295      -82.971736      -80.345485       6.6523339       6.6758916     -0.35287699
       8.9027688      -83.149976      -80.400212       6.8049250       6.8300587     -0.36798695
       9.1006081      -83.333244      -80.456095       6.9576133       6.9843927     -0.38341829
       9.2984474      -83.521722      -80.513146       7.1104010       7.1388975     -0.39917286
       9.4962867      -83.715609      -80.571380       7.2632904       7.2935771     -0.41525278
       9.6941260      -83.915124      -80.630812       7.4162836       7.4484355     -0.43166048
       9.8919653      -84.120504      -80.691461       7.5693828       7.6034767     -0.44839865
       10.089805      -84.332005      -80.753345       7.7225903       7.7587048     -0.46547033
       10.287644      -84.549900      -80.816486       7.8759080       7.9141237     -0.48287886
       10.485483      -84.774483      -80.880908       8.0293381       8.0697375     -0.50062790
       10.683323      -85.006063      -80.946636       8.1828826       8.2255503     -0.51872143
       10.881162      -85.244969      -81.013698       8.3365436       8.3815663     -0.53716375
       11.079001      -85.491545      -81.082123       8.4903229       8.5377896     -0.55595947
       11.276840      -85.746150      -81.151944       8.6442225       8.6942242     -0.57511348
       11.474680      -86.009160      -81.223192       8.7982443       8.8508744     -0.59463098
       11.672519      -86.280960      -81.295904       8.9523902       9.0077443     -0.61451737
       11.870358      -86.561952      -81.370115       9.1066618       9.1648382     -0.63477833
       12.068198      -86.852546      -81.445866       9.2610611       9.3221603     -0.65541970
       12.266037      -87.153160      -81.523195       9.4155896       9.4797149     -0.67644752
       12.463876      -87.464222      -81.602144       9.5702492       9.6375062     -0.69786795
       12.661716      -87.786165      -81.682755       9.7250413       9.7955386     -0.71968722
       12.859555      -88.119426      -81.765072       9.8799678       9.9538163     -0.74191164
       13.057394      -88.464446      -81.849138       10.035030       10.112344     -0.76454753
       13.255234      -88.821666      -81.934999       10.190230       10.271125     -0.78760117
       13.453073      -89.191529      -82.022699       10.345569       10.430165     -0.81107874
       13.650912      -89.574475      -82.112283       10.501048       10.589468     -0.83498634
       13.848751      -89.970944      -82.203798       10.656669       10.749039     -0.85932988
       14.046591      -90.381372      -82.297289       10.812434       10.908881     -0.88411505
       14.244430      -90.806193      -82.392800       10.968344       11.069000     -0.90934732
       14.442269      -91.245838      -82.490376       11.124401       11.229400     -0.93503186
       14.640109      -91.700735      -82.590062       11.280606       11.390085     -0.96117351
       14.837948      -92.171313      -82.691899       11.436962       11.551060     -0.98777677
       15.035787      -92.658001      -82.795932       11.593468       11.712330      -1.0148458
       15.233627      -93.161230      -82.902201       11.750128       11.873900      -1.0423842
       15.431466      -93.681441      -83.010748       11.906943       12.035774      -1.0703955
       15.629305      -94.219087      -83.121612       12.063915       12.197956      -1.0988825
       15.827145      -94.774638      -83.234832       12.221046       12.360453      -1.1278477
       16.024984      -95.348591      -83.350447       12.378336       12.523267      -1.1572932
       16.222823      -95.941479      -83.468495       12.535790       12.686405      -1.1872209
       16.420662      -96.553878      -83.589015       12.693407       12.849871      -1.2176322
       16.618502      -97.186427      -83.712042       12.851191       13.013670      -1.2485281
       16.816341      -97.839837      -83.837617       13.009143       13.177808      -1.2799097
       17.014180      -98.514915      -83.965777       13.167266       13.342288      -1.3117777
       17.212020      -99.212578      -84.096563       13.325562       13.507115      -1.3441328
       17.409859      -99.933885      -84.230018       13.484032       13.672296      -1.3769757
       17.607698      -100.68006      -84.366187       13.642679       13.837836      -1.4103075
       17.805538      -101.45253      -84.505117       13.801506       14.003738      -1.4441292
       18.003377      -102.25296      -84.646862       13.960513       14.170008      -1.4784426
       18.201216      -103.08328      -84.791480       14.119703       14.336653      -1.5132497
       18.399055      -103.94578      -84.939035       14.279078       14.503676      -1.5485536
       18.596895      -104.84310      -85.089599       14.438640       14.671083      -1.5843582
       18.794734      -105.77836      -85.243254       14.598390       14.838879      -1.6206687
       18.992573      -106.75520      -85.400091       14.758330       15.007071      -1.6574915
       19.190413      -107.77787      -85.560213       14.918460       15.175663      -1.6948349
       19.388252      -108.85132      -85.723737       15.078782       15.344660      -1.7327087
       19.586091      -109.98136      -85.890796       15.239295       15.514069      -1.7711254
       19.783931      -111.17476      -86.061540       15.400000       15.683894      -1.8100995

Table series: Data for wavelength : 0.656273 µm.
   Y Angle (deg)       Tan Shift       Sag Shift     Real Height     Ref. Height      Distortion
  --------------  --------------  --------------  --------------  --------------  --------------
      0.00000000      -79.543528      -79.543528      0.00000000      0.00000000      0.00000000
      0.19783931      -79.547204      -79.544727      0.15059154      0.15059198 -2.9512682E-004
      0.39567861      -79.557597      -79.548191      0.30118409      0.30118756 -1.1515168E-003
      0.59351792      -79.574018      -79.553739      0.45177889      0.45179031 -2.5294609E-003
      0.79135723      -79.595884      -79.561212      0.60237737      0.60240384 -4.3939566E-003
      0.98919653      -79.622707      -79.570469      0.75298118      0.75303174 -6.7143145E-003
       1.1870358      -79.654080      -79.581388      0.90359208      0.90367760 -9.4637846E-003
       1.3848751      -79.689671      -79.593864       1.0542120       1.0543450    -0.012619201
       1.5827145      -79.729213      -79.607804       1.2048429       1.2050376    -0.016160649
       1.7805538      -79.772497      -79.623131       1.3554868       1.3557589    -0.020071143
       1.9783931      -79.819360      -79.639780       1.5061460       1.5065126    -0.024336336
       2.1762324      -79.869686      -79.657694       1.6568226       1.6573023    -0.028944232
       2.3740717      -79.923391      -79.676828       1.8075188       1.8081315    -0.033884931
       2.5719110      -79.980424      -79.697144       1.9582370       1.9590039    -0.039150381
       2.7697503      -80.040759      -79.718612       2.1089793       2.1099232    -0.044734154
       2.9675896      -80.104391      -79.741208       2.2597481       2.2608928    -0.050631231
       3.1654289      -80.171330      -79.764914       2.4105457       2.4119166    -0.056837815
       3.3632682      -80.241602      -79.789715       2.5613743       2.5629980    -0.063351148
       3.5611075      -80.315239      -79.815603       2.7122362       2.7141407    -0.070169353
       3.7589468      -80.392282      -79.842569       2.8631338       2.8653484    -0.077291284
       3.9567861      -80.472776      -79.870612       3.0140692       3.0166248    -0.084716392
       4.1546254      -80.556769      -79.899728       3.1650448       3.1679734    -0.092444613
       4.3524647      -80.644309      -79.929919       3.3160627       3.3193979     -0.10047626
       4.5503040      -80.735444      -79.961186       3.4671254       3.4709021     -0.10881191
       4.7481434      -80.830219      -79.993530       3.6182349       3.6224896     -0.11745238
       4.9459827      -80.928680      -80.026955       3.7693935       3.7741640     -0.12639858
       5.1438220      -81.030869      -80.061465       3.9206035       3.9259291     -0.13565153
       5.3416613      -81.136825      -80.097063       4.0718672       4.0777886     -0.14521227
       5.5395006      -81.246585      -80.133753       4.2231866       4.2297462     -0.15508182
       5.7373399      -81.360185      -80.171539       4.3745641       4.3818056     -0.16526117
       5.9351792      -81.477659      -80.210423       4.5260020       4.5339705     -0.17575127
       6.1330185      -81.599040      -80.250410       4.6775024       4.6862447     -0.18655300
       6.3308578      -81.724362      -80.291502       4.8290676       4.8386320     -0.19766714
       6.5286971      -81.853660      -80.333704       4.9806998       4.9911360     -0.20909443
       6.7265364      -81.986972      -80.377016       5.1324014       5.1437606     -0.22083554
       6.9243757      -82.124339      -80.421443       5.2841745       5.2965096     -0.23289107
       7.1222150      -82.265807      -80.466988       5.4360215       5.4493868     -0.24526162
       7.3200543      -82.411431      -80.513653       5.5879447       5.6023959     -0.25794774
       7.5178936      -82.561269      -80.561442       5.7399462       5.7555408     -0.27095000
       7.7157329      -82.715393      -80.610359       5.8920284       5.9088254     -0.28426902
       7.9135723      -82.873883      -80.660408       6.0441937       6.0622535     -0.29790547
       8.1114116      -83.036830      -80.711595       6.1964442       6.2158289     -0.31186009
       8.3092509      -83.204341      -80.763926       6.3487822       6.3695555     -0.32613377
       8.5070902      -83.376534      -80.817407       6.5012101       6.5234373     -0.34072752
       8.7049295      -83.553545      -80.872047       6.6537301       6.6774781     -0.35564254
       8.9027688      -83.735525      -80.927856       6.8063445       6.8316818     -0.37088023
       9.1006081      -83.922642      -80.984844       6.9590554       6.9860525     -0.38644221
       9.2984474      -84.115082      -81.043025       7.1118653       7.1405940     -0.40233035
       9.4962867      -84.313050      -81.102412       7.2647761       7.2953104     -0.41854679
       9.6941260      -84.516768      -81.163022       7.4177902       7.4502056     -0.43509397
       9.8919653      -84.726479      -81.224872       7.5709097       7.6052836     -0.45197460
       10.089805      -84.942443      -81.287983       7.7241367       7.7605486     -0.46919173
       10.287644      -85.164942      -81.352377       7.8774733       7.9160044     -0.48674873
       10.485483      -85.394273      -81.418078       8.0309217       8.0716552     -0.50464926
       10.683323      -85.630753      -81.485110       8.1844837       8.2275051     -0.52289734
       10.881162      -85.874717      -81.553504       8.3381614       8.3835581     -0.54149728
       11.079001      -86.126514      -81.623288       8.4919568       8.5398185     -0.56045371
       11.276840      -86.386512      -81.694495       8.6458717       8.6962903     -0.57977152
       11.474680      -86.655091      -81.767159       8.7999080       8.8529777     -0.59945592
       11.672519      -86.932647      -81.841315       8.9540676       9.0098850     -0.61951234
       11.870358      -87.219584      -81.917001       9.1083522       9.1670162     -0.63994643
       12.068198      -87.516320      -81.994256       9.2627636       9.3243757     -0.66076406
       12.266037      -87.823281      -82.073120       9.4173034       9.4819677     -0.68197123
       12.463876      -88.140899      -82.153635       9.5719734       9.6397965     -0.70357410
       12.661716      -88.469613      -82.235845       9.7267752       9.7978664     -0.72557887
       12.859555      -88.809867      -82.319792       9.8817103       9.9561817     -0.74799184
       13.057394      -89.162105      -82.405522       10.036780       10.114747     -0.77081926
       13.255234      -89.526775      -82.493080       10.191987       10.273566     -0.79406737
       13.453073      -89.904322      -82.582511       10.347332       10.432644     -0.81774231
       13.650912      -90.295192      -82.673861       10.502816       10.591985     -0.84185009
       13.848751      -90.699826      -82.767176       10.658442       10.751593     -0.86639653
       14.046591      -91.118664      -82.862501       10.814210       10.911474     -0.89138727
       14.244430      -91.552142      -82.959883       10.970123       11.071630     -0.91682764
       14.442269      -92.000692      -83.059364       11.126181       11.232068     -0.94272272
       14.640109      -92.464745      -83.160991       11.282387       11.392792     -0.96907722
       14.837948      -92.944728      -83.264805       11.438741       11.553805     -0.99589551
       15.035787      -93.441072      -83.370849       11.595247       11.715114      -1.0231816
       15.233627      -93.954209      -83.479166       11.751905       11.876722      -1.0509390
       15.431466      -94.484580      -83.589796       11.908717       12.038634      -1.0791709
       15.629305      -95.032639      -83.702778       12.065684       12.200855      -1.1078802
       15.827145      -95.598856      -83.818152       12.222810       12.363390      -1.1370690
       16.024984      -96.183732      -83.935955       12.380095       12.526243      -1.1667395
       16.222823      -96.787801      -84.056227       12.537541       12.689420      -1.1968931
       16.420662      -97.411646      -84.179003       12.695151       12.852925      -1.2275311
       16.618502      -98.055911      -84.304323       12.852927       13.016763      -1.2586545
       16.816341      -98.721320      -84.432223       13.010870       13.180939      -1.2902641
       17.014180      -99.408690      -84.562743       13.168983       13.345458      -1.3223604
       17.212020      -100.11896      -84.695923       13.327268       13.510325      -1.3549440
       17.409859      -100.85321      -84.831805       13.485727       13.675546      -1.3880156
       17.607698      -101.61269      -84.970434       13.644362       13.841124      -1.4215759
       17.805538      -102.39887      -85.111859       13.803175       14.007066      -1.4556260
       18.003377      -103.21345      -85.256133       13.962169       14.173376      -1.4901674
       18.201216      -104.05844      -85.403315       14.121345       14.340060      -1.5252022
       18.399055      -104.93617      -85.553471       14.280705       14.507122      -1.5607335
       18.596895      -105.84938      -85.706672       14.440251       14.674569      -1.5967650
       18.794734      -106.80129      -85.863002       14.599985       14.842406      -1.6333021
       18.992573      -107.79565      -86.022555       14.759907       15.010637      -1.6703511
       19.190413      -108.83685      -86.185435       14.920019       15.179269      -1.7079205
       19.388252      -109.93002      -86.351763       15.080322       15.348307      -1.7460204
       19.586091      -111.08116      -86.521674       15.240816       15.517756      -1.7846631
       19.783931      -112.29726      -86.695322       15.401501       15.687621      -1.8238636
