Results for:	
File:	C:\Users\User\OneDrive - Massachusetts Institute of Technology\Documents\MIT\Grad School\Classes\2.156\Lens Project\Prime Lenses\US02645974-1.zmx
Title:	
Date:	11/7/2025 5:43:09 PM

0 message(s) in output.
3 series table(s) in output.

Table series: Data for wavelength : 0.486133 µm.
   Y Angle (deg)       Tan Shift       Sag Shift     Real Height     Ref. Height      Distortion
  --------------  --------------  --------------  --------------  --------------  --------------
      0.00000000     0.062317763     0.062317763      0.00000000      0.00000000      0.00000000
      0.33000000     0.062249185     0.062189415      0.15273288      0.15273314 -1.7348603E-004
      0.66000000     0.062041862     0.061804488      0.30547404      0.30547641 -7.7814509E-004
      0.99000000     0.061696256     0.061163335      0.45823177      0.45823996 -1.7860438E-003
       1.3200000     0.061213134     0.060266546      0.61101438      0.61103391 -3.1973383E-003
       1.6500000     0.060593576     0.059114945      0.76383015      0.76386843 -5.0122955E-003
       1.9800000     0.059838967     0.057709597      0.91668738      0.91675367 -7.2312422E-003
       2.3100000     0.058951005     0.056051801       1.0695944       1.0696998 -9.8545781E-003
       2.6400000     0.057931693     0.054143097       1.2225595       1.2227170    -0.012882776
       2.9700000     0.056783348     0.051985266       1.3755911       1.3758156    -0.016316381
       3.3000000     0.055508594     0.049580329       1.5286974       1.5290056    -0.020156011
       3.6300000     0.054110369     0.046930552       1.6818869       1.6822974    -0.024402359
       3.9600000     0.052591918     0.044038447       1.8351679       1.8357013    -0.029056190
       4.2900000     0.050956800     0.040906774       1.9885489       1.9892276    -0.034118341
       4.6200000     0.049208886     0.037538541       2.1420382       2.1428866    -0.039589727
       4.9500000     0.047352361     0.033937012       2.2956444       2.2966887    -0.045471331
       5.2800000     0.045391721     0.030105706       2.4493758       2.4506443    -0.051764215
       5.6100000     0.043331779     0.026048399       2.6032409       2.6047639    -0.058469513
       5.9400000     0.041177660     0.021769131       2.7572484       2.7590580    -0.065588433
       6.2700000     0.038934806     0.017272209       2.9114067       2.9135371    -0.073122259
       6.6000000     0.036608978     0.012562209       3.0657244       3.0682119    -0.081072350
       6.9300000     0.034206252  7.6439805E-003       3.2202102       3.2230929    -0.089440138
       7.2600000     0.031733022  2.5226525E-003       3.3748727       3.3781910    -0.098227132
       7.5900000     0.029196002 -2.7963625E-003       3.5297206       3.5335168     -0.10743492
       7.9200000     0.026602229 -8.3073635E-003       3.6847626       3.6890813     -0.11706515
       8.2500000     0.023959056    -0.014004355       3.8400076       3.8448952     -0.12711957
       8.5800000     0.021274162    -0.019881043       3.9954642       4.0009696     -0.13760000
       8.9100000     0.018555548    -0.025930826       4.1511415       4.1573155     -0.14850831
       9.2400000     0.015811541    -0.032146791       4.3070483       4.3139439     -0.15984647
       9.5700000     0.013050788    -0.038521704       4.4631935       4.4708662     -0.17161654
       9.9000000     0.010282269    -0.045048007       4.6195862       4.6280936     -0.18382062
       10.230000  7.5152857E-003    -0.051717805       4.7762354       4.7856373     -0.19646092
       10.560000  4.7594702E-003    -0.058522861       4.9331503       4.9435089     -0.20953971
       10.890000  2.0247827E-003    -0.065454588       5.0903401       5.1017199     -0.22305934
       11.220000 -6.7848681E-004    -0.072504038       5.2478139       5.2602820     -0.23702226
       11.550000 -3.3397179E-003    -0.079661893       5.4055811       5.4192067     -0.25143096
       11.880000 -5.9479591E-003    -0.086918454       5.5636511       5.5785060     -0.26628803
       12.210000 -8.4919275E-003    -0.094263632       5.7220333       5.7381918     -0.28159615
       12.540000    -0.010960008     -0.10168694       5.8807372       5.8982762     -0.29735806
       12.870000    -0.013340254     -0.10917746       6.0397724       6.0587712     -0.31357659
       13.200000    -0.015620385     -0.11672387       6.1991485       6.2196893     -0.33025463
       13.530000    -0.017787788     -0.12431440       6.3588752       6.3810426     -0.34739516
       13.860000    -0.019829521     -0.13193682       6.5189624       6.5428439     -0.36500126
       14.190000    -0.021732305     -0.13957843       6.6794200       6.7051057     -0.38307605
       14.520000    -0.023482534     -0.14722605       6.8402580       6.8678408     -0.40162276
       14.850000    -0.025066272     -0.15486601       7.0014863       7.0310621     -0.42064468
       15.180000    -0.026469252     -0.16248409       7.1631152       7.1947827     -0.44014517
       15.510000    -0.027676882     -0.17006557       7.3251549       7.3590158     -0.46012770
       15.840000    -0.028674246     -0.17759514       7.4876158       7.5237748     -0.48059578
       16.170000    -0.029446104     -0.18505694       7.6505083       7.6890731     -0.50155301
       16.500000    -0.029976901     -0.19243449       7.8138429       7.8549244     -0.52300308
       16.830000    -0.030250765     -0.19971070       7.9776304       8.0213427     -0.54494974
       17.160000    -0.030251514     -0.20686783       8.1418814       8.1883418     -0.56739680
       17.490000    -0.029962661     -0.21388747       8.3066069       8.3559360     -0.59034816
       17.820000    -0.029367424     -0.22075050       8.4718178       8.5241397     -0.61380779
       18.150000    -0.028448725     -0.22743708       8.6375253       8.6929673     -0.63777972
       18.480000    -0.027189207     -0.23392660       8.8037406       8.8624337     -0.66226805
       18.810000    -0.025571235     -0.24019769       8.9704751       9.0325537     -0.68727696
       19.140000    -0.023576916     -0.24622811       9.1377402       9.2033426     -0.71281068
       19.470000    -0.021188102     -0.25199479       9.3055476       9.3748157     -0.73887348
       19.800000    -0.018386410     -0.25747374       9.4739091       9.5469884     -0.76546973
       20.130000    -0.015153235     -0.26264004       9.6428366       9.7198767     -0.79260382
       20.460000    -0.011469766     -0.26746777       9.8123422       9.8934965     -0.82028022
       20.790000 -7.3170086E-003     -0.27192999       9.9824380       10.067864     -0.84850341
       21.120000 -2.6758066E-003     -0.27599868       10.153136       10.242996     -0.87727795
       21.450000  2.4731364E-003     -0.27964466       10.324450       10.418909     -0.90660843
       21.780000  8.1492259E-003     -0.28283761       10.496392       10.595620     -0.93649945
       22.110000     0.014371948     -0.28554591       10.668974       10.773146     -0.96695567
       22.440000     0.021160834     -0.28773665       10.842211       10.951505     -0.99798175
       22.770000     0.028535422     -0.28937554       11.016114       11.130714      -1.0295824
       23.100000     0.036515216     -0.29042684       11.190698       11.310792      -1.0617622
       23.430000     0.045119636     -0.29085327       11.365977       11.491757      -1.0945260
       23.760000     0.054367965     -0.29061596       11.541963       11.673627      -1.1278784
       24.090000     0.064279294     -0.28967432       11.718672       11.856423      -1.1618240
       24.420000     0.074872454     -0.28798597       11.896117       12.040162      -1.1963676
       24.750000     0.086165941     -0.28550666       12.074313       12.224864      -1.2315136
       25.080000     0.098177841     -0.28219011       12.253276       12.410550      -1.2672666
       25.410000      0.11092574     -0.27798796       12.433019       12.597240      -1.3036310
       25.740000      0.12442662     -0.27284957       12.613558       12.784954      -1.3406113
       26.070000      0.13869675     -0.26672196       12.794909       12.973714      -1.3782117
       26.400000      0.15375158     -0.25954964       12.977087       13.163541      -1.4164364
       26.730000      0.16960558     -0.25127442       13.160110       13.354456      -1.4552893
       27.060000      0.18627211     -0.24183532       13.343992       13.546481      -1.4947743
       27.390000      0.20376325     -0.23116833       13.528752       13.739641      -1.5348951
       27.720000      0.22208961     -0.21920624       13.714405       13.933956      -1.5756550
       28.050000      0.24126015     -0.20587843       13.900970       14.129451      -1.6170573
       28.380000      0.26128191     -0.19111068       14.088464       14.326150      -1.6591049
       28.710000      0.28215981     -0.17482487       14.276906       14.524077      -1.7018003
       29.040000      0.30389635     -0.15693876       14.466314       14.723256      -1.7451458
       29.370000      0.32649130     -0.13736571       14.656707       14.923714      -1.7891433
       29.700000      0.34994136     -0.11601435       14.848105       15.125475      -1.8337941
       30.030000      0.37423981    -0.092788283       15.040527       15.328566      -1.8790992
       30.360000      0.39937606    -0.067585672       15.233995       15.533014      -1.9250588
       30.690000      0.42533520    -0.040298902       15.428528       15.738847      -1.9716728
       31.020000      0.45209749    -0.010814129       15.624149       15.946091      -2.0189402
       31.350000      0.47963778     0.020989185       15.820879       16.154776      -2.0668593
       31.680000      0.50792489     0.055238773       16.018742       16.364931      -2.1154275
       32.010000      0.53692088     0.092070122       16.217761       16.576584      -2.1646415
       32.340000      0.56658030      0.13162707       16.417959       16.789768      -2.2144967
       32.670000      0.59684930      0.17406249       16.619362       17.004512      -2.2649874
       33.000000      0.62766464      0.21953900       16.821995       17.220848      -2.3161069

Table series: Data for wavelength : 0.587562 µm.
   Y Angle (deg)       Tan Shift       Sag Shift     Real Height     Ref. Height      Distortion
  --------------  --------------  --------------  --------------  --------------  --------------
      0.00000000     0.049413753     0.049413753      0.00000000      0.00000000      0.00000000
      0.33000000     0.049341469     0.049282270      0.15278846      0.15278877 -2.0213662E-004
      0.66000000     0.049123138     0.048887935      0.30558520      0.30558767 -8.0861108E-004
      0.99000000     0.048759222     0.048231097      0.45839851      0.45840685 -1.8195351E-003
       1.3200000     0.048250485     0.047312339      0.61123668      0.61125645 -3.2350735E-003
       1.6500000     0.047598002     0.046132476      0.76410800      0.76414664 -5.0554955E-003
       1.9800000     0.046803155     0.044692557      0.91702078      0.91708756 -7.2811339E-003
       2.3100000     0.045867633     0.042993867       1.0699833       1.0700894 -9.9123963E-003
       2.6400000     0.044793435     0.041037926       1.2230040       1.2231624    -0.012949764
       2.9700000     0.043582866     0.038826491       1.3760910       1.3763166    -0.016393793
       3.3000000     0.042238544     0.036361561       1.5292528       1.5295625    -0.020245114
       3.6300000     0.040763392     0.033645371       1.6824977       1.6829101    -0.024504431
       3.9600000     0.039160646     0.030680402       1.8358342       1.8363699    -0.029172526
       4.2900000     0.037433850     0.027469378       1.9892705       1.9899521    -0.034250252
       4.6200000     0.035586862     0.024015272       2.1428152       2.1436670    -0.039738539
       4.9500000     0.033623849     0.020321302       2.2964766       2.2975252    -0.045638395
       5.2800000     0.031549291     0.016390944       2.4502632       2.4515368    -0.051950899
       5.6100000     0.029367981     0.012227927       2.6041836       2.6057126    -0.058677208
       5.9400000     0.027085025  7.8362368E-003       2.7582462       2.7600629    -0.065818556
       6.2700000     0.024705843  3.2201249E-003       2.9124596       2.9145982    -0.073376252
       6.6000000     0.022236172 -1.6158926E-003       3.0668324       3.0693293    -0.081351683
       6.9300000     0.019682064 -6.6670293E-003       3.2213731       3.2242668    -0.089746311
       7.2600000     0.017049887    -0.011928224       3.3760905       3.3794213    -0.098561676
       7.5900000     0.014346327    -0.017394136       3.5309932       3.5348037     -0.10779940
       7.9200000     0.011578389    -0.023059139       3.6860900       3.6904248     -0.11746117
       8.2500000  8.7533975E-003    -0.028917321       3.8413896       3.8462955     -0.12754877
       8.5800000  5.8789964E-003    -0.034962470       3.9969008       4.0024267     -0.13806404
       8.9100000  2.9631517E-003    -0.041188076       4.1526325       4.1588296     -0.14900892
       9.2400000  1.4151466E-005    -0.047587319       4.3085936       4.3155151     -0.16038542
       9.5700000 -2.9593933E-003    -0.054153067       4.4647931       4.4724945     -0.17219563
       9.9000000 -5.9485477E-003    -0.060877864       4.6212399       4.6297791     -0.18444171
       10.230000 -8.9440519E-003    -0.067753929       4.7779431       4.7873803     -0.19712592
       10.560000    -0.011936321    -0.074773139       4.9349118       4.9453094     -0.21025059
       10.890000    -0.014915441    -0.081927029       5.0921553       5.1035780     -0.22381812
       11.220000    -0.017871176    -0.089206780       5.2496826       5.2621978     -0.23783101
       11.550000    -0.020792957    -0.096603208       5.4075032       5.4211804     -0.25229183
       11.880000    -0.023669890     -0.10410676       5.5656264       5.5805377     -0.26720323
       12.210000    -0.026490750     -0.11170748       5.7240615       5.7402817     -0.28256796
       12.540000    -0.029243984     -0.11939506       5.8828182       5.9004244     -0.29838882
       12.870000    -0.031917711     -0.12715873       6.0419059       6.0609779     -0.31466872
       13.200000    -0.034499717     -0.13498735       6.2013343       6.2219545     -0.33141064
       13.530000    -0.036977463     -0.14286931       6.3611131       6.3833666     -0.34861764
       13.860000    -0.039338078     -0.15079258       6.5212521       6.5452268     -0.36629288
       14.190000    -0.041568363     -0.15874467       6.6817612       6.7075477     -0.38443958
       14.520000    -0.043654794     -0.16671260       6.8426504       6.8703421     -0.40306106
       14.850000    -0.045583517     -0.17468290       7.0039296       7.0336228     -0.42216070
       15.180000    -0.047340358     -0.18264160       7.1656091       7.1974031     -0.44174199
       15.510000    -0.048910816     -0.19057421       7.3276990       7.3616960     -0.46180849
       15.840000    -0.050280072     -0.19846568       7.4902097       7.5265149     -0.48236383
       16.170000    -0.051432989     -0.20630040       7.6531517       7.6918735     -0.50341175
       16.500000    -0.052354116     -0.21406217       7.8165353       7.8577852     -0.52495603
       16.830000    -0.053027690     -0.22173420       7.9803713       8.0242641     -0.54700058
       17.160000    -0.053437647     -0.22929905       8.1446704       8.1913240     -0.56954934
       17.490000    -0.053567619     -0.23673862       8.3094434       8.3589793     -0.59260637
       17.820000    -0.053400948     -0.24403414       8.4747014       8.5272442     -0.61617577
       18.150000    -0.052920686     -0.25116612       8.6404553       8.6961333     -0.64026176
       18.480000    -0.052109611     -0.25811433       8.8067164       8.8656614     -0.66486859
       18.810000    -0.050950230     -0.26485776       8.9734960       9.0358434     -0.69000063
       19.140000    -0.049424794     -0.27137461       9.1408057       9.2066945     -0.71566227
       19.470000    -0.047515309     -0.27764223       9.3086568       9.3782300     -0.74185802
       19.800000    -0.045203549     -0.28363708       9.4770613       9.5504655     -0.76859242
       20.130000    -0.042471071     -0.28933473       9.6460310       9.7234167     -0.79587010
       20.460000    -0.039299237     -0.29470976       9.8155778       9.8970998     -0.82369574
       20.790000    -0.035669229     -0.29973576       9.9857140       10.071531     -0.85207409
       21.120000    -0.031562071     -0.30438526       10.156452       10.246727     -0.88100994
       21.450000    -0.026958658     -0.30862969       10.327804       10.422703     -0.91050815
       21.780000    -0.021839778     -0.31243932       10.499783       10.599479     -0.94057361
       22.110000    -0.016186150     -0.31578322       10.672401       10.777069     -0.97121126
       22.440000 -9.9784496E-003     -0.31862916       10.845672       10.955493      -1.0024261
       22.770000 -3.1973557E-003     -0.32094357       11.019609       11.134768      -1.0342231
       23.100000  4.1764121E-003     -0.32269151       11.194226       11.314911      -1.0666074
       23.430000     0.012162045     -0.32383650       11.369535       11.495942      -1.0995839
       23.760000     0.020778590     -0.32434053       11.545550       11.677879      -1.1331578
       24.090000     0.030044895     -0.32416394       11.722286       11.860741      -1.1673342
       24.420000     0.039979540     -0.32326533       11.899757       12.044547      -1.2021180
       24.750000     0.050600767     -0.32160147       12.077977       12.229317      -1.2375143
       25.080000     0.061926400     -0.31912717       12.256961       12.415070      -1.2735282
       25.410000     0.073973756     -0.31579523       12.436723       12.601828      -1.3101647
       25.740000     0.086759545     -0.31155625       12.617280       12.789611      -1.3474286
       26.070000      0.10029976     -0.30635856       12.798646       12.978439      -1.3853248
       26.400000      0.11460957     -0.30014804       12.980836       13.168335      -1.4238581
       26.730000      0.12970315     -0.29286802       13.163868       13.359319      -1.4630332
       27.060000      0.14559358     -0.28445908       13.347757       13.551415      -1.5028546
       27.390000      0.16229266     -0.27485888       13.532520       13.744645      -1.5433266
       27.720000      0.17981069     -0.26400203       13.718173       13.939031      -1.5844535
       28.050000      0.19815634     -0.25181984       13.904735       14.134597      -1.6262394
       28.380000      0.21733638     -0.23824010       14.092222       14.331368      -1.6686881
       28.710000      0.23735545     -0.22318692       14.280652       14.529367      -1.7118031
       29.040000      0.25821575     -0.20658039       14.470045       14.728619      -1.7555877
       29.370000      0.27991680     -0.18833640       14.660418       14.929149      -1.8000448
       29.700000      0.30245504     -0.16836628       14.851790       15.130984      -1.8451771
       30.030000      0.32582352     -0.14657652       15.044182       15.334149      -1.8909867
       30.360000      0.35001141     -0.12286841       15.237614       15.538671      -1.9374753
       30.690000      0.37500362    -0.097137695       15.432105       15.744579      -1.9846441
       31.020000      0.40078024    -0.069274134       15.627677       15.951899      -2.0324937
       31.350000      0.42731598    -0.039161091       15.824352       16.160660      -2.0810242
       31.680000      0.45457957 -6.6750400E-003       16.022152       16.370891      -2.1302349
       32.010000      0.48253302     0.028314958       16.221100       16.582622      -2.1801242
       32.340000      0.51113090     0.065947823       16.421219       16.795883      -2.2306898
       32.670000      0.54031943      0.10637109       16.622533       17.010705      -2.2819284
       33.000000      0.57003555      0.14974157       16.825067       17.227120      -2.3338356

Table series: Data for wavelength : 0.656273 µm.
   Y Angle (deg)       Tan Shift       Sag Shift     Real Height     Ref. Height      Distortion
  --------------  --------------  --------------  --------------  --------------  --------------
      0.00000000     0.061649491     0.061649491      0.00000000      0.00000000      0.00000000
      0.33000000     0.061575903     0.061516726      0.15281764      0.15281799 -2.2494775E-004
      0.66000000     0.061353708     0.061118547      0.30564357      0.30564612 -8.3180668E-004
      0.99000000     0.060983365     0.060455301      0.45848607      0.45849453 -1.8433748E-003
       1.3200000     0.060465641     0.059527569      0.61135344      0.61137336 -3.2598133E-003
       1.6500000     0.059801608     0.058336160      0.76425395      0.76429279 -5.0813956E-003
       1.9800000     0.058992649     0.056882122      0.91719592      0.91726296 -7.3084569E-003
       2.3100000     0.058040452     0.055166732       1.0701877       1.0702941 -9.9414074E-003
       2.6400000     0.056947016     0.053191505       1.2232375       1.2233963    -0.012980732
       2.9700000     0.055714648     0.050958191       1.3763537       1.3765799    -0.016426990
       3.3000000     0.054345961     0.048468779       1.5295448       1.5298550    -0.020280818
       3.6300000     0.052843880     0.045725496       1.6828189       1.6832320    -0.024542924
       3.9600000     0.051211640     0.042730812       1.8361845       1.8367211    -0.029214094
       4.2900000     0.049452786     0.039487439       1.9896501       1.9903327    -0.034295189
       4.6200000     0.047571172     0.035998336       2.1432240       2.1440770    -0.039787147
       4.9500000     0.045570966     0.032266711       2.2969146       2.2979646    -0.045690979
       5.2800000     0.043456646     0.028296022       2.4507305       2.4520057    -0.052007776
       5.6100000     0.041233003     0.024089981       2.6046801       2.6062109    -0.058738701
       5.9400000     0.038905144     0.019652559       2.7587719       2.7605908    -0.065884999
       6.2700000     0.036478487     0.014987988       2.9130146       2.9151557    -0.073447987
       6.6000000     0.033958766     0.010100763       3.0674166       3.0699164    -0.081429062
       6.9300000     0.031352031  4.9956503E-003       3.2219866       3.2248835    -0.089829699
       7.2600000     0.028664648 -3.2231201E-004       3.3767332       3.3800677    -0.098651449
       7.5900000     0.025903302 -5.8478073E-003       3.5316652       3.5354798     -0.10789594
       7.9200000     0.023074994    -0.011575236       3.6867912       3.6911307     -0.11756489
       8.2500000     0.020187046    -0.017498711       3.8421200       3.8470312     -0.12766008
       8.5800000     0.017247100    -0.023612050       3.9976605       4.0031922     -0.13818337
       8.9100000     0.014263116    -0.029908773       4.1534215       4.1596250     -0.14913672
       9.2400000     0.011243381    -0.036382093       4.3094118       4.3163405     -0.16052215
       9.5700000  8.1965001E-003    -0.043024910       4.4656405       4.4733499     -0.17234177
       9.9000000  5.1314042E-003    -0.049829805       4.6221165       4.6306646     -0.18459777
       10.230000  2.0573485E-003    -0.056789033       4.7788490       4.7882959     -0.19729240
       10.560000 -1.0160871E-003    -0.063894513       4.9358469       4.9462552     -0.21042804
       10.890000 -4.0789965E-003    -0.071137820       5.0931196       5.1045541     -0.22400709
       11.220000 -7.1211469E-003    -0.078510178       5.2506761       5.2632042     -0.23803209
       11.550000    -0.010131978    -0.086002450       5.4085259       5.4222173     -0.25250563
       11.880000    -0.013100603    -0.093605127       5.5666782       5.5816051     -0.26743038
       12.210000    -0.016015804     -0.10130832       5.7251425       5.7413796     -0.28280911
       12.540000    -0.018866037     -0.10910175       5.8839282       5.9015529     -0.29864466
       12.870000    -0.021639430     -0.11697472       6.0430450       6.0621371     -0.31493996
       13.200000    -0.024323780     -0.12491614       6.2025025       6.2231445     -0.33169803
       13.530000    -0.026906555     -0.13291447       6.3623103       6.3845875     -0.34892195
       13.860000    -0.029374899     -0.14095775       6.5224783       6.5464787     -0.36661492
       14.190000    -0.031715623     -0.14903354       6.6830163       6.7088306     -0.38478019
       14.520000    -0.033915217     -0.15712894       6.8439344       6.8716561     -0.40342112
       14.850000    -0.035959840     -0.16523056       7.0052425       7.0349681     -0.42254114
       15.180000    -0.037835332     -0.17332451       7.1669507       7.1987797     -0.44214376
       15.510000    -0.039527210     -0.18139638       7.3290693       7.3631040     -0.46223259
       15.840000    -0.041020668     -0.18943121       7.4916087       7.5279545     -0.48281131
       16.170000    -0.042300590     -0.19741347       7.6545791       7.6933446     -0.50388370
       16.500000    -0.043351541     -0.20532708       7.8179912       7.8592881     -0.52545360
       16.830000    -0.044157781     -0.21315533       7.9818556       8.0257988     -0.54752495
       17.160000    -0.044703263     -0.22088090       8.1461829       8.1928907     -0.57010177
       17.490000    -0.044971645     -0.22848580       8.3109841       8.3605780     -0.59318815
       17.820000    -0.044946290     -0.23595137       8.4762700       8.5288751     -0.61678828
       18.150000    -0.044610277     -0.24325825       8.6420518       8.6977966     -0.64090642
       18.480000    -0.043946408     -0.25038635       8.8083407       8.8673571     -0.66554690
       18.810000    -0.042937220     -0.25731479       8.9751479       9.0375716     -0.69071413
       19.140000    -0.041564992     -0.26402192       9.1424848       9.2084554     -0.71641262
       19.470000    -0.039811760     -0.27048524       9.3103632       9.3800237     -0.74264692
       19.800000    -0.037659331     -0.27668138       9.4787947       9.5522921     -0.76942167
       20.130000    -0.035089298     -0.28258606       9.6477911       9.7252764     -0.79674158
       20.460000    -0.032083055     -0.28817406       9.8173645       9.8989927     -0.82461141
       20.790000    -0.028621822     -0.29341916       9.9875270       10.073457     -0.85303602
       21.120000    -0.024686664     -0.29829408       10.158291       10.248686     -0.88202029
       21.450000    -0.020258515     -0.30277047       10.329669       10.424697     -0.91156919
       21.780000    -0.015318207     -0.30681882       10.501673       10.601506     -0.94168772
       22.110000 -9.8465013E-003     -0.31040843       10.674316       10.779131     -0.97238094
       22.440000 -3.8241224E-003     -0.31350733       10.847612       10.957589      -1.0036540
       22.770000  2.7682042E-003     -0.31608223       11.021574       11.136897      -1.0355119
       23.100000  9.9497088E-003     -0.31809844       11.196214       11.317075      -1.0679600
       23.430000     0.017739530     -0.31951979       11.371546       11.498141      -1.1010034
       23.760000     0.026156662     -0.32030860       11.547584       11.680112      -1.1346474
       24.090000     0.035219896     -0.32042553       11.724343       11.863009      -1.1688971
       24.420000     0.044947756     -0.31982954       11.901835       12.046850      -1.2037579
       24.750000     0.055358425     -0.31847776       12.080077       12.231656      -1.2392349
       25.080000     0.066469666     -0.31632543       12.259081       12.417445      -1.2753333
       25.410000     0.078298734     -0.31332576       12.438863       12.604238      -1.3120585
       25.740000     0.090862276     -0.30942980       12.619439       12.792057      -1.3494154
       26.070000      0.10417622     -0.30458637       12.800823       12.980921      -1.3874092
       26.400000      0.11825567     -0.29874186       12.983031       13.170853      -1.4260449
       26.730000      0.13311474     -0.29184015       13.166079       13.361874      -1.4653274
       27.060000      0.14876644     -0.28382240       13.349984       13.554007      -1.5052616
       27.390000      0.16522249     -0.27462691       13.534761       13.747273      -1.5458521
       27.720000      0.18249315     -0.26418894       13.720428       13.941697      -1.5871035
       28.050000      0.20058701     -0.25244050       13.907001       14.137301      -1.6290202
       28.380000      0.21951079     -0.23931019       14.094499       14.334109      -1.6716064
       28.710000      0.23926905     -0.22472290       14.282939       14.532145      -1.7148659
       29.040000      0.25986395     -0.20859961       14.472339       14.731436      -1.7588026
       29.370000      0.28129495     -0.19085716       14.662718       14.932004      -1.8034197
       29.700000      0.30355845     -0.17140787       14.854095       15.133878      -1.8487203
       30.030000      0.32664745     -0.15015934       15.046489       15.337082      -1.8947072
       30.360000      0.35055110     -0.12701402       15.239921       15.541643      -1.9413826
       30.690000      0.37525428     -0.10186892       15.434410       15.747590      -1.9887482
       31.020000      0.40073708    -0.074615168       15.629978       15.954950      -2.0368054
       31.350000      0.42697421    -0.045137589       15.826647       16.163750      -2.0855549
       31.680000      0.45393441    -0.013314249       16.024437       16.374022      -2.1349966
       32.010000      0.48157977     0.020984069       16.223372       16.585793      -2.1851298
       32.340000      0.50986491     0.057894419       16.423475       16.799095      -2.2359532
       32.670000      0.53873614     0.097562310       16.624770       17.013958      -2.2874642
       33.000000      0.56813054      0.14014237       16.827282       17.230415      -2.3396595
