Results for:	
File:	C:\Users\User\OneDrive - Massachusetts Institute of Technology\Documents\MIT\Grad School\Classes\2.156\Lens Project\Prime Lenses\JP2011-170128_Example05P.zmx
Title:	JP 2011-170128 Example 5 (Sigma 85mm F1.4 EX DG HSM)
Date:	11/7/2025 5:26:14 PM

0 message(s) in output.
3 series table(s) in output.

Table series: Data for wavelength : 0.486133 µm.
   Y Angle (deg)       Tan Shift       Sag Shift     Real Height     Ref. Height      Distortion
  --------------  --------------  --------------  --------------  --------------  --------------
      0.00000000    -0.067758592    -0.067758592      0.00000000      0.00000000      0.00000000
      0.14502432    -0.067791479    -0.067796137      0.21157691      0.21157662  1.3960432E-004
      0.29004864    -0.067891705    -0.067908729      0.42315699      0.42315595  2.4610925E-004
      0.43507295    -0.068059090    -0.068096236      0.63474339      0.63474070  4.2350345E-004
      0.58009727    -0.068293335    -0.068358443      0.84633927      0.84633359  6.7161584E-004
      0.72512159    -0.068594016    -0.068695046       1.0579478       1.0579373  9.9023300E-004
      0.87014591    -0.068960590    -0.069105655       1.2695721       1.2695546  1.3789945E-003
       1.0151702    -0.069392390    -0.069589791       1.4812154       1.4811882  1.8375497E-003
       1.1601945    -0.069888630    -0.070146889       1.6928808       1.6928407  2.3654530E-003
       1.3052189    -0.070448400    -0.070776298       1.9045714       1.9045150  2.9621902E-003
       1.4502432    -0.071070672    -0.071477275       2.1162904       2.1162136  3.6271776E-003
       1.5952675    -0.071754299    -0.072248994       2.3280409       2.3279394  4.3597628E-003
       1.7402918    -0.072498012    -0.073090536       2.5398261       2.5396951  5.1592238E-003
       1.8853161    -0.073300425    -0.074000897       2.7516491       2.7514833  6.0247690E-003
       2.0303405    -0.074160035    -0.074978979       2.9635129       2.9633068  6.9555371E-003
       2.1753648    -0.075075220    -0.076023600       3.1754208       3.1751683  7.9505971E-003
       2.3203891    -0.076044243    -0.077133483       3.3873758       3.3870706  9.0089473E-003
       2.4654134    -0.077065253    -0.078307264       3.5993809       3.5990164     0.010129516
       2.6104377    -0.078136285    -0.079543484       3.8114394       3.8110083     0.011311160
       2.7554620    -0.079255259    -0.080840595       4.0235542       4.0230492     0.012552667
       2.9004864    -0.080419985    -0.082196955       4.2357284       4.2351417     0.013852750
       3.0455107    -0.081628166    -0.083610831       4.4479651       4.4472887     0.015210054
       3.1905350    -0.082877391    -0.085080392       4.6602674       4.6594928     0.016623151
       3.3355593    -0.084165147    -0.086603716       4.8726381       4.8717568     0.018090539
       3.4805836    -0.085488814    -0.088178784       5.0850805       5.0840834     0.019610645
       3.6256080    -0.086845670    -0.089803481       5.2975973       5.2964755     0.021181824
       3.7706323    -0.088232890    -0.091475596       5.5101918       5.5089356     0.022802357
       3.9156566    -0.089647553    -0.093192817       5.7228667       5.7214667     0.024470450
       4.0606809    -0.091086640    -0.094952736       5.9356252       5.9340714     0.026184238
       4.2057052    -0.092547039    -0.096752844       6.1484700       6.1467525     0.027941781
       4.3507295    -0.094025546    -0.098590530       6.3614042       6.3595128     0.029741063
       4.4957539    -0.095518872     -0.10046308       6.5744306       6.5723551     0.031579995
       4.6407782    -0.097023639     -0.10236769       6.7875522       6.7852821     0.033456413
       4.7858025    -0.098536391     -0.10430142       7.0007718       6.9982966     0.035368078
       4.9308268     -0.10005359     -0.10626126       7.2140922       7.2114015     0.037312673
       5.0758511     -0.10157163     -0.10824407       7.4275163       7.4245994     0.039287810
       5.2208755     -0.10308684     -0.11024662       7.6410469       7.6378932     0.041291022
       5.3658998     -0.10459546     -0.11226555       7.8546868       7.8512857     0.043319761
       5.5109241     -0.10609370     -0.11429740       8.0684388       8.0647796     0.045371421
       5.6559484     -0.10757769     -0.11633860       8.2823055       8.2783779     0.047443300
       5.8009727     -0.10904353     -0.11838548       8.4962897       8.4920833     0.049532629
       5.9459970     -0.11048726     -0.12043421       8.7103941       8.7058987     0.051636556
       6.0910214     -0.11190489     -0.12248089       8.9246214       8.9198268     0.053752165
       6.2360457     -0.11329240     -0.12452148       9.1389741       9.1338704     0.055876455
       6.3810700     -0.11464574     -0.12655183       9.3534550       9.3480326     0.058006353
       6.5260943     -0.11596086     -0.12856766       9.5680666       9.5623160     0.060138704
       6.6711186     -0.11723368     -0.13056457       9.7828115       9.7767235     0.062270296
       6.8161430     -0.11846013     -0.13253803       9.9976922       9.9912580     0.064397823
       6.9611673     -0.11963615     -0.13448340       10.212711       10.205922     0.066517916
       7.1061916     -0.12075772     -0.13639589       10.427871       10.420720     0.068627129
       7.2512159     -0.12182081     -0.13827059       10.643174       10.635652     0.070721946
       7.3962402     -0.12282146     -0.14010246       10.858623       10.850723     0.072798780
       7.5412645     -0.12375577     -0.14188633       11.074219       11.065936     0.074853974
       7.6862889     -0.12461990     -0.14361689       11.289966       11.281293     0.076883805
       7.8313132     -0.12541007     -0.14528867       11.505866       11.496797     0.078884480
       7.9763375     -0.12612264     -0.14689610       11.721921       11.712451     0.080852144
       8.1213618     -0.12675406     -0.14843344       11.938133       11.928258     0.082782879
       8.2663861     -0.12730090     -0.14989482       12.154504       12.144221     0.084672707
       8.4114105     -0.12775990     -0.15127420       12.371037       12.360343     0.086517590
       8.5564348     -0.12812796     -0.15256543       12.587734       12.576627     0.088313435
       8.7014591     -0.12840218     -0.15376217       12.804597       12.793076     0.090056107
       8.8464834     -0.12857986     -0.15485796       13.021627       13.009692     0.091741413
       8.9915077     -0.12865856     -0.15584616       13.238828       13.226479     0.093365121
       9.1365320     -0.12863607     -0.15671999       13.456201       13.443440     0.094922958
       9.2815564     -0.12851052     -0.15747250       13.673748       13.660578     0.096410617
       9.4265807     -0.12828032     -0.15809659       13.891471       13.877895     0.097823765
       9.5716050     -0.12794428     -0.15858498       14.109372       14.095395     0.099158044
       9.7166293     -0.12750156     -0.15893024       14.327452       14.313081      0.10040908
       9.8616536     -0.12695178     -0.15912476       14.545715       14.530955      0.10157249
       10.006678     -0.12629503     -0.15916078       14.764161       14.749022      0.10264390
       10.151702     -0.12553190     -0.15903034       14.982792       14.967283      0.10361894
       10.296727     -0.12466357     -0.15872533       15.201610       15.185742      0.10449324
       10.441751     -0.12369180     -0.15823745       15.420617       15.404402      0.10526248
       10.586775     -0.12261906     -0.15755823       15.639815       15.623267      0.10592238
       10.731800     -0.12144853     -0.15667902       15.859205       15.842338      0.10646871
       10.876824     -0.12018418     -0.15559099       16.078789       16.061620      0.10689731
       11.021848     -0.11883086     -0.15428513       16.298569       16.281115      0.10720411
       11.166872     -0.11739435     -0.15275224       16.518546       16.500827      0.10738511
       11.311897     -0.11588147     -0.15098294       16.738722       16.720758      0.10743648
       11.456921     -0.11430014     -0.14896767       16.959099       16.940912      0.10735450
       11.601945     -0.11265949     -0.14669668       17.179678       17.161292      0.10713560
       11.746970     -0.11096999     -0.14416004       17.400461       17.381902      0.10677644
       11.891994     -0.10924350     -0.14134763       17.621450       17.602743      0.10627386
       12.037018     -0.10749346     -0.13824915       17.842647       17.823821      0.10562495
       12.182043     -0.10573502     -0.13485412       18.064053       18.045137      0.10482711
       12.327067     -0.10398513     -0.13115187       18.285670       18.266695      0.10387800
       12.472091     -0.10226276     -0.12713155       18.507499       18.488498      0.10277569
       12.617116     -0.10058907     -0.12278216       18.729544       18.710549      0.10151860
       12.762140    -0.098987577     -0.11809249       18.951806       18.932853      0.10010563
       12.907164    -0.097484403     -0.11305121       19.174287       19.155412     0.098536160
       13.052189    -0.096108482     -0.10764678       19.396988       19.378228     0.096810134
       13.197213    -0.094891830     -0.10186754       19.619914       19.601307     0.094928114
       13.342237    -0.093869831    -0.095701672       19.843066       19.824650     0.092891354
       13.487262    -0.093081550    -0.089137227       20.066446       20.048262     0.090701878
       13.632286    -0.092570080    -0.082162129       20.290059       20.272146     0.088362568
       13.777310    -0.092382928    -0.074764194       20.513906       20.496304     0.085877256
       13.922335    -0.092572445    -0.066931142       20.737991       20.720741     0.083250838
       14.067359    -0.093196302    -0.058650618       20.962319       20.945460     0.080489381
       14.212383    -0.094318023    -0.049910213       21.186892       21.170464     0.077600267
       14.357407    -0.096007578    -0.040697486       21.411716       21.395757     0.074592329
       14.502432    -0.098342052    -0.030999996       21.636795       21.621341     0.071476020

Table series: Data for wavelength : 0.587562 µm.
   Y Angle (deg)       Tan Shift       Sag Shift     Real Height     Ref. Height      Distortion
  --------------  --------------  --------------  --------------  --------------  --------------
      0.00000000  2.0383985E-003  2.0383985E-003      0.00000000      0.00000000      0.00000000
      0.14502432  2.0046796E-003  1.9983668E-003      0.21155395      0.21155387  3.5145093E-005
      0.29004864  1.9024053E-003  1.8783149E-003      0.42311105      0.42311046  1.4054382E-004
      0.43507295  1.7317614E-003  1.6783724E-003      0.63467447      0.63467247  3.1609183E-004
      0.58009727  1.4930611E-003  1.3987549E-003      0.84624736      0.84624261  5.6161431E-004
      0.72512159  1.1867449E-003  1.0397649E-003       1.0578329       1.0578236  8.7686595E-004
      0.87014591  8.1338041E-004  6.0179135E-004       1.2694341       1.2694181  1.2615329E-003
       1.0151702  3.7366222E-004  8.5309807E-005       1.4810543       1.4810289  1.7152294E-003
       1.1601945 -1.3158857E-004 -5.0911707E-004       1.6926966       1.6926587  2.2375000E-003
       1.3052189 -7.0142459E-004 -1.1808394E-003       1.9043641       1.9043102  2.8278189E-003
       1.4502432 -1.3347725E-003 -1.9291200E-003       2.1160599       2.1159861  3.4855894E-003
       1.5952675 -2.0304337E-003 -2.7531338E-003       2.3277872       2.3276892  4.2101441E-003
       1.7402918 -2.7870843E-003 -3.6519676E-003       2.5395490       2.5394221  5.0007447E-003
       1.8853161 -3.6032763E-003 -4.6246198E-003       2.7513486       2.7511875  5.8565813E-003
       2.0303405 -4.4774379E-003 -5.6699998E-003       2.9631890       2.9629882  6.7767728E-003
       2.1753648 -5.4078741E-003 -6.7869277E-003       3.1750734       3.1748270  7.7603661E-003
       2.3203891 -6.3927677E-003 -7.9741336E-003       3.3870047       3.3867065  8.8063359E-003
       2.4654134 -7.4301801E-003 -9.2302575E-003       3.5989862       3.5986295  9.9135848E-003
       2.6104377 -8.5180519E-003    -0.010553848       3.8110209       3.8105986     0.011080942
       2.7554620 -9.6542045E-003    -0.011943363       4.0231118       4.0226167     0.012307165
       2.9004864    -0.010836341    -0.013397166       4.2352620       4.2346865     0.013590937
       3.0455107    -0.012062046    -0.014913531       4.4474746       4.4468106     0.014930866
       3.1905350    -0.013328789    -0.016490636       4.6597525       4.6589919     0.016325488
       3.3355593    -0.014633926    -0.018126565       4.8720989       4.8712331     0.017773263
       3.4805836    -0.015974697    -0.019819307       5.0845166       5.0835369     0.019272578
       3.6256080    -0.017348234    -0.021566755       5.2970088       5.2959061     0.020821740
       3.7706323    -0.018751557    -0.023366704       5.5095783       5.5083434     0.022418986
       3.9156566    -0.020181577    -0.025216854       5.7222282       5.7208516     0.024062473
       4.0606809    -0.021635101    -0.027114804       5.9349613       5.9334335     0.025750280
       4.2057052    -0.023108833    -0.029058053       6.1477807       6.1460917     0.027480413
       4.3507295    -0.024599373    -0.031043999       6.3606892       6.3588292     0.029250798
       4.4957539    -0.026103224    -0.033069941       6.5736897       6.5716486     0.031059282
       4.6407782    -0.027616792    -0.035133071       6.7867850       6.7845527     0.032903634
       4.7858025    -0.029136388    -0.037230479       6.9999782       6.9975443     0.034781545
       4.9308268    -0.030658236    -0.039359149       7.2132719       7.2106262     0.036690626
       5.0758511    -0.032178470    -0.041515958       7.4266689       7.4238012     0.038628408
       5.2208755    -0.033693142    -0.043697675       7.6401722       7.6370721     0.040592342
       5.3658998    -0.035198222    -0.045900961       7.8537844       7.8504417     0.042579798
       5.5109241    -0.036689609    -0.048122365       8.0675082       8.0639127     0.044588064
       5.6559484    -0.038163124    -0.050358323       8.2813465       8.2774880     0.046614351
       5.8009727    -0.039614526    -0.052605158       8.4953019       8.4911704     0.048655784
       5.9459970    -0.041039512    -0.054859078       8.7093770       8.7049628     0.050709407
       6.0910214    -0.042433720    -0.057116175       8.9235745       8.9188679     0.052772180
       6.2360457    -0.043792738    -0.059372420       9.1378971       9.1328885     0.054840987
       6.3810700    -0.045112111    -0.061623668       9.3523473       9.3470277     0.056912624
       6.5260943    -0.046387344    -0.063865647       9.5669276       9.5612880     0.058983805
       6.6711186    -0.047613911    -0.066093965       9.7816407       9.7756725     0.061051168
       6.8161430    -0.048787263    -0.068304105       9.9964889       9.9901840     0.063111260
       6.9611673    -0.049902834    -0.070491419       10.211475       10.204825     0.065160551
       7.1061916    -0.050956052    -0.072651135       10.426601       10.419599     0.067195428
       7.2512159    -0.051942347    -0.074778346       10.641869       10.634509     0.069212196
       7.3962402    -0.052857160    -0.076868012       10.857283       10.849557     0.071207080
       7.5412645    -0.053695954    -0.078914961       11.072843       11.064746     0.073176225
       7.6862889    -0.054454228    -0.080913880       11.288553       11.280080     0.075115695
       7.8313132    -0.055127523    -0.082859320       11.504415       11.495561     0.077021478
       7.9763375    -0.055711442    -0.084745688       11.720431       11.711192     0.078889481
       8.1213618    -0.056201658    -0.086567249       11.936603       11.926976     0.080715540
       8.2663861    -0.056593932    -0.088318122       12.152933       12.142916     0.082495411
       8.4114105    -0.056884128    -0.089992275       12.369424       12.359014     0.084224780
       8.5564348    -0.057068233    -0.091583530       12.586077       12.575275     0.085899260
       8.7014591    -0.057142366    -0.093085553       12.802895       12.791700     0.087514401
       8.8464834    -0.057102809    -0.094491855       13.019880       13.008294     0.089065681
       8.9915077    -0.056946022    -0.095795791       13.237033       13.225057     0.090548517
       9.1365320    -0.056668666    -0.096990555       13.454356       13.441995     0.091958265
       9.2815564    -0.056267629    -0.098069177       13.671852       13.659109     0.093290225
       9.4265807    -0.055740050    -0.099024524       13.889522       13.876403     0.094539646
       9.5716050    -0.055083349    -0.099849296       14.107368       14.093880     0.095701728
       9.7166293    -0.054295253     -0.10053602       14.325392       14.311542     0.096771627
       9.8616536    -0.053373835     -0.10107705       14.543595       14.529393     0.097744464
       10.006678    -0.052317542     -0.10146458       14.761979       14.747436     0.098615327
       10.151702    -0.051125238     -0.10169060       14.980547       14.965674     0.099379280
       10.296727    -0.049796240     -0.10174694       15.199299       15.184110      0.10003137
       10.441751    -0.048330364     -0.10162524       15.418236       15.402746      0.10056664
       10.586775    -0.046727970     -0.10131696       15.637362       15.621587      0.10098012
       10.731800    -0.044990014     -0.10081337       15.856676       15.840635      0.10126686
       10.876824    -0.043118103     -0.10010555       16.076181       16.059893      0.10142194
       11.021848    -0.041114553    -0.099184395       16.295879       16.279365      0.10144046
       11.166872    -0.038982451    -0.098040601       16.515769       16.499053      0.10131757
       11.311897    -0.036725727    -0.096664670       16.735855       16.718960      0.10104848
       11.456921    -0.034349226    -0.095046907       16.956137       16.939091      0.10062849
       11.601945    -0.031858791    -0.093177422       17.176616       17.159447      0.10005298
       11.746970    -0.029261349    -0.091046122       17.397294       17.380033     0.099317452
       11.891994    -0.026565006    -0.088642714       17.618173       17.600851     0.098417550
       12.037018    -0.023779152    -0.085956705       17.839254       17.821904     0.097349070
       12.182043    -0.020914572    -0.082977399       18.060538       18.043197     0.096107998
       12.327067    -0.017983568    -0.079693900       18.282026       18.264731     0.094690533
       12.472091    -0.015000094    -0.076095107       18.503720       18.486510     0.093093121
       12.617116    -0.011979901    -0.072169723       18.725621       18.708538     0.091312490
       12.762140 -8.9406940E-003    -0.067906247       18.947732       18.930818     0.089345681
       12.907164 -5.9023087E-003    -0.063292983       19.170052       19.153352     0.087190101
       13.052189 -2.8869014E-003    -0.058318043       19.392585       19.376145     0.084843558
       13.197213  8.0843249E-005    -0.052969343       19.615331       19.599200     0.082304319
       13.342237  2.9734808E-003    -0.047234618       19.838292       19.822519     0.079571161
       13.487262  5.7605555E-003    -0.041101419       20.061471       20.046107     0.076643438
       13.632286  8.4083211E-003    -0.034557125       20.284869       20.269966     0.073521141
       13.777310     0.010879433    -0.027588949       20.508489       20.494101     0.070204981
       13.922335     0.013132609    -0.020183949       20.732332       20.718514     0.066696470
       14.067359     0.015122251    -0.012329038       20.956402       20.943208     0.062998008
       14.212383     0.016798027 -4.0110013E-003       21.180701       21.168188     0.059112995
       14.357407     0.018104405  4.7834920E-003       21.405233       21.393456     0.055045935
       14.502432     0.018980134     0.014067867       21.630000       21.619017     0.050802569

Table series: Data for wavelength : 0.656273 µm.
   Y Angle (deg)       Tan Shift       Sag Shift     Real Height     Ref. Height      Distortion
  --------------  --------------  --------------  --------------  --------------  --------------
      0.00000000     0.075625372     0.075625372      0.00000000      0.00000000      0.00000000
      0.14502432     0.075591412     0.075584363      0.21147351      0.21147323  1.3596524E-004
      0.29004864     0.075488617     0.075461379      0.42295018      0.42294916  2.3984715E-004
      0.43507295     0.075317176     0.075256549      0.63443314      0.63443052  4.1286618E-004
      0.58009727     0.075077406     0.074970089      0.84592554      0.84592000  6.5484603E-004
      0.72512159     0.074769756     0.074602300       1.0574305       1.0574203  9.6551169E-004
      0.87014591     0.074394801     0.074153570       1.2689513       1.2689342  1.3446022E-003
       1.0151702     0.073953247     0.073624375       1.4804909       1.4804643  1.7917008E-003
       1.1601945     0.073445927     0.073015275       1.6920525       1.6920135  2.3063482E-003
       1.3052189     0.072873804     0.072326919       1.9036392       1.9035843  2.8880140E-003
       1.4502432     0.072237966     0.071560043       2.1152543       2.1151795  3.5360966E-003
       1.5952675     0.071539633     0.070715471       2.3269007       2.3268018  4.2499229E-003
       1.7402918     0.070780149     0.069794113       2.5385816       2.5384540  5.0287480E-003
       1.8853161     0.069960984     0.068796969       2.7503002       2.7501387  5.8717552E-003
       2.0303405     0.069083737     0.067725128       2.9620595       2.9618587  6.7780555E-003
       2.1753648     0.068150130     0.066579766       3.1738626       3.1736167  7.7466875E-003
       2.3203891     0.067162009     0.065362153       3.3857126       3.3854154  8.7766167E-003
       2.4654134     0.066121348     0.064073644       3.5976125       3.5972576  9.8667357E-003
       2.6104377     0.065030239     0.062715688       3.8095656       3.8091460     0.011015864
       2.7554620     0.063890900     0.061289825       4.0215747       4.0210832     0.012222745
       2.9004864     0.062705667     0.059797687       4.2336430       4.2330721     0.013486052
       3.0455107     0.061476999     0.058240998       4.4457735       4.4451154     0.014804379
       3.1905350     0.060207472     0.056621576       4.6579692       4.6572158     0.016176248
       3.3355593     0.058899781     0.054941334       4.8702331       4.8693761     0.017600104
       3.4805836     0.057556736     0.053202278       5.0825683       5.0815990     0.019074317
       3.6256080     0.056181262     0.051406511       5.2949776       5.2938872     0.020597180
       3.7706323     0.054776397     0.049556235       5.5074641       5.5062435     0.022166909
       3.9156566     0.053345292     0.047653745       5.7200307       5.7186707     0.023781641
       4.0606809     0.051891207     0.045701439       5.9326804       5.9311715     0.025439439
       4.2057052     0.050417507     0.043701812       6.1454160       6.1437487     0.027138283
       4.3507295     0.048927667     0.041657461       6.3582406       6.3564051     0.028876078
       4.4957539     0.047425261     0.039571084       6.5711568       6.5691433     0.030650647
       4.6407782     0.045913967     0.037445484       6.7841677       6.7819663     0.032459734
       4.7858025     0.044397558     0.035283565       6.9972760       6.9948767     0.034301001
       4.9308268     0.042879906     0.033088339       7.2104847       7.2078774     0.036172032
       5.0758511     0.041364972     0.030862923       7.4237963       7.4209712     0.038070328
       5.2208755     0.039856807     0.028610543       7.6372139       7.6341607     0.039993306
       5.3658998     0.038359548     0.026334534       7.8507400       7.8474489     0.041938304
       5.5109241     0.036877413     0.024038342       8.0643775       8.0608386     0.043902577
       5.6559484     0.035414697     0.021725524       8.2781290       8.2743325     0.045883291
       5.8009727     0.033975771     0.019399752       8.4919973       8.4879335     0.047877535
       5.9459970     0.032565071     0.017064813       8.7059849       8.7016443     0.049882312
       6.0910214     0.031187099     0.014724611       8.9200945       8.9154679     0.051894541
       6.2360457     0.029846417     0.012383168       9.1343287       9.1294069     0.053911053
       6.3810700     0.028547636     0.010044625       9.3486901       9.3434644     0.055928598
       6.5260943     0.027295418  7.7132481E-003       9.5631812       9.5576431     0.057943838
       6.6711186     0.026094460  5.3934241E-003       9.7778045       9.7719459     0.059953352
       6.8161430     0.024949499  3.0896664E-003       9.9925625       9.9863755     0.061953632
       6.9611673     0.023865292  8.0661598E-004       10.207458       10.200935     0.063941085
       7.1061916     0.022846617 -1.4509572E-003       10.422492       10.415627     0.065912033
       7.2512159     0.021898261 -3.6781516E-003       10.637669       10.630455     0.067862713
       7.3962402     0.021025010 -5.8699326E-003       10.852990       10.845421     0.069789278
       7.5412645     0.020231642 -8.0211300E-003       11.068457       11.060528     0.071687794
       7.6862889     0.019522913    -0.010126436       11.284074       11.275780     0.073554246
       7.8313132     0.018903550    -0.012180404       11.499841       11.491179     0.075384534
       7.9763375     0.018378235    -0.014177444       11.715762       11.706727     0.077174477
       8.1213618     0.017951595    -0.016111823       11.931838       11.922429     0.078919811
       8.2663861     0.017628185    -0.017977662       12.148072       12.138287     0.080616192
       8.4114105     0.017412476    -0.019768931       12.364466       12.354303     0.082259200
       8.5564348     0.017308840    -0.021479451       12.581021       12.570481     0.083844334
       8.7014591     0.017321528    -0.023102889       12.797740       12.786824     0.085367019
       8.8464834     0.017454659    -0.024632755       13.014624       13.003335     0.086822608
       8.9915077     0.017712193    -0.026062401       13.231677       13.220016     0.088206380
       9.1365320     0.018097915    -0.027385020       13.448898       13.436871     0.089513550
       9.2815564     0.018615410    -0.028593637       13.666292       13.653902     0.090739264
       9.4265807     0.019268041    -0.029681114       13.883858       13.871113     0.091878608
       9.5716050     0.020058919    -0.030640144       14.101599       14.088507     0.092926612
       9.7166293     0.020990881    -0.031463248       14.319517       14.306086     0.093878249
       9.8616536     0.022066454    -0.032142773       14.537613       14.523854     0.094728445
       10.006678     0.023287826    -0.032670888       14.755889       14.741814     0.095472084
       10.151702     0.024656812    -0.033039587       14.974346       14.959969     0.096104010
       10.296727     0.026174812    -0.033240676       15.192986       15.178321     0.096619037
       10.441751     0.027842776    -0.033265782       15.411811       15.396875     0.097011956
       10.586775     0.029661160    -0.033106343       15.630822       15.615632     0.097277543
       10.731800     0.031629873    -0.032753605       15.850021       15.834596     0.097410566
       10.876824     0.033748236    -0.032198625       16.069408       16.053771     0.097405797
       11.021848     0.036014919    -0.031432266       16.288986       16.273159     0.097258021
       11.166872     0.038427887    -0.030445191       16.508755       16.492763     0.096962050
       11.311897     0.040984337    -0.029227867       16.728717       16.712587     0.096512735
       11.456921     0.043680623    -0.027770559       16.948873       16.932634     0.095904979
       11.601945     0.046512189    -0.026063329       17.169224       17.152906     0.095133756
       11.746970     0.049473484    -0.024096034       17.389772       17.373407     0.094194125
       11.891994     0.052557876    -0.021858324       17.610518       17.594141     0.093081253
       12.037018     0.055757554    -0.019339644       17.831463       17.815110     0.091790431
       12.182043     0.059063430    -0.016529228       18.052608       18.036318     0.090317104
       12.327067     0.062465022    -0.013416100       18.273955       18.257768     0.088656889
       12.472091     0.065950333 -9.9890765E-003       18.495504       18.479463     0.086805610
       12.617116     0.069505720 -6.2367625E-003       18.717257       18.701406     0.084759322
       12.762140     0.073115746 -2.1475543E-003       18.939216       18.923601     0.082514353
       12.907164     0.076763020  2.2903601E-003       19.161380       19.146051     0.080067333
       13.052189     0.080428027  7.0889993E-003       19.383753       19.368759     0.077415241
       13.197213     0.084088936     0.012260586       19.606335       19.591728     0.074555449
       13.342237     0.087721389     0.017817544       19.829127       19.814963     0.071485769
       13.487262     0.091298273     0.023772494       20.052132       20.038465     0.068204512
       13.632286     0.094789471     0.030138249       20.275351       20.262239     0.064710549
       13.777310     0.098161577     0.036927806       20.498785       20.486288     0.061003374
       13.922335      0.10137759     0.044154340       20.722438       20.710615     0.057083184
       14.067359      0.10439659     0.051831196       20.946310       20.935224     0.052950955
       14.212383      0.10717333     0.059971874       21.170404       21.160118     0.048608540
       14.357407      0.10965784     0.068590020       21.394723       21.385301     0.044058767
       14.502432      0.11179497     0.077699408       21.619270       21.610775     0.039305551
