Results for:	
File:	C:\Users\User\OneDrive - Massachusetts Institute of Technology\Documents\MIT\Grad School\Classes\2.156\Lens Project\Prime Lenses\US08934179-1.zmx
Title:	
Date:	11/7/2025 5:51:03 PM

0 message(s) in output.
3 series table(s) in output.

Table series: Data for wavelength : 0.486133 µm.
   Y Angle (deg)       Tan Shift       Sag Shift     Real Height     Ref. Height      Distortion
  --------------  --------------  --------------  --------------  --------------  --------------
      0.00000000  6.6889604E-003  6.6889604E-003      0.00000000      0.00000000      0.00000000
      0.34000000  5.4261161E-003  6.2750544E-003     0.024619622     0.024621526 -7.7324529E-003
      0.68000000  1.9423049E-003  5.0710919E-003     0.049229911     0.049244786    -0.030206769
       1.0200000 -3.2433427E-003  3.1824817E-003     0.073823203     0.073871515    -0.065400127
       1.3600000 -9.4346947E-003  7.6168695E-004     0.098394724     0.098503448     -0.11037516
       1.7000000    -0.015920993 -2.0179167E-003      0.12294311      0.12314232     -0.16177302
       2.0400000    -0.022100186 -4.9861352E-003      0.14747025      0.14778988     -0.21627412
       2.3800000    -0.027539467 -7.9931348E-003      0.17198063      0.17244785     -0.27093409
       2.7200000    -0.031980918    -0.010918427      0.19648058      0.19711800     -0.32336731
       3.0600000    -0.035314317    -0.013672979      0.22097740      0.22180205     -0.37179906
       3.4000000    -0.037538081    -0.016196820      0.24547873      0.24650178     -0.41502874
       3.7400000    -0.038721725    -0.018454393      0.26999208      0.27121892     -0.45234590
       4.0800000    -0.038975769    -0.020429283      0.29452451      0.29595525     -0.48343067
       4.4200000    -0.038430211    -0.022119284      0.31908249      0.32071253     -0.50825773
       4.7600000    -0.037220362    -0.023532207      0.34367174      0.34549253     -0.52701291
       5.1000000    -0.035478185    -0.024682565      0.36829734      0.37029704     -0.54002570
       5.4400000    -0.033327403    -0.025589052      0.39296365      0.39512783     -0.54771679
       5.7800000    -0.030881010    -0.026272693      0.41767442      0.41998670     -0.55055873
       6.1200000    -0.028240241    -0.026755526      0.44243288      0.44487545     -0.54904721
       6.4600000    -0.025494393    -0.027059677      0.46724171      0.46979590     -0.54368043
       6.8000000    -0.022721098    -0.027206741      0.49210322      0.49474986     -0.53494477
       7.1400000    -0.019986843    -0.027217365      0.51701933      0.51973915     -0.52330491
       7.4800000    -0.017347598    -0.027110998      0.54199170      0.54476563     -0.50919735
       7.8200000    -0.014849500    -0.026905735      0.56702172      0.56983114     -0.49302640
       8.1600000    -0.012529553    -0.026618252      0.59211062      0.59493753     -0.47516173
       8.5000000    -0.010416334    -0.026263784      0.61725948      0.62008669     -0.45593736
       8.8400000 -8.5307005E-003    -0.025856144      0.64246932      0.64528050     -0.43565129
       9.1800000 -6.8865031E-003    -0.025407771      0.66774110      0.67052085     -0.41456590
       9.5200000 -5.4912936E-003    -0.024929791      0.69307576      0.69580966     -0.39290868
       9.8600000 -4.3470340E-003    -0.024432092      0.71847430      0.72114885     -0.37087324
       10.200000 -3.4508039E-003    -0.023923408      0.74393778      0.74654037     -0.34862052
       10.540000 -2.7955006E-003    -0.023411406      0.76946733      0.77198617     -0.32628019
       10.880000 -2.3705314E-003    -0.022902781      0.79506424      0.79748822     -0.30395208
       11.220000 -2.1624890E-003    -0.022403339      0.82072992      0.82304851     -0.28170776
       11.560000 -2.1558101E-003    -0.021918098      0.84646597      0.84866905     -0.25959223
       11.900000 -2.3334061E-003    -0.021451371      0.87227418      0.87435186     -0.23762576
       12.240000 -2.6772630E-003    -0.021006855      0.89815652      0.90009899     -0.21580584
       12.580000 -3.1690024E-003    -0.020587717      0.92411521      0.92591249     -0.19410944
       12.920000 -3.7903969E-003    -0.020196667      0.95015265      0.95179445     -0.17249537
       13.260000 -4.5238309E-003    -0.019836039      0.97627149      0.97774698     -0.15090709
       13.600000 -5.3527006E-003    -0.019507849       1.0024746       1.0037722     -0.12927568
       13.940000 -6.2617431E-003    -0.019213860       1.0287649       1.0298722     -0.10752328
       14.280000 -7.2372886E-003    -0.018955631       1.0551456       1.0560493    -0.085566807
       14.620000 -8.2674251E-003    -0.018734554       1.0816202       1.0823055    -0.063322061
       14.960000 -9.3420723E-003    -0.018551889       1.1081919       1.1086432    -0.040708108
       15.300000    -0.010452957    -0.018408776       1.1348641       1.1350645    -0.017651969
       15.640000    -0.011593491    -0.018306248       1.1616403       1.1615717  5.9065352E-003
       15.980000    -0.012758543    -0.018245220       1.1885237       1.1881672     0.030009860
       16.320000    -0.013944130    -0.018226473       1.2155174       1.2148532     0.054677889
       16.660000    -0.015147004    -0.018250627       1.2426242       1.2416321     0.079903324
       17.000000    -0.016364190    -0.018318095       1.2698464       1.2685062      0.10564752
       17.340000    -0.017592461    -0.018429044       1.2971860       1.2954781      0.13183697
       17.680000    -0.018827794    -0.018583332       1.3246445       1.3225501      0.15836069
       18.020000    -0.020064842    -0.018780457       1.3522226       1.3497247      0.18506871
       18.360000    -0.021296454    -0.019019499       1.3799205       1.3770044      0.21177192
       18.700000    -0.022513276    -0.019299067       1.4077377       1.4043918      0.23824355
       19.040000    -0.023703495    -0.019617257       1.4356728       1.4318895      0.26422226
       19.380000    -0.024852751    -0.019971628       1.4637240       1.4595000      0.28941724
       19.720000    -0.025944252    -0.020359186       1.4918886       1.4872260      0.31351513
       20.060000    -0.026959138    -0.020776401       1.5201637       1.5150702      0.33618889
       20.400000    -0.027877093    -0.021219251       1.5485456       1.5430353      0.35710830
       20.740000    -0.028677226    -0.021683287       1.5770308       1.5711242      0.37595199
       21.080000    -0.029339210    -0.022163737       1.6056157       1.5993395      0.39242043
       21.420000    -0.029844661    -0.022655638       1.6342967       1.6276843      0.40624940
       21.760000    -0.030178716    -0.023153994       1.6630712       1.6561613      0.41722311
       22.100000    -0.030331775    -0.023653963       1.6919370       1.6847736      0.42518632
       22.440000    -0.030301334    -0.024151052       1.7208931       1.7135240      0.43005435
       22.780000    -0.030093848    -0.024641329       1.7499399       1.7424158      0.43182026
       23.120000    -0.029726540    -0.025121630       1.7790790       1.7714519      0.43055809
       23.460000    -0.029229057    -0.025589747       1.8083138       1.8006355      0.42642160
       23.800000    -0.028644859    -0.026044599       1.8376490       1.8299698      0.41963788
       24.140000    -0.028032215    -0.026486361       1.8670911       1.8594581      0.41049565
       24.480000    -0.027464645    -0.026916541       1.8966473       1.8891036      0.39932832
       24.820000    -0.027030625    -0.027338002       1.9263262       1.9189097      0.38649246
       25.160000    -0.026832348    -0.027754920       1.9561365       1.9488800      0.37234258
       25.500000    -0.026983327    -0.028172670       1.9860868       1.9790177      0.35720357
       25.840000    -0.027604642    -0.028597637       2.0161853       2.0093266      0.34134262
       26.180000    -0.028819667    -0.029036961       2.0464383       2.0398101      0.32494237
       26.520000    -0.030747240    -0.029498216       2.0768507       2.0704721      0.30807743
       26.860000    -0.033493409    -0.029989029       2.1074246       2.1013161      0.29069637
       27.200000    -0.037142104    -0.030516662       2.1381592       2.1323462      0.27261086
       27.540000    -0.041745396    -0.031087560       2.1690506       2.1635661      0.25349368
       27.880000    -0.047314275    -0.031706897       2.2000916       2.1949798      0.23288663
       28.220000    -0.053811108    -0.032378131       2.2312720       2.2265913      0.21021888
       28.560000    -0.061145034    -0.033102615       2.2625792       2.2584048      0.18483564
       28.900000    -0.069171457    -0.033879273       2.2939985       2.2904246      0.15603629
       29.240000    -0.077696437    -0.034704377       2.3255144       2.3226548      0.12312035
       29.580000    -0.086486253    -0.035571457       2.3571120       2.3550998     0.085439172
       29.920000    -0.095281742    -0.036471368       2.3887778       2.3877641     0.042450338
       30.260000     -0.10381633    -0.037392509       2.4205016       2.4206524 -6.2279782E-003
       30.600000     -0.11183616    -0.038321226       2.4522780       2.4537691    -0.060766063
       30.940000     -0.11912034    -0.039242365       2.4841077       2.4871191     -0.12107792
       31.280000     -0.12549945    -0.040139953       2.5159989       2.5207072     -0.18678533
       31.620000     -0.13087070    -0.040997977       2.5479683       2.5545384     -0.25719280
       31.960000     -0.13520862    -0.041801184       2.5800422       2.5886176     -0.33127502
       32.300000     -0.13857124    -0.042535843       2.6122570       2.6229502     -0.40767827
       32.640000     -0.14110238    -0.043190399       2.6446592       2.6575413     -0.48473705
       32.980000     -0.14303156    -0.043755936       2.6773053       2.6923964     -0.56050737
       33.320000     -0.14467328    -0.044226389       2.7102607       2.7275210     -0.63281809
       33.660000     -0.14642714    -0.044598457       2.7435984       2.7629207     -0.69934156
       34.000000     -0.14877887    -0.044871193       2.7773967       2.7986012     -0.75768387

Table series: Data for wavelength : 0.587562 µm.
   Y Angle (deg)       Tan Shift       Sag Shift     Real Height     Ref. Height      Distortion
  --------------  --------------  --------------  --------------  --------------  --------------
      0.00000000 -2.3061297E-003 -2.3061297E-003      0.00000000      0.00000000      0.00000000
      0.34000000 -3.5484775E-003 -2.7138494E-003     0.024621742     0.024623649 -7.7446706E-003
      0.68000000 -6.9765053E-003 -3.8997958E-003     0.049234131     0.049249033    -0.030257238
       1.0200000    -0.012078835 -5.7600961E-003     0.073829481     0.073877885    -0.065519789
       1.3600000    -0.018170002 -8.1445645E-003     0.098402985     0.098511943     -0.11060330
       1.7000000    -0.024550565    -0.010882506      0.12295324      0.12315294     -0.16216039
       2.0400000    -0.030628560    -0.013806466      0.14748206      0.14780262     -0.21688515
       2.3800000    -0.035978918    -0.016769134      0.17199389      0.17246273     -0.27184759
       2.7200000    -0.040348778    -0.019652148      0.19649495      0.19713500     -0.32467566
       3.0600000    -0.043630506    -0.022368131      0.22099245      0.22182118     -0.37360613
       3.4000000    -0.045823126    -0.024858288      0.24549393      0.24652304     -0.41744696
       3.7400000    -0.046995325    -0.027087811      0.27000682      0.27124231     -0.45549306
       4.0800000    -0.047255858    -0.029040681      0.29453809      0.29598078     -0.48742679
       4.4200000    -0.046732391    -0.030714800      0.31909408      0.32074019     -0.51322218
       4.7600000    -0.045557623    -0.032117884      0.34368048      0.34552233     -0.53306205
       5.1000000    -0.043860811    -0.033264195      0.36830227      0.37032897     -0.54727088
       5.4400000    -0.041762998    -0.034172078      0.39296376      0.39516190     -0.55626284
       5.7800000    -0.039374604    -0.034862143      0.41766868      0.42002292     -0.56050281
       6.1200000    -0.036794446    -0.035355977      0.44242018      0.44491382     -0.56047794
       6.4600000    -0.034109582    -0.035675243      0.46722094      0.46983641     -0.55667736
       6.8000000    -0.031395615    -0.035841068      0.49207325      0.49479252     -0.54957793
       7.1400000    -0.028717215    -0.035873650      0.51697904      0.51978398     -0.53963462
       7.4800000    -0.026128763    -0.035792004      0.54193996      0.54481261     -0.52727415
       7.8200000    -0.023675040    -0.035613818      0.56695742      0.56988028     -0.51289100
       8.1600000    -0.021391928    -0.035355391      0.59203267      0.59498884     -0.49684514
       8.5000000    -0.019307123    -0.035031612      0.61716684      0.62014017     -0.47946096
       8.8400000    -0.017440840    -0.034655983      0.64236097      0.64533615     -0.46102708
       9.1800000    -0.015806524    -0.034240668      0.66761608      0.67057868     -0.44179671
       9.5200000    -0.014411555    -0.033796552      0.69293318      0.69586967     -0.42198843
       9.8600000    -0.013257945    -0.033333318      0.71831331      0.72121105     -0.40178725
       10.200000    -0.012343043    -0.032859533      0.74375761      0.74660475     -0.38134589
       10.540000    -0.011660220    -0.032382733      0.76926729      0.77205275     -0.36078612
       10.880000    -0.011199543    -0.031909512      0.79484370      0.79755700     -0.34020034
       11.220000    -0.010948443    -0.031445615      0.82048837      0.82311949     -0.31965312
       11.560000    -0.010892346    -0.030996030      0.84620295      0.84874224     -0.29918302
       11.900000    -0.011015289    -0.030565071      0.87198933      0.87442727     -0.27880436
       12.240000    -0.011300494    -0.030156468      0.89784958      0.90017662     -0.25850935
       12.580000    -0.011730912    -0.029773448      0.92378598      0.92599235     -0.23827030
       12.920000    -0.012289704    -0.029418811      0.94980105      0.95187654     -0.21804209
       13.260000    -0.012960685    -0.029095001      0.97589749      0.97783130     -0.19776498
       13.600000    -0.013728695    -0.028804172       1.0020782       1.0038588     -0.17736764
       13.940000    -0.014579902    -0.028548242       1.0283464       1.0299611     -0.15677062
       14.280000    -0.015502027    -0.028328944       1.0547052       1.0561404     -0.13589010
       14.620000    -0.016484488    -0.028147858       1.0811580       1.0823989     -0.11464192
       14.960000    -0.017518447    -0.028006446       1.1077083       1.1087388    -0.092946059
       15.300000    -0.018596764    -0.027906063       1.1343595       1.1351624    -0.070731184
       15.640000    -0.019713856    -0.027847960       1.1611150       1.1616719    -0.047939496
       15.980000    -0.020865455    -0.027833281       1.1879781       1.1882696    -0.024531548
       16.320000    -0.022048280    -0.027863038       1.2149520       1.2149579 -4.9098607E-004
       16.660000    -0.023259625    -0.027938086       1.2420393       1.2417391     0.024170966
       17.000000    -0.024496886    -0.028059078       1.2692425       1.2686156     0.049411490
       17.340000    -0.025757043    -0.028226417       1.2965635       1.2955898     0.075152821
       17.680000    -0.027036122    -0.028440206       1.3240037       1.3226642      0.10127979
       18.020000    -0.028328685    -0.028700187       1.3515640       1.3498411      0.12763851
       18.360000    -0.029627363    -0.029005689       1.3792445       1.3771232      0.15403637
       18.700000    -0.030922490    -0.029355575       1.4070445       1.4045129      0.18024362
       19.040000    -0.032201872    -0.029748203       1.4349629       1.4320130      0.20599665
       19.380000    -0.033450726    -0.030181398       1.4629976       1.4596258      0.23100311
       19.720000    -0.034651837    -0.030652448       1.4911462       1.4873542      0.25494886
       20.060000    -0.035785939    -0.031158110       1.5194056       1.5152008      0.27750680
       20.400000    -0.036832361    -0.031694661       1.5477724       1.5431684      0.29834728
       20.740000    -0.037769919    -0.032257960       1.5762429       1.5712597      0.31714996
       21.080000    -0.038578067    -0.032843551       1.6048136       1.5994775      0.33361655
       21.420000    -0.039238261    -0.033446786       1.6334811       1.6278247      0.34748397
       21.760000    -0.039735525    -0.034062986       1.6622426       1.6563041      0.35853717
       22.100000    -0.040060150    -0.034687609       1.6910961       1.6849189      0.36662088
       22.440000    -0.040209469    -0.035316446       1.7200407       1.7136718      0.37164928
       22.780000    -0.040189653    -0.035945819       1.7490765       1.7425660      0.37361285
       23.120000    -0.040017424    -0.036572772       1.7782053       1.7716046      0.37258144
       23.460000    -0.039721599    -0.037195253       1.8074303       1.8007908      0.36870289
       23.800000    -0.039344367    -0.037812269       1.8367563       1.8301276      0.36219671
       24.140000    -0.038942143    -0.038424000       1.8661892       1.8596184      0.35334260
       24.480000    -0.038585881    -0.039031873       1.8957366       1.8892665      0.34246396
       24.820000    -0.038360650    -0.039638572       1.9254064       1.9190752      0.32990698
       25.160000    -0.038364289    -0.040247990       1.9552073       1.9490480      0.31601619
       25.500000    -0.038704946    -0.040865113       1.9851479       1.9791884      0.30110791
       25.840000    -0.039497325    -0.041495836       2.0152358       2.0094999      0.28544305
       26.180000    -0.040857499    -0.042146712       2.0454777       2.0399860      0.26920135
       26.520000    -0.042896294    -0.042824642       2.0758782       2.0706506      0.25245884
       26.860000    -0.045711370    -0.043536516       2.1064395       2.1014974      0.23517050
       27.200000    -0.049378381    -0.044288805       2.1371611       2.1325301      0.21716004
       27.540000    -0.053941843    -0.045087140       2.1680394       2.1637527      0.19811799
       27.880000    -0.059406609    -0.045935884       2.1990679       2.1951691      0.17760943
       28.220000    -0.065731045    -0.046837718       2.2302369       2.2267833      0.15509168
       28.560000    -0.072823070    -0.047793278       2.2615345       2.2585996      0.12994183
       28.900000    -0.080540135    -0.048800864       2.2929469       2.2906221      0.10149336
       29.240000    -0.088693853    -0.049856247       2.3244597       2.3228551     0.069080209
       29.580000    -0.097059504    -0.050952604       2.3560586       2.3553029     0.032086198
       29.920000     -0.10539002    -0.052080596       2.3877312       2.3879701    -0.010002717
       30.260000     -0.11343338    -0.053228614       2.4194680       2.4208611    -0.057546427
       30.600000     -0.12095195    -0.054383177       2.4512641       2.4539807     -0.11070171
       30.940000     -0.12774184    -0.055529484       2.4831206       2.4873336     -0.16937918
       31.280000     -0.13365053    -0.056652090       2.5150456       2.5209246     -0.23320849
       31.620000     -0.13859119    -0.057735662       2.5470557       2.5547587     -0.30151392
       31.960000     -0.14255278    -0.058765760       2.5791767       2.5888409     -0.37330187
       32.300000     -0.14560572    -0.059729577       2.6114439       2.6231764     -0.44726173
       32.640000     -0.14790377    -0.060616561       2.6439028       2.6577705     -0.52178142
       32.980000     -0.14968357    -0.061418861       2.6766080       2.6926286     -0.59497920
       33.320000     -0.15126351    -0.062131513       2.7096234       2.7277562     -0.66475294
       33.660000     -0.15304320    -0.062752341       2.7430197       2.7631589     -0.72884836
       34.000000     -0.15550338    -0.063281534       2.7768732       2.7988426     -0.78494624

Table series: Data for wavelength : 0.656273 µm.
   Y Angle (deg)       Tan Shift       Sag Shift     Real Height     Ref. Height      Distortion
  --------------  --------------  --------------  --------------  --------------  --------------
      0.00000000 -3.6738700E-003 -3.6738700E-003      0.00000000      0.00000000      0.00000000
      0.34000000 -4.9114181E-003 -4.0802048E-003     0.024624066     0.024625974 -7.7493414E-003
      0.68000000 -8.3264586E-003 -5.2621105E-003     0.049238771     0.049253683    -0.030276536
       1.0200000    -0.013409298 -7.1160431E-003     0.073836419     0.073884862    -0.065565574
       1.3600000    -0.019476861 -9.4923167E-003     0.098412191     0.098521245     -0.11069071
       1.7000000    -0.025832355    -0.012220844      0.12296466      0.12316457     -0.16230913
       2.0400000    -0.031886293    -0.015134818      0.14749564      0.14781658     -0.21712042
       2.3800000    -0.037215618    -0.018087545      0.17200952      0.17247901     -0.27220043
       2.7200000    -0.041568872    -0.020961205      0.19651250      0.19715361     -0.32518266
       3.0600000    -0.044839224    -0.023668857      0.22101176      0.22184213     -0.37430860
       3.4000000    -0.047025977    -0.026152031      0.24551479      0.24654632     -0.41838975
       3.7400000    -0.048197698    -0.028376137      0.27002898      0.27126793     -0.45672328
       4.0800000    -0.048462733    -0.030325279      0.29456127      0.29600873     -0.48899249
       4.4200000    -0.047948162    -0.031997409      0.31911796      0.32077048     -0.51517122
       4.7600000    -0.046785990    -0.033400227      0.34370471      0.34555496     -0.53544111
       5.1000000    -0.045104727    -0.034547943      0.36832648      0.37036394     -0.55012464
       5.4400000    -0.043024662    -0.035458813      0.39298755      0.39519922     -0.55963334
       5.7800000    -0.040655468    -0.036153340      0.41769163      0.42006258     -0.56442901
       6.1200000    -0.038095251    -0.036652991      0.44244185      0.44495583     -0.56499534
       6.4600000    -0.035430401    -0.036979301      0.46724091      0.46988078     -0.56181776
       6.8000000    -0.032735901    -0.037153271      0.49209106      0.49483925     -0.55536929
       7.1400000    -0.030075861    -0.037194969      0.51699425      0.51983306     -0.54610096
       7.4800000    -0.027504167    -0.037123289      0.54195211      0.54486406     -0.53443550
       7.8200000    -0.025065168    -0.036955802      0.56696609      0.56993409     -0.52076339
       8.1600000    -0.022794387    -0.036708699      0.59203743      0.59504503     -0.50544066
       8.5000000    -0.020719230    -0.036396768      0.61716727      0.62019873     -0.48878780
       8.8400000    -0.018859700    -0.036033422      0.64235669      0.64539709     -0.47108960
       9.1800000    -0.017229103    -0.035630741      0.66760670      0.67064200     -0.45259556
       9.5200000    -0.015834751    -0.035199541      0.69291835      0.69593538     -0.43352063
       9.8600000    -0.014678669    -0.034749446      0.71829272      0.72127915     -0.41404635
       10.200000    -0.013758282    -0.034288973      0.74373095      0.74667525     -0.39432208
       10.540000    -0.013067110    -0.033825620      0.76923430      0.77212565     -0.37446640
       10.880000    -0.012595433    -0.033365955      0.79480415      0.79763231     -0.35456870
       11.220000    -0.012330952    -0.032915706      0.82044205      0.82319722     -0.33469074
       11.560000    -0.012259422    -0.032479854      0.84614971      0.84882239     -0.31486844
       11.900000    -0.012365252    -0.032062718      0.87192904      0.87450984     -0.29511377
       12.240000    -0.012632083    -0.031668044      0.89778215      0.90026162     -0.27541679
       12.580000    -0.013043313    -0.031299080      0.92371135      0.92607978     -0.25574795
       12.920000    -0.013582581    -0.030958660      0.94971921      0.95196642     -0.23606056
       13.260000    -0.014234196    -0.030649270      0.97580845      0.97792364     -0.21629361
       13.600000    -0.014983502    -0.030373110       1.0019820       1.0039535     -0.19637486
       13.940000    -0.015817171    -0.030132156       1.0282431       1.0300583     -0.17622425
       14.280000    -0.016723424    -0.029928201       1.0545949       1.0562401     -0.15575768
       14.620000    -0.017692158    -0.029762895       1.0810409       1.0825011     -0.13489111
       14.960000    -0.018714992    -0.029637768       1.1075844       1.1088435     -0.11354492
       15.300000    -0.019785209    -0.029554252       1.1342291       1.1352696    -0.091648546
       15.640000    -0.020897610    -0.029513676       1.1609783       1.1617816    -0.069145227
       15.980000    -0.022048263    -0.029517264       1.1878352       1.1883818    -0.045996832
       16.320000    -0.023234171    -0.029566110       1.2148031       1.2150727    -0.022188545
       16.660000    -0.024452855    -0.029661151       1.2418845       1.2418564  2.2667053E-003
       17.000000    -0.025701877    -0.029803122       1.2690821       1.2687354     0.027324282
       17.340000    -0.026978320    -0.029992511       1.2963977       1.2957122     0.052904556
       17.680000    -0.028278256    -0.030229503       1.3238326       1.3227891     0.078890526
       18.020000    -0.029596229    -0.030513923       1.3513877       1.3499686      0.10512655
       18.360000    -0.030924799    -0.030845182       1.3790632       1.3772532      0.13141846
       18.700000    -0.032254180    -0.031222227       1.4068584       1.4046456      0.15753514
       19.040000    -0.033572014    -0.031643499       1.4347720       1.4321482      0.18321190
       19.380000    -0.034863324    -0.032106909       1.4628022       1.4597637      0.20815564
       19.720000    -0.036110676    -0.032609827       1.4909464       1.4874947      0.23205176
       20.060000    -0.037294569    -0.033149101       1.5192016       1.5153439      0.25457305
       20.400000    -0.038394093    -0.033721093       1.5475642       1.5433141      0.27539001
       20.740000    -0.039387821    -0.034321752       1.5760308       1.5714080      0.29418268
       21.080000    -0.040254967    -0.034946708       1.6045978       1.5996285      0.31065329
       21.420000    -0.040976752    -0.035591403       1.6332618       1.6279784      0.32453927
       21.760000    -0.041537958    -0.036251238       1.6620200       1.6564605      0.33562602
       22.100000    -0.041928618    -0.036921754       1.6908706       1.6850780      0.34375841
       22.440000    -0.042145782    -0.037598810       1.7198123       1.7138336      0.34885040
       22.780000    -0.042195280    -0.038278788       1.7488457       1.7427306      0.35089173
       23.120000    -0.042093410    -0.038958775       1.7779723       1.7717719      0.34995089
       23.460000    -0.041868454    -0.039636745       1.8071953       1.8009608      0.34617369
       23.800000    -0.041561899    -0.040311708       1.8365194       1.8303004      0.33977696
       24.140000    -0.041229268    -0.040983822       1.8659506       1.8597940      0.33103714
       24.480000    -0.040940375    -0.041654460       1.8954963       1.8894449      0.32027393
       24.820000    -0.040778863    -0.042326223       1.9251645       1.9192565      0.30782964
       25.160000    -0.040840827    -0.043002886       1.9549637       1.9492321      0.29404502
       25.500000    -0.041232337    -0.043689284       1.9849024       1.9793753      0.27923303
       25.840000    -0.042065682    -0.044391125       2.0149882       2.0096896      0.26365209
       26.180000    -0.043454227    -0.045114749       2.0452277       2.0401787      0.24748068
       26.520000    -0.045505868    -0.045866814       2.0756256       2.0708462      0.23079515
       26.860000    -0.048315242    -0.046653941       2.1061840       2.1016958      0.21355279
       27.200000    -0.051955056    -0.047482323       2.1369027       2.1327315      0.19558168
       27.540000    -0.056467174    -0.048357302       2.1677781       2.1639570      0.17657901
       27.880000    -0.061854339    -0.049282952       2.1988037       2.1953763      0.15611871
       28.220000    -0.068073595    -0.050261679       2.2299704       2.2269936      0.13366888
       28.560000    -0.075032558    -0.051293866       2.2612664       2.2588129      0.10861900
       28.900000    -0.082589562    -0.052377590       2.2926783       2.2908384     0.080315875
       29.240000    -0.090558363    -0.053508445       2.3241920       2.3230744     0.048107070
       29.580000    -0.098717625    -0.054679480       2.3557936       2.3555253     0.011389491
       29.920000     -0.10682476    -0.055881291       2.3874710       2.3881956    -0.030339272
       30.260000     -0.11463312    -0.057102266       2.4192151       2.4210897    -0.077429779
       30.600000     -0.12191097    -0.058328988       2.4510212       2.4542124     -0.13003259
       30.940000     -0.12846056    -0.059546791       2.4828904       2.4875685     -0.18805587
       31.280000     -0.13413537    -0.060740428       2.5148312       2.5211626     -0.25113113
       31.620000     -0.13885414    -0.061894825       2.5468600       2.5549999     -0.31858905
       31.960000     -0.14261065    -0.062995852       2.5790022       2.5890853     -0.38944705
       32.300000     -0.14547921    -0.064031057       2.6112931       2.6234241     -0.46241004
       32.640000     -0.14761641    -0.064990278       2.6437775       2.6580215     -0.53588561
       32.980000     -0.14926057    -0.065866078       2.6765097       2.6928829     -0.60801526
       33.320000     -0.15073050    -0.066653922       2.7095527       2.7280138     -0.67672307
       33.660000     -0.15242488    -0.067352074       2.7429765       2.7634199     -0.73978303
       34.000000     -0.15482199    -0.067961162       2.7768566       2.7991069     -0.79490516
