Results for:	
File:	C:\Users\User\OneDrive - Massachusetts Institute of Technology\Documents\MIT\Grad School\Classes\2.156\Lens Project\Prime Lenses\HandbookCamFig07.ZMX
Title:	
Date:	11/7/2025 5:23:26 PM

0 message(s) in output.
5 series table(s) in output.

Table series: Data for wavelength : 0.558000 µm.
   Y Angle (deg)       Tan Shift       Sag Shift     Real Height     Ref. Height      Distortion
  --------------  --------------  --------------  --------------  --------------  --------------
      0.00000000     0.099002509     0.099002509      0.00000000      0.00000000      0.00000000
      0.40077267     0.098966965     0.098942029      0.17117349      0.17117446 -5.6560875E-004
      0.80154534     0.098864337     0.098760606      0.34235792      0.34236567 -2.2631933E-003
       1.2023180     0.098694651     0.098458294      0.51356424      0.51359039 -5.0918141E-003
       1.6030907     0.098457945     0.098035183      0.68480341      0.68486539 -9.0507479E-003
       2.0038634     0.098154277     0.097491397      0.85608641      0.85620746    -0.014138857
       2.4046360     0.097783719     0.096827099       1.0274243       1.0276334    -0.020354675
       2.8054087     0.097346360     0.096042487       1.1988280       1.1991601    -0.027696406
       3.2061814     0.096842306     0.095137798       1.3703087       1.3708045    -0.036161919
       3.6069540     0.096271681     0.094113307       1.5418776       1.5425834    -0.045748746
       4.0077267     0.095634623     0.092969326       1.7135459       1.7145138    -0.056454080
       4.4084994     0.094931291     0.091706210       1.8853248       1.8866129    -0.068274763
       4.8092720     0.094161860     0.090324352       2.0572256       2.0588976    -0.081207291
       5.2100447     0.093326521     0.088824191       2.2292599       2.2313853    -0.095247798
       5.6108174     0.092425488     0.087206205       2.4014392       2.4040931     -0.11039206
       6.0115901     0.091458989     0.085470921       2.5737751       2.5770385     -0.12663547
       6.4123627     0.090427275     0.083618909       2.7462793       2.7502389     -0.14397306
       6.8131354     0.089330615     0.081650791       2.9189637       2.9237118     -0.16239947
       7.2139081     0.088169298     0.079567234       3.0918403       3.0974748     -0.18190892
       7.6146807     0.086943634     0.077368963       3.2649212       3.2715459     -0.20249526
       8.0154534     0.085653957     0.075056752       3.4382187       3.4459428     -0.22415189
       8.4162261     0.084300620     0.072631437       3.6117452       3.6206836     -0.24687181
       8.8169988     0.082884002     0.070093908       3.7855133       3.7957865     -0.27064755
       9.2177714     0.081404503     0.067445122       3.9595358       3.9712698     -0.29547121
       9.6185441     0.079862552     0.064686097       4.1338257       4.1471519     -0.32133441
       10.019317     0.078258600     0.061817922       4.3083960       4.3234515     -0.34822828
       10.420089     0.076593127     0.058841758       4.4832602       4.5001874     -0.37614346
       10.820862     0.074866643     0.055758839       4.6584319       4.6773786     -0.40507008
       11.221635     0.073079684     0.052570480       4.8339249       4.8550442     -0.43499771
       11.622407     0.071232821     0.049278082       5.0097531       5.0332036     -0.46591539
       12.023180     0.069326656     0.045883130       5.1859311       5.2118764     -0.49781157
       12.423953     0.067361825     0.042387205       5.3624733       5.3910823     -0.53067411
       12.824725     0.065339001     0.038791988       5.5393946       5.5708415     -0.56449024
       13.225498     0.063258895     0.035099260       5.7167103       5.7511740     -0.59924656
       13.626271     0.061122260     0.031310916       5.8944358       5.9321004     -0.63492897
       14.027043     0.058929890     0.027428967       6.0725869       6.1136414     -0.67152272
       14.427816     0.056682626     0.023455547       6.2511799       6.2958180     -0.70901227
       14.828589     0.054381355     0.019392921       6.4302313       6.4786515     -0.74738137
       15.229361     0.052027019     0.015243494       6.6097580       6.6621635     -0.78661294
       15.630134     0.049620613     0.011009820       6.7897774       6.8463756     -0.82668909
       16.030907     0.047163190  6.6946083E-003       6.9703072       7.0313103     -0.86759106
       16.431679     0.044655865  2.3007361E-003       7.1513657       7.2169897     -0.90929918
       16.832452     0.042099821 -2.1687417E-003       7.3329715       7.4034369     -0.95179283
       17.233225     0.039496313 -6.7105807E-003       7.5151438       7.5906748     -0.99505040
       17.633998     0.036846670    -0.011321335       7.6979023       7.7787271      -1.0390492
       18.034770     0.034152305    -0.015997344       7.8812671       7.9676174      -1.0837656
       18.435543     0.031414720    -0.020734719       8.0652592       8.1573701      -1.1291745
       18.836316     0.028635509    -0.025529323       8.2498998       8.3480098      -1.1752500
       19.237088     0.025816371    -0.030376763       8.4352111       8.5395615      -1.2219645
       19.637861     0.022959113    -0.035272362       8.6212156       8.7320506      -1.2692896
       20.038634     0.020065665    -0.040211148       8.8079367       8.9255030      -1.3171949
       20.439406     0.017138080    -0.045187828       8.9953986       9.1199450      -1.3656490
       20.840179     0.014178554    -0.050196768       9.1836260       9.3154035      -1.4146186
       21.240952     0.011189432    -0.055231966       9.3726447       9.5119056      -1.4640691
       21.641724  8.1732228E-003    -0.060287030       9.5624812       9.7094792      -1.5139639
       22.042497  5.1326124E-003    -0.065355142       9.7531628       9.9081525      -1.5642646
       22.443270  2.0704789E-003    -0.070429037       9.9447179       10.107954      -1.6149310
       22.844042 -1.0100902E-003    -0.075500959       10.137176       10.308914      -1.6659208
       23.244815 -4.1057794E-003    -0.080562630       10.330567       10.511062      -1.7171894
       23.645588 -7.2130249E-003    -0.085605212       10.524923       10.714428      -1.7686902
       24.046360    -0.010327992    -0.090619256       10.720276       10.919043      -1.8203738
       24.447133    -0.013446549    -0.095594662       10.916660       11.124940      -1.8721886
       24.847906    -0.016564243     -0.10052063       11.114111       11.332150      -1.9240801
       25.248678    -0.019676263     -0.10538558       11.312664       11.540708      -1.9759907
       25.649451    -0.022777412     -0.11017712       11.512359       11.750645      -2.0278602
       26.050224    -0.025862066     -0.11488199       11.713233       11.961998      -2.0796246
       26.450996    -0.028924133     -0.11948592       11.915330       12.174801      -2.1312167
       26.851769    -0.031957004     -0.12397362       12.118690       12.389091      -2.1825656
       27.252542    -0.034953503     -0.12832867       12.323360       12.604903      -2.2335964
       27.653314    -0.037905829     -0.13253339       12.529386       12.822276      -2.2842298
       28.054087    -0.040805488     -0.13656879       12.736816       13.041249      -2.3343821
       28.454860    -0.043643221     -0.14041440       12.945702       13.261860      -2.3839649
       28.855632    -0.046408922     -0.14404815       13.156096       13.484150      -2.4328843
       29.256405    -0.049091546     -0.14744625       13.368055       13.708160      -2.4810411
       29.657178    -0.051679003     -0.15058299       13.581637       13.933933      -2.5283301
       30.057950    -0.054158042     -0.15343059       13.796904       14.161512      -2.5746397
       30.458723    -0.056514116     -0.15595899       14.013919       14.390940      -2.6198512
       30.859496    -0.058731235     -0.15813561       14.232750       14.622264      -2.6638389
       31.260268    -0.060791790     -0.15992512       14.453469       14.855529      -2.7064687
       31.661041    -0.062676363     -0.16128919       14.676150       15.090784      -2.7475983
       32.061814    -0.064363503     -0.16218609       14.900872       15.328077      -2.7870758
       32.462586    -0.065829470     -0.16257045       15.127719       15.567459      -2.8247393
       32.863359    -0.067047950     -0.16239276       15.356779       15.808981      -2.8604160
       33.264132    -0.067989713     -0.16159902       15.588143       16.052696      -2.8939215
       33.664904    -0.068622239     -0.16013016       15.821912       16.298657      -2.9250581
       34.065677    -0.068909261     -0.15792151       16.058189       16.546921      -2.9536145
       34.466450    -0.068810262     -0.15490214       16.297085       16.797545      -2.9793640
       34.867222    -0.068279867     -0.15099412       16.538717       17.050587      -3.0020634
       35.267995    -0.067267152     -0.14611168       16.783212       17.306107      -3.0214509
       35.668768    -0.065714825     -0.14016022       17.030701       17.564168      -3.0372453
       36.069540    -0.063558268     -0.13303523       17.281329       17.824834      -3.0491432
       36.470313    -0.060724406     -0.12462097       17.535247       18.088169      -3.0568170
       36.871086    -0.057130376     -0.11478900       17.792618       18.354241      -3.0599128
       37.271858    -0.052681935     -0.10339642       18.053617       18.623120      -3.0580472
       37.672631    -0.047271568    -0.090283898       18.318432       18.894877      -3.0508044
       38.073404    -0.040776217    -0.075273271       18.587265       19.169586      -3.0377325
       38.474176    -0.033054548    -0.058164770       18.860335       19.447321      -3.0183392
       38.874949    -0.023943635    -0.038733737       19.137878       19.728162      -2.9920877
       39.275722    -0.013254931    -0.016726723       19.420149       20.012188      -2.9583908
       39.676494 -7.6932676E-004  8.1431671E-003       19.707426       20.299482      -2.9166051
       40.077267     0.013768936     0.036201855       20.000012       20.590130      -2.8660236

Table series: Data for wavelength : 0.483000 µm.
   Y Angle (deg)       Tan Shift       Sag Shift     Real Height     Ref. Height      Distortion
  --------------  --------------  --------------  --------------  --------------  --------------
      0.00000000     0.044042172     0.044042172      0.00000000      0.00000000      0.00000000
      0.40077267     0.044008433     0.043982600      0.17099752      0.17099838 -5.0103580E-004
      0.80154534     0.043908900     0.043803904      0.34200607      0.34201349 -2.1704197E-003
       1.2023180     0.043743592     0.043506137      0.51303667      0.51306208 -4.9521038E-003
       1.6030907     0.043512543     0.043089391      0.68410038      0.68416089 -8.8452900E-003
       2.0038634     0.043215797     0.042553796      0.85520826      0.85532671    -0.013848805
       2.4046360     0.042853413     0.041899516       1.0263714       1.0265763    -0.019961136
       2.8054087     0.042425464     0.041126756       1.1976010       1.1979266    -0.027180429
       3.2061814     0.041932035     0.040235757       1.3689082       1.3693944    -0.035504487
       3.6069540     0.041373225     0.039226802       1.5403042       1.5409966    -0.044930763
       4.0077267     0.040749146     0.038100211       1.7118003       1.7127501    -0.055456360
       4.4084994     0.040059926     0.036856348       1.8834080       1.8846722    -0.067078022
       4.8092720     0.039305705     0.035495616       2.0551386       2.0567797    -0.079792132
       5.2100447     0.038486638     0.034018464       2.2270036       2.2290899    -0.093594702
       5.6108174     0.037602896     0.032425383       2.3990148       2.4016201     -0.10848137
       6.0115901     0.036654663     0.030716912       2.5711838       2.5743876     -0.12444739
       6.4123627     0.035642139     0.028893638       2.7435226       2.7474098     -0.14148763
       6.8131354     0.034565541     0.026956195       2.9160429       2.9207042     -0.15959656
       7.2139081     0.033425100     0.024905271       3.0887570       3.0942886     -0.17876821
       7.6146807     0.032221064     0.022741607       3.2616770       3.2681806     -0.19899624
       8.0154534     0.030953700     0.020465999       3.4348154       3.4423981     -0.22027384
       8.4162261     0.029623290     0.018079302       3.6081846       3.6169591     -0.24259378
       8.8169988     0.028230137     0.015582430       3.7817975       3.7918819     -0.26594836
       9.2177714     0.026774559     0.012976365       3.9556668       3.9671847     -0.29032941
       9.6185441     0.025256898     0.010262152       4.1298056       4.1428859     -0.31572829
       10.019317     0.023677514  7.4409076E-003       4.3042273       4.3190041     -0.34213584
       10.420089     0.022036788  4.5138227E-003       4.4789452       4.4955582     -0.36954241
       10.820862     0.020335124  1.4821652E-003       4.6539732       4.6725671     -0.39793779
       11.221635     0.018572950 -1.6527149E-003       4.8293252       4.8500500     -0.42731123
       11.622407     0.016750716 -4.8893818E-003       5.0050153       5.0280261     -0.45765140
       12.023180     0.014868900 -8.2263083E-003       5.1810581       5.2065151     -0.48894638
       12.423953     0.012928005    -0.011661872       5.3574682       5.3855367     -0.52118362
       12.824725     0.010928564    -0.015194347       5.5342607       5.5651109     -0.55434996
       13.225498  8.8711381E-003    -0.018821903       5.7114510       5.7452579     -0.58843153
       13.626271  6.7563221E-003    -0.022542594       5.8890547       5.9259982     -0.62341380
       14.027043  4.5847426E-003    -0.026354355       6.0670879       6.1073525     -0.65928148
       14.427816  2.3570624E-003    -0.030254993       6.2455668       6.2893417     -0.69601857
       14.828589  7.3981920E-005    -0.034242178       6.4245081       6.4719872     -0.73360825
       15.229361 -2.2637582E-003    -0.038313440       6.6039291       6.6553103     -0.77203288
       15.630134 -4.6553745E-003    -0.042466154       6.7838473       6.8393330     -0.81127397
       16.030907 -7.1000379E-003    -0.046697534       6.9642806       7.0240774     -0.85131213
       16.431679 -9.5968704E-003    -0.051004620       7.1452474       7.2095659     -0.89212702
       16.832452    -0.012144942    -0.055384272       7.3267666       7.3958212     -0.93369734
       17.233225    -0.014743265    -0.059833150       7.5088577       7.5828666     -0.97600073
       17.633998    -0.017390794    -0.064347711       7.6915406       7.7707254      -1.0190138
       18.034770    -0.020086418    -0.068924187       7.8748357       7.9594214      -1.0627119
       18.435543    -0.022828956    -0.073558573       8.0587641       8.1489789      -1.1070693
       18.836316    -0.025617151    -0.078246614       8.2433474       8.3394225      -1.1520591
       19.237088    -0.028449666    -0.082983783       8.4286080       8.5307771      -1.1976528
       19.637861    -0.031325078    -0.087765266       8.6145689       8.7230682      -1.2438209
       20.038634    -0.034241868    -0.092585938       8.8012536       8.9163216      -1.2905321
       20.439406    -0.037198413    -0.097440346       8.9886867       9.1105636      -1.3377537
       20.840179    -0.040192983     -0.10232268       9.1768934       9.3058210      -1.3854514
       21.240952    -0.043223723     -0.10722676       9.3658996       9.5021210      -1.4335892
       21.641724    -0.046288651     -0.11214599       9.5557324       9.6994914      -1.4821293
       22.042497    -0.049385641     -0.11707333       9.7464194       9.8979603      -1.5310319
       22.443270    -0.052512410     -0.12200130       9.9379895       10.097557      -1.5802553
       22.844042    -0.055666511     -0.12692188       10.130472       10.298310      -1.6297556
       23.244815    -0.058845308     -0.13182653       10.323899       10.500249      -1.6794867
       23.645588    -0.062045966     -0.13670612       10.518301       10.703406      -1.7294002
       24.046360    -0.065265429     -0.14155089       10.713713       10.907811      -1.7794449
       24.447133    -0.068500401     -0.14635041       10.910167       11.113496      -1.8295671
       24.847906    -0.071747319     -0.15109350       11.107701       11.320493      -1.8797104
       25.248678    -0.075002333     -0.15576819       11.306351       11.528836      -1.9298150
       25.649451    -0.078261272     -0.16036168       11.506156       11.738558      -1.9798182
       26.050224    -0.081519617     -0.16486021       11.707156       11.949693      -2.0296536
       26.450996    -0.084772459     -0.16924903       11.909393       12.162277      -2.0792516
       26.851769    -0.088014466     -0.17351229       12.112911       12.376346      -2.1285381
       27.252542    -0.091239835     -0.17763298       12.317756       12.591937      -2.1774353
       27.653314    -0.094442244     -0.18159278       12.523974       12.809086      -2.2258609
       28.054087    -0.097614794     -0.18537197       12.731616       13.027834      -2.2737276
       28.454860     -0.10074995     -0.18894931       12.940734       13.248218      -2.3209434
       28.855632     -0.10383946     -0.19230190       13.151383       13.470279      -2.3674104
       29.256405     -0.10687430     -0.19540500       13.363618       13.694059      -2.4130254
       29.657178     -0.10984455     -0.19823191       13.577501       13.919600      -2.4576784
       30.057950     -0.11273933     -0.20075371       13.793093       14.146944      -2.5012532
       30.458723     -0.11554665     -0.20293911       14.010461       14.376137      -2.5436259
       30.859496     -0.11825330     -0.20475420       14.229674       14.607222      -2.5846651
       31.260268     -0.12084471     -0.20616215       14.450805       14.840248      -2.6242308
       31.661041     -0.12330475     -0.20712295       14.673931       15.075261      -2.6621740
       32.061814     -0.12561556     -0.20759309       14.899132       15.312310      -2.6983360
       32.462586     -0.12775733     -0.20752512       15.126495       15.551446      -2.7325471
       32.863359     -0.12970804     -0.20686733       15.356109       15.792719      -2.7646265
       33.264132     -0.13144314     -0.20556316       15.588071       16.036183      -2.7943805
       33.664904     -0.13293526     -0.20355077       15.822481       16.281891      -2.8216020
       34.065677     -0.13415378     -0.20076234       16.059447       16.529900      -2.8460690
       34.466450     -0.13506438     -0.19712342       16.299084       16.780266      -2.8675432
       34.867222     -0.13562852     -0.19255214       16.541513       17.033047      -2.8857687
       35.267995     -0.13580281     -0.18695825       16.786863       17.288305      -2.9004701
       35.668768     -0.13553825     -0.18024213       17.035272       17.546101      -2.9113508
       36.069540     -0.13477943     -0.17229356       17.286888       17.806498      -2.9180908
       36.470313     -0.13346345     -0.16299030       17.541869       18.069562      -2.9203441
       36.871086     -0.13151874     -0.15219651       17.800383       18.335361      -2.9177366
       37.271858     -0.12886358     -0.13976083       18.062614       18.603963      -2.9098623
       37.672631     -0.12540444     -0.12551422       18.328755       18.875441      -2.8962805
       38.073404     -0.12103380     -0.10926729       18.599019       19.149867      -2.8765114
       38.474176     -0.11562769    -0.090807337       18.873632       19.427317      -2.8500320
       38.874949     -0.10904260    -0.069894641       19.152841       19.707868      -2.8162705
       39.275722     -0.10111170    -0.046258200       19.436915       19.991602      -2.7746011
       39.676494    -0.091640218    -0.019590539       19.726143       20.278601      -2.7243362
       40.077267    -0.080399684     0.010458506       20.020845       20.568949      -2.6647193

Table series: Data for wavelength : 0.634000 µm.
   Y Angle (deg)       Tan Shift       Sag Shift     Real Height     Ref. Height      Distortion
  --------------  --------------  --------------  --------------  --------------  --------------
      0.00000000      0.17894259      0.17894259      0.00000000      0.00000000      0.00000000
      0.40077267      0.17890608      0.17888152      0.17137905      0.17138049 -8.3599599E-004
      0.80154534      0.17880200      0.17869833      0.34276900      0.34277775 -2.5503482E-003
       1.2023180      0.17863038      0.17839306      0.51418075      0.51420856 -5.4068081E-003
       1.6030907      0.17839126      0.17796581      0.68562522      0.68568971 -9.4047386E-003
       2.0038634      0.17808471      0.17741670      0.85711334      0.85723801    -0.014543024
       2.4046360      0.17771082      0.17674589       1.0286561       1.0288703    -0.020820227
       2.8054087      0.17726968      0.17595358       1.2002645       1.2006035    -0.028234587
       3.2061814      0.17676142      0.17504000       1.3719495       1.3724544    -0.036784013
       3.6069540      0.17618618      0.17400542       1.5437224       1.5444400    -0.046466087
       4.0077267      0.17554412      0.17285017       1.7155942       1.7165774    -0.057278054
       4.4084994      0.17483542      0.17157457       1.8875762       1.8888836    -0.069216821
       4.8092720      0.17406028      0.17017903       2.0596797       2.0613757    -0.082278950
       5.2100447      0.17321894      0.16866398       2.2319160       2.2340710    -0.096460652
       5.6108174      0.17231162      0.16702990       2.4042968       2.4069867     -0.11175778
       6.0115901      0.17133860      0.16527730       2.5768334       2.5801403     -0.12816583
       6.4123627      0.17030017      0.16340674       2.7495377       2.7535491     -0.14567993
       6.8131354      0.16919663      0.16141885       2.9224215       2.9272308     -0.16429480
       7.2139081      0.16802832      0.15931429       3.0954967       3.1012030     -0.18400480
       7.6146807      0.16679561      0.15709377       3.2687753       3.2754836     -0.20480389
       8.0154534      0.16549886      0.15475806       3.4422695       3.4500904     -0.22668561
       8.4162261      0.16413850      0.15230799       3.6159919       3.6250415     -0.24964309
       8.8169988      0.16271497      0.14974444       3.7899548       3.8003552     -0.27366901
       9.2177714      0.16122872      0.14706834       3.9641710       3.9760497     -0.29875562
       9.6185441      0.15968025      0.14428072       4.1386534       4.1521435     -0.32489470
       10.019317      0.15807008      0.14138265       4.3134151       4.3286553     -0.35207758
       10.420089      0.15639878      0.13837528       4.4884693       4.5056039     -0.38029507
       10.820862      0.15466693      0.13525983       4.6638297       4.6830083     -0.40953750
       11.221635      0.15287515      0.13203760       4.8395099       4.8608878     -0.43979465
       11.622407      0.15102412      0.12870997       5.0155239       5.0392617     -0.47105577
       12.023180      0.14911451      0.12527841       5.1918861       5.2181495     -0.50330954
       12.423953      0.14714708      0.12174449       5.3686108       5.3975711     -0.53654408
       12.824725      0.14512261      0.11810987       5.5457130       5.5775466     -0.57074687
       13.225498      0.14304191      0.11437631       5.7232076       5.7580962     -0.60590477
       13.626271      0.14090587      0.11054569       5.9011102       5.9392404     -0.64200398
       14.027043      0.13871541      0.10661998       6.0794365       6.1209999     -0.67903003
       14.427816      0.13647151      0.10260130       6.2582025       6.3033958     -0.71696772
       14.828589      0.13417519     0.098491892       6.4374247       6.4864493     -0.75580112
       15.229361      0.13182755     0.094294124       6.6171200       6.6701822     -0.79551350
       15.630134      0.12942974     0.090010522       6.7973055       6.8546161     -0.83608733
       16.030907      0.12698300     0.085643762       6.9779990       7.0397733     -0.87750425
       16.431679      0.12448861     0.081196686       7.1592184       7.2256762     -0.91974499
       16.832452      0.12194796     0.076672308       7.3409825       7.4123478     -0.96278936
       17.233225      0.11936249     0.072073834       7.5233102       7.5998111      -1.0066162
       17.633998      0.11673375     0.067404663       7.7062210       7.7880897      -1.0512033
       18.034770      0.11406338     0.062668408       7.8897351       7.9772074      -1.0965275
       18.435543      0.11135313     0.057868909       8.0738731       8.1671885      -1.1425643
       18.836316      0.10860484     0.053010244       8.2586562       8.3580576      -1.1892882
       19.237088      0.10582048     0.048096749       8.4441063       8.5498398      -1.2366724
       19.637861      0.10300216     0.043133035       8.6302459       8.7425606      -1.2846889
       20.038634      0.10015209     0.038124006       8.8170982       8.9362459      -1.3333081
       20.439406     0.097272674     0.033074881       9.0046870       9.1309219      -1.3824992
       20.840179     0.094366437     0.027991213       9.1930371       9.3266156      -1.4322297
       21.240952     0.091436095     0.022878917       9.3821738       9.5233543      -1.4824657
       21.641724     0.088484547     0.017744292       9.5721235       9.7211657      -1.5331714
       22.042497     0.085514893     0.012594054       9.7629134       9.9200781      -1.5843093
       22.443270     0.082530454  7.4353613E-003       9.9545715       10.120120      -1.6358400
       22.844042     0.079534790  2.2758493E-003       10.147127       10.321322      -1.6877222
       23.244815     0.076531717 -2.8763323E-003       10.340610       10.523713      -1.7399124
       23.645588     0.073525337 -8.0124817E-003       10.535051       10.727324      -1.7923649
       24.046360     0.070520057    -0.013123302       10.730483       10.932186      -1.8450315
       24.447133     0.067520620    -0.018198856       10.926940       11.138330      -1.8978619
       24.847906     0.064532135    -0.023228515       11.124456       11.345790      -1.9508026
       25.248678     0.061560111    -0.028200903       11.323067       11.554598      -2.0037976
       25.649451     0.058610497    -0.033103838       11.522812       11.764789      -2.0567880
       26.050224     0.055689720    -0.037924266       11.723728       11.976396      -2.1097114
       26.450996     0.052804735    -0.042648186       11.925858       12.189455      -2.1625022
       26.851769     0.049963076    -0.047260577       12.129242       12.404002      -2.2150912
       27.252542     0.047172913    -0.051745305       12.333926       12.620074      -2.2674053
       27.653314     0.044443119    -0.056085029       12.539956       12.837709      -2.3193672
       28.054087     0.041783339    -0.060261099       12.747379       13.056945      -2.3708953
       28.454860     0.039204071    -0.064253435       12.956246       13.277822      -2.4219034
       28.855632     0.036716760    -0.068040403       13.166610       13.500380      -2.4723000
       29.256405     0.034333897    -0.071598671       13.378526       13.724660      -2.5219885
       29.657178     0.032069131    -0.074903052       13.592050       13.950704      -2.5708664
       30.057950     0.029937404    -0.077926331       13.807245       14.178557      -2.6188250
       30.458723     0.027955091    -0.080639067       14.024173       14.408261      -2.6657490
       30.859496     0.026140165    -0.083009384       14.242901       14.639863      -2.7115158
       31.260268     0.024512388    -0.085002724       14.463499       14.873410      -2.7559952
       31.661041     0.023093517    -0.086581582       14.686041       15.108948      -2.7990487
       32.061814     0.021907550    -0.087705201       14.910604       15.346527      -2.8405288
       32.462586     0.020980997    -0.088329237       15.137271       15.586197      -2.8802781
       32.863359     0.020343201    -0.088405376       15.366127       15.828009      -2.9181291
       33.264132     0.020026691    -0.087880906       15.597265       16.072017      -2.9539023
       33.664904     0.020067604    -0.086698232       15.830781       16.318274      -2.9874065
       34.065677     0.020506163    -0.084794329       16.066778       16.566837      -3.0184364
       34.466450     0.021387227    -0.082100115       16.305363       16.817762      -3.0467725
       34.867222     0.022760937    -0.078539743       16.546654       17.071109      -3.0721792
       35.267995     0.024683462    -0.074029794       16.790772       17.326937      -3.0944031
       35.668768     0.027217873    -0.068478343       17.037848       17.585309      -3.1131721
       36.069540     0.030435161    -0.061783898       17.288022       17.846288      -3.1281929
       36.470313     0.034415446    -0.053834172       17.541442       18.109940      -3.1391491
       36.871086     0.039249388    -0.044504663       17.798269       18.376333      -3.1456990
       37.271858     0.045039872    -0.033657005       18.058672       18.645536      -3.1474726
       37.672631     0.051904011    -0.021137054       18.322837       18.917620      -3.1440693
       38.073404     0.059975532 -6.7726453E-003       18.590959       19.192659      -3.1350535
       38.474176     0.069407655  9.6290397E-003       18.863251       19.470729      -3.1199520
       38.874949     0.080376559     0.028284576       19.139944       19.751907      -3.0982484
       39.275722     0.093085594     0.049437972       19.421286       20.036275      -3.0693789
       39.676494      0.10777042     0.073365044       19.707546       20.323915      -3.0327262
       40.077267      0.12470532      0.10037866       19.999019       20.614912      -2.9876129

Table series: Data for wavelength : 0.433000 µm.
   Y Angle (deg)       Tan Shift       Sag Shift     Real Height     Ref. Height      Distortion
  --------------  --------------  --------------  --------------  --------------  --------------
      0.00000000     0.060009160     0.060009160      0.00000000      0.00000000      0.00000000
      0.40077267     0.059977632     0.059950517      0.17097122      0.17097200 -4.5880346E-004
      0.80154534     0.059882204     0.059774608      0.34195357      0.34196073 -2.0962886E-003
       1.2023180     0.059722890     0.059481490      0.51295819      0.51298294 -4.8247658E-003
       1.6030907     0.059499718     0.059071257      0.68399624      0.68405536 -8.6434227E-003
       2.0038634     0.059212723     0.058544043      0.85507889      0.85519478    -0.013551046
       2.4046360     0.058861953     0.057900020       1.0262174       1.0264180    -0.019546072
       2.8054087     0.058447466     0.057139399       1.1974229       1.1977418    -0.026626585
       3.2061814     0.057969332     0.056262430       1.3687068       1.3691831    -0.034790312
       3.6069540     0.057427628     0.055269407       1.5400804       1.5407588    -0.044034622
       4.0077267     0.056822447     0.054160661       1.7115551       1.7124859    -0.054356516
       4.4084994     0.056153888     0.052936569       1.8831424       1.8843814    -0.065752631
       4.8092720     0.055422066     0.051597550       2.0548539       2.0564624    -0.078219226
       5.2100447     0.054627105     0.050144068       2.2267012       2.2287461    -0.091752178
       5.6108174     0.053769138     0.048576634       2.3986960       2.4012497     -0.10634698
       6.0115901     0.052848315     0.046895805       2.5708503       2.5739905     -0.12199872
       6.4123627     0.051864795     0.045102190       2.7431759       2.7469860     -0.13870209
       6.8131354     0.050818749     0.043196446       2.9156849       2.9202537     -0.15645136
       7.2139081     0.049710361     0.041179288       3.0883897       3.0938113     -0.17524040
       7.6146807     0.048539828     0.039051482       3.2613024       3.2676764     -0.19506260
       8.0154534     0.047307361     0.036813854       3.4344357       3.4418671     -0.21591096
       8.4162261     0.046013184     0.034467292       3.6078022       3.6164012     -0.23777797
       8.8169988     0.044657533     0.032012743       3.7814148       3.7912970     -0.26065568
       9.2177714     0.043240661     0.029451224       3.9552864       3.9665727     -0.28453564
       9.6185441     0.041762837     0.026783821       4.1294303       4.1422468     -0.30940891
       10.019317     0.040224341     0.024011691       4.3038600       4.3183379     -0.33526603
       10.420089     0.038625474     0.021136069       4.4785890       4.4948648     -0.36209699
       10.820862     0.036966550     0.018158271       4.6536313       4.6718464     -0.38989124
       11.221635     0.035247904     0.015079696       4.8290008       4.8493018     -0.41863766
       11.622407     0.033469886     0.011901836       5.0047121       5.0272505     -0.44832453
       12.023180     0.031632868  8.6262724E-003       5.1807798       5.2057120     -0.47893950
       12.423953     0.029737240  5.2546911E-003       5.3572187       5.3847060     -0.51046960
       12.824725     0.027783416  1.7888810E-003       5.5340441       5.5642525     -0.54290120
       13.225498     0.025771828 -1.7692569E-003       5.7112715       5.7443717     -0.57621994
       13.626271     0.023702937 -5.4177038E-003       5.8889168       5.9250841     -0.61041078
       14.027043     0.021577226 -9.1543156E-003       6.0669961       6.1064104     -0.64545791
       14.427816     0.019395203    -0.012976816       6.2455261       6.2883716     -0.68134474
       14.828589     0.017157409    -0.016882787       6.4245237       6.4709889     -0.71805386
       15.229361     0.014864410    -0.020869663       6.6040062       6.6542837     -0.75556701
       15.630134     0.012516808    -0.024934718       6.7839913       6.8382780     -0.79386504
       16.030907     0.010115237    -0.029075058       6.9644974       7.0229939     -0.83292785
       16.431679  7.6603681E-003    -0.033287611       7.1455431       7.2084538     -0.87273439
       16.832452  5.1529121E-003    -0.037569113       7.3271476       7.3946804     -0.91326257
       17.233225  2.5936215E-003    -0.041916095       7.5093304       7.5816969     -0.95448924
       17.633998 -1.6705638E-005    -0.046324874       7.6921119       7.7695267     -0.99639011
       18.034770 -2.6772225E-003    -0.050791535       7.8755128       7.9581937      -1.0389397
       18.435543 -5.3870299E-003    -0.055311916       8.0595545       8.1477219      -1.0821114
       18.836316 -8.1451717E-003    -0.059881591       8.2442590       8.3381361      -1.1258771
       19.237088    -0.010950630    -0.064495854       8.4296489       8.5294612      -1.1702074
       19.637861    -0.013802322    -0.069149697       8.6157475       8.7217227      -1.2150716
       20.038634    -0.016699090    -0.073837791       8.8025790       8.9149463      -1.2604374
       20.439406    -0.019639701    -0.078554461       8.9901681       9.1091583      -1.3062707
       20.840179    -0.022622836    -0.083293664       9.1785404       9.3043856      -1.3525360
       21.240952    -0.025647082    -0.088048959       9.3677225       9.5006553      -1.3991959
       21.641724    -0.028710929    -0.092813483       9.5577417       9.6979952      -1.4462111
       22.042497    -0.031812753    -0.097579913       9.7486263       9.8964336      -1.4935404
       22.443270    -0.034950813     -0.10234044       9.9404056       10.095999      -1.5411403
       22.844042    -0.038123236     -0.10708672       10.133110       10.296721      -1.5889654
       23.244815    -0.041328006     -0.11180985       10.326771       10.498630      -1.6369677
       23.645588    -0.044562949     -0.11650031       10.521420       10.701755      -1.6850967
       24.046360    -0.047825721     -0.12114793       10.717093       10.906129      -1.7332994
       24.447133    -0.051113786     -0.12574180       10.913823       11.111782      -1.7815199
       24.847906    -0.054424401     -0.13027029       11.111648       11.318747      -1.8296994
       25.248678    -0.057754596     -0.13472088       11.310605       11.527058      -1.8777757
       25.649451    -0.061101146     -0.13908021       11.510735       11.736747      -1.9256836
       26.050224    -0.064460550     -0.14333389       11.712077       11.947850      -1.9733539
       26.450996    -0.067828998     -0.14746653       11.914674       12.160401      -2.0207140
       26.851769    -0.071202343     -0.15146154       12.118573       12.374437      -2.0676868
       27.252542    -0.074576058     -0.15530112       12.323818       12.589994      -2.1141911
       27.653314    -0.077945200     -0.15896610       12.530459       12.807111      -2.1601410
       28.054087    -0.081304364     -0.16243584       12.738547       13.025824      -2.2054455
       28.454860    -0.084647629     -0.16568807       12.948134       13.246174      -2.2500084
       28.855632    -0.087968497     -0.16869880       13.159278       13.468202      -2.2937276
       29.256405    -0.091259835     -0.17144207       13.372035       13.691947      -2.3364950
       29.657178    -0.094513791     -0.17388985       13.586468       13.917453      -2.3781960
       30.057950    -0.097721716     -0.17601179       13.802641       14.144762      -2.4187085
       30.458723     -0.10087406     -0.17777501       14.020622       14.373919      -2.4579032
       30.859496     -0.10396028     -0.17914382       14.240481       14.604969      -2.4956423
       31.260268     -0.10696867     -0.18007948       14.462294       14.837959      -2.5317791
       31.661041     -0.10988629     -0.18053986       14.686140       15.072935      -2.5661574
       32.061814     -0.11269872     -0.18047907       14.912102       15.309948      -2.5986105
       32.462586     -0.11538995     -0.17984709       15.140269       15.549047      -2.6289603
       32.863359     -0.11794207     -0.17858928       15.370732       15.790283      -2.6570168
       33.264132     -0.12033512     -0.17664589       15.603593       16.033709      -2.6825762
       33.664904     -0.12254672     -0.17395147       15.838954       16.279380      -2.7054206
       34.065677     -0.12455175     -0.17043420       16.076928       16.527350      -2.7253159
       34.466450     -0.12632198     -0.16601516       16.317631       16.777677      -2.7420110
       34.867222     -0.12782556     -0.16060740       16.561192       17.030420      -2.7552358
       35.267995     -0.12902652     -0.15411504       16.807742       17.285638      -2.7646992
       35.668768     -0.12988409     -0.14643203       17.057427       17.543394      -2.7700876
       36.069540     -0.13035195     -0.13744089       17.310398       17.803751      -2.7710621
       36.470313     -0.13037734     -0.12701115       17.566821       18.066775      -2.7672560
       36.871086     -0.12989995     -0.11499759       17.826872       18.332533      -2.7582720
       37.271858     -0.12885066     -0.10123811       18.090740       18.601094      -2.7436789
       37.672631     -0.12714994    -0.085551346       18.358629       18.872529      -2.7230074
       38.073404     -0.12470600    -0.067733738       18.630761       19.146913      -2.6957462
       38.474176     -0.12141247    -0.047556156       18.907373       19.424320      -2.6613370
       38.874949     -0.11714557    -0.024759831       19.188726       19.704828      -2.6191685
       39.275722     -0.11176065  9.4848400E-004       19.475099       19.988518      -2.5685700
       39.676494     -0.10508792     0.029902344       19.766801       20.275473      -2.5088039
       40.077267    -0.096927005     0.062482656       20.064166       20.565777      -2.4390565

Table series: Data for wavelength : 0.685000 µm.
   Y Angle (deg)       Tan Shift       Sag Shift     Real Height     Ref. Height      Distortion
  --------------  --------------  --------------  --------------  --------------  --------------
      0.00000000      0.23503825      0.23503825      0.00000000      0.00000000      0.00000000
      0.40077267      0.23500135      0.23497690      0.17151404      0.17151556 -8.8484783E-004
      0.80154534      0.23489678      0.23479284      0.34303897      0.34304791 -2.6067841E-003
       1.2023180      0.23472456      0.23448613      0.51458565      0.51461383 -5.4758066E-003
       1.6030907      0.23448475      0.23405686      0.68616501      0.68623014 -9.4913350E-003
       2.0038634      0.23417742      0.23350516      0.85778795      0.85791365    -0.014652264
       2.4046360      0.23380266      0.23283119       1.0294654       1.0296812    -0.020957170
       2.8054087      0.23336058      0.23203513       1.2012084       1.2015497    -0.028404307
       3.2061814      0.23285131      0.23111723       1.3730280       1.3735361    -0.036991607
       3.6069540      0.23227500      0.23007776       1.5449352       1.5456573    -0.046716671
       4.0077267      0.23163182      0.22891702       1.7169412       1.7179304    -0.057576771
       4.4084994      0.23092198      0.22763537       1.8890572       1.8903724    -0.069568843
       4.8092720      0.23014568      0.22623319       2.0612945       2.0630004    -0.082689480
       5.2100447      0.22930317      0.22471093       2.2336645       2.2358318    -0.096934929
       5.6108174      0.22839471      0.22306904       2.4061786       2.4088838     -0.11230109
       6.0115901      0.22742058      0.22130805       2.5788484       2.5821738     -0.12878348
       6.4123627      0.22638110      0.21942853       2.7516856       2.7557193     -0.14637728
       6.8131354      0.22527659      0.21743109       2.9247019       2.9295379     -0.16507728
       7.2139081      0.22410742      0.21531638       3.0979093       3.1036473     -0.18487787
       7.6146807      0.22287398      0.21308513       3.2713198       3.2780652     -0.20577308
       8.0154534      0.22157668      0.21073810       3.4449456       3.4528096     -0.22775650
       8.4162261      0.22021595      0.20827610       3.6187991       3.6278986     -0.25082132
       8.8169988      0.21879227      0.20570003       3.7928928       3.8033505     -0.27496030
       9.2177714      0.21730614      0.20301083       3.9672393       3.9791834     -0.30016577
       9.6185441      0.21575810      0.20020950       4.1418515       4.1554160     -0.32642958
       10.019317      0.21414869      0.19729711       4.3167426       4.3320670     -0.35374314
       10.420089      0.21247854      0.19427481       4.4919257       4.5091550     -0.38209734
       10.820862      0.21074826      0.19114382       4.6674144       4.6866993     -0.41148261
       11.221635      0.20895853      0.18790543       4.8432223       4.8647190     -0.44188883
       11.622407      0.20711006      0.18456103       5.0193635       5.0432334     -0.47330534
       12.023180      0.20520361      0.18111208       5.1958522       5.2222622     -0.50572096
       12.423953      0.20323996      0.17756014       5.3727028       5.4018253     -0.53912388
       12.824725      0.20121997      0.17390686       5.5499301       5.5819426     -0.57350172
       13.225498      0.19914451      0.17015401       5.7275492       5.7626345     -0.60884147
       13.626271      0.19701454      0.16630344       5.9055754       5.9439214     -0.64512947
       14.027043      0.19483104      0.16235713       6.0840246       6.1258242     -0.68235138
       14.427816      0.19259506      0.15831720       6.2629126       6.3083639     -0.72049214
       14.828589      0.19030772      0.15418586       6.4422560       6.4915617     -0.75953598
       15.229361      0.18797020      0.14996549       6.6220714       6.6754393     -0.79946634
       15.630134      0.18558373      0.14565859       6.8023762       6.8600186     -0.84026586
       16.030907      0.18314963      0.14126784       6.9831879       7.0453217     -0.88191636
       16.431679      0.18066931      0.13679607       7.1645245       7.2313712     -0.92439875
       16.832452      0.17814424      0.13224627       7.3464046       7.4181899     -0.96769306
       17.233225      0.17557598      0.12762165       7.5288471       7.6058010      -1.0117783
       17.633998      0.17296620      0.12292558       7.7118716       7.7942279      -1.0566326
       18.034770      0.17031667      0.11816166       7.8954980       7.9834947      -1.1022328
       18.435543      0.16762925      0.11333372       8.0797470       8.1736255      -1.1485549
       18.836316      0.16490593      0.10844581       8.2646396       8.3646451      -1.1955735
       19.237088      0.16214884      0.10350226       8.4501978       8.5565785      -1.2432622
       19.637861      0.15936023     0.098507642       8.6364438       8.7494511      -1.2915931
       20.038634      0.15654248     0.093466852       8.8234009       8.9432890      -1.3405371
       20.439406      0.15369817     0.088385076       9.0110929       9.1381185      -1.3900636
       20.840179      0.15083002     0.083267843       9.1995443       9.3339665      -1.4401405
       21.240952      0.14794093     0.078121036       9.3887804       9.5308602      -1.4907341
       21.641724      0.14503403     0.072950924       9.5788275       9.7288275      -1.5418091
       22.042497      0.14211262     0.067764185       9.7697127       9.9278967      -1.5933285
       22.443270      0.13918028     0.062567940       9.9614639       10.128097      -1.6452532
       22.844042      0.13624081     0.057369784       10.154110       10.329457      -1.6975424
       23.244815      0.13329831     0.052177819       10.347681       10.532007      -1.7501529
       23.645588      0.13035716     0.047000698       10.542208       10.735779      -1.8030397
       24.046360      0.12742209     0.041847664       10.737724       10.940802      -1.8561551
       24.447133      0.12449815     0.036728595       10.934261       11.147109      -1.9094492
       24.847906      0.12159081     0.031654056       11.131854       11.354732      -1.9628692
       25.248678      0.11870597     0.026635351       11.330539       11.563705      -2.0163599
       25.649451      0.11584995     0.021684586       11.530354       11.774061      -2.0698627
       26.050224      0.11302964     0.016814730       11.731338       11.985835      -2.1233162
       26.450996      0.11025243     0.012039691       11.933531       12.199062      -2.1766555
       26.851769      0.10752636  7.3743885E-003       12.136975       12.413779      -2.2298121
       27.252542      0.10486013  2.8348459E-003       12.341714       12.630021      -2.2827137
       27.653314      0.10226319 -1.5617199E-003       12.547794       12.847828      -2.3352842
       28.054087     0.099745786 -5.7967924E-003       12.755264       13.067236      -2.3874428
       28.454860     0.097319082 -9.8504414E-003       12.964172       13.288287      -2.4391042
       28.855632     0.094995235    -0.013701196       13.174572       13.511020      -2.4901784
       29.256405     0.092787501    -0.017325905       13.386518       13.735477      -2.5405697
       29.657178     0.090710360    -0.020699582       13.600067       13.961700      -2.5901769
       30.057950     0.088779647    -0.023795232       13.815280       14.189732      -2.6388927
       30.458723     0.087012705    -0.026583661       14.032219       14.419617      -2.6866033
       30.859496     0.085428559    -0.029033265       14.250951       14.651402      -2.7331877
       31.260268     0.084048105    -0.031109788       14.471546       14.885132      -2.7785175
       31.661041     0.082894337    -0.032776063       14.694076       15.120856      -2.8224558
       32.061814     0.081992595    -0.033991709       14.918620       15.358622      -2.8648573
       32.462586     0.081370851    -0.034712801       15.145257       15.598481      -2.9055668
       32.863359     0.081060038    -0.034891496       15.374074       15.840484      -2.9444188
       33.264132     0.081094425    -0.034475610       15.605162       16.084684      -2.9812368
       33.664904     0.081512047    -0.033408139       15.838616       16.331136      -3.0158319
       34.065677     0.082355202    -0.031626726       16.074539       16.579895      -3.0480022
       34.466450     0.083671028    -0.029063040       16.313038       16.831018      -3.0775311
       34.867222     0.085512162    -0.025642089       16.554227       17.084564      -3.1041867
       35.267995     0.087937520    -0.021281414       16.798228       17.340593      -3.1277196
       35.668768     0.091013192    -0.015890190       17.045171       17.599169      -3.1478619
       36.069540     0.094813503 -9.3681747E-003       17.295194       17.860354      -3.1643248
       36.470313     0.099422248 -1.6045074E-003       17.548444       18.124214      -3.1767973
       36.871086      0.10493416  7.5236781E-003       17.805079       18.390816      -3.1849432
       37.271858      0.11145662     0.018152866       18.065269       18.660231      -3.1883989
       37.672631      0.11911174     0.030435031       18.329193       18.932530      -3.1867706
       38.073404      0.12803881     0.044539828       18.597049       19.207786      -3.1796306
       38.474176      0.13839723     0.060657163       18.869045       19.486075      -3.1665141
       38.874949      0.15037006     0.079000210       19.145409       19.767475      -3.1469145
       39.275722      0.16416836     0.099809001       19.426386       20.052067      -3.1202786
       39.676494      0.18003638      0.12335467       19.712243       20.339933      -3.0860012
       40.077267      0.19825804      0.14994457       20.003268       20.631160      -3.0434185
