Results for:	
File:	C:\Users\User\OneDrive - Massachusetts Institute of Technology\Documents\MIT\Grad School\Classes\2.156\Lens Project\Prime Lenses\US005557473_Example03P.zmx
Title:	US 5,557,473 Example 3 (Nikon AF Nikkor 28mm f/2.8D)
Date:	11/7/2025 5:39:13 PM

0 message(s) in output.
3 series table(s) in output.

Table series: Data for wavelength : 0.486133 µm.
   Y Angle (deg)       Tan Shift       Sag Shift     Real Height     Ref. Height      Distortion
  --------------  --------------  --------------  --------------  --------------  --------------
      0.00000000    -0.021094178    -0.021094178      0.00000000      0.00000000      0.00000000
      0.37731615    -0.021139745    -0.021167518      0.18813667      0.18813765 -5.1585847E-004
      0.75463229    -0.021284122    -0.021387488      0.37628404      0.37629161 -2.0123070E-003
       1.1319484    -0.021527248    -0.021753940      0.56445278      0.56447822 -4.5058827E-003
       1.5092646    -0.021869018    -0.022266626      0.75265362      0.75271381 -7.9957795E-003
       1.8865807    -0.022309287    -0.022925196      0.94089728      0.94101473    -0.012480886
       2.2638969    -0.022847867    -0.023729203       1.1291945       1.1293974    -0.017959770
       2.6412130    -0.023484529    -0.024678096       1.3175561       1.3178781    -0.024430676
       3.0185292    -0.024219005    -0.025771223       1.5059930       1.5064734    -0.031891522
       3.3958453    -0.025050984    -0.027007830       1.6945159       1.6951997    -0.040339899
       3.7731615    -0.025980119    -0.028387057       1.8831359       1.8840736    -0.049773062
       4.1504776    -0.027006022    -0.029907937       2.0718639       2.0731117    -0.060187928
       4.5277937    -0.028128269    -0.031569400       2.2607110       2.2623304    -0.071581072
       4.9051099    -0.029346399    -0.033370263       2.4496885       2.4517467    -0.083948717
       5.2824260    -0.030659919    -0.035309232       2.6388074       2.6413771    -0.097286735
       5.6597422    -0.032068298    -0.037384901       2.8280793       2.8312387     -0.11159063
       6.0370583    -0.033570977    -0.039595750       3.0175155       3.0213482     -0.12685555
       6.4143745    -0.035167365    -0.041940136       3.2071275       3.2117227     -0.14307623
       6.7916906    -0.036856843    -0.044416298       3.3969271       3.4023793     -0.16024706
       7.1690068    -0.038638766    -0.047022351       3.5869261       3.5933353     -0.17836201
       7.5463229    -0.040512467    -0.049756282       3.7771364       3.7846078     -0.19741464
       7.9236391    -0.042477254    -0.052615946       3.9675701       3.9762143     -0.21739810
       8.3009552    -0.044532418    -0.055599062       4.1582395       4.1681725     -0.23830511
       8.6782713    -0.046677234    -0.058703214       4.3491569       4.3604998     -0.26012792
       9.0555875    -0.048910966    -0.061925838       4.5403351       4.5532142     -0.28285837
       9.4329036    -0.051232864    -0.065264224       4.7317866       4.7463336     -0.30648777
       9.8102198    -0.053642178    -0.068715507       4.9235246       4.9398760     -0.33100700
       10.187536    -0.056138151    -0.072276665       5.1155623       5.1338597     -0.35640638
       10.564852    -0.058720031    -0.075944509       5.3079129       5.3283030     -0.38267575
       10.942168    -0.061387075    -0.079715681       5.5005902       5.5232247     -0.40980439
       11.319484    -0.064138547    -0.083586643       5.6936081       5.7186433     -0.43778100
       11.696801    -0.066973733    -0.087553674       5.8869807       5.9145778     -0.46659373
       12.074117    -0.069891940    -0.091612858       6.0807224       6.1110473     -0.49623011
       12.451433    -0.072892506    -0.095760078       6.2748479       6.3080711     -0.52667702
       12.828749    -0.075974803    -0.099991011       6.4693722       6.5056687     -0.55792072
       13.206065    -0.079138250     -0.10430111       6.6643107       6.7038599     -0.58994675
       13.583381    -0.082382315     -0.10868560       6.8596789       6.9026646     -0.62273997
       13.960697    -0.085706527     -0.11313947       7.0554930       7.1021029     -0.65628447
       14.338014    -0.089110485     -0.11765746       7.2517691       7.3021954     -0.69056359
       14.715330    -0.092593867     -0.12223402       7.4485241       7.5029626     -0.72555983
       15.092646    -0.096156441     -0.12686337       7.6457752       7.7044255     -0.76125488
       15.469962    -0.099798078     -0.13153939       7.8435399       7.9066053     -0.79762951
       15.847278     -0.10351876     -0.13625569       8.0418361       8.1095234     -0.83466359
       16.224594     -0.10731861     -0.14100554       8.2406825       8.3132016     -0.87233600
       16.601910     -0.11119788     -0.14578188       8.4400980       8.5176619     -0.91062460
       16.979227     -0.11515699     -0.15057728       8.6401019       8.7229267     -0.94950622
       17.356543     -0.11919654     -0.15538393       8.8407145       8.9290186     -0.98895652
       17.733859     -0.12331731     -0.16019364       9.0419562       9.1359607      -1.0289500
       18.111175     -0.12752031     -0.16499778       9.2438483       9.3437762      -1.0694600
       18.488491     -0.13180680     -0.16978728       9.4464125       9.5524890      -1.1104584
       18.865807     -0.13617830     -0.17455258       9.6496714       9.7621229      -1.1519159
       19.243123     -0.14063660     -0.17928364       9.8536481       9.9727024      -1.1938016
       19.620440     -0.14518384     -0.18396987       10.058367       10.184252      -1.2360831
       19.997756     -0.14982249     -0.18860011       10.263851       10.396798      -1.2787265
       20.375072     -0.15455542     -0.19316259       10.470128       10.610365      -1.3216963
       20.752388     -0.15938593     -0.19764493       10.677223       10.824979      -1.3649549
       21.129704     -0.16431778     -0.20203401       10.885163       11.040667      -1.4084630
       21.507020     -0.16935523     -0.20631603       11.093977       11.257455      -1.4521794
       21.884336     -0.17450313     -0.21047637       11.303693       11.475372      -1.4960607
       22.261653     -0.17976692     -0.21449959       11.514343       11.694444      -1.5400612
       22.638969     -0.18515274     -0.21836936       11.725957       11.914701      -1.5841329
       23.016285     -0.19066744     -0.22206836       11.938567       12.136171      -1.6282254
       23.393601     -0.19631873     -0.22557828       12.152208       12.358884      -1.6722855
       23.770917     -0.20211516     -0.22887967       12.366915       12.582869      -1.7162571
       24.148233     -0.20806631     -0.23195193       12.582724       12.808158      -1.7600814
       24.525549     -0.21418280     -0.23477314       12.799673       13.034781      -1.8036962
       24.902866     -0.22047646     -0.23732004       13.017801       13.262769      -1.8470357
       25.280182     -0.22696039     -0.23956784       13.237151       13.492157      -1.8900310
       25.657498     -0.23364915     -0.24149019       13.457763       13.722975      -1.9326088
       26.034814     -0.24055886     -0.24305897       13.679685       13.955258      -1.9746919
       26.412130     -0.24770737     -0.24424419       13.902962       14.189041      -2.0161988
       26.789446     -0.25511443     -0.24501382       14.127643       14.424358      -2.0570430
       27.166762     -0.26280193     -0.24533361       14.353779       14.661245      -2.0971333
       27.544079     -0.27079404     -0.24516690       14.581425       14.899739      -2.1363726
       27.921395     -0.27911752     -0.24447440       14.810636       15.139876      -2.1746584
       28.298711     -0.28780196     -0.24321396       15.041471       15.381696      -2.2118818
       28.676027     -0.29688010     -0.24134031       15.273993       15.625237      -2.2479270
       29.053343     -0.30638815     -0.23880472       15.508266       15.870538      -2.2826712
       29.430659     -0.31636619     -0.23555475       15.744359       16.117641      -2.3159837
       29.807975     -0.32685858     -0.23153379       15.982344       16.366587      -2.3477252
       30.185292     -0.33791445     -0.22668071       16.222298       16.617418      -2.3777475
       30.562608     -0.34958825     -0.22092937       16.464300       16.870178      -2.4058923
       30.939924     -0.36194034     -0.21420809       16.708436       17.124912      -2.4319906
       31.317240     -0.37503768     -0.20643909       16.954796       17.381666      -2.4558619
       31.694556     -0.38895466     -0.19753776       17.203474       17.640484      -2.4773128
       32.071872     -0.40377393     -0.18741195       17.454573       17.901417      -2.4961362
       32.449189     -0.41958742     -0.17596110       17.708199       18.164512      -2.5121098
       32.826505     -0.43649754     -0.16307520       17.964467       18.429819      -2.5249948
       33.203821     -0.45461844     -0.14863373       18.223499       18.697390      -2.5345342
       33.581137     -0.47407755     -0.13250428       18.485424       18.967278      -2.5404514
       33.958453     -0.49501730     -0.11454111       18.750381       19.239536      -2.5424475
       34.335769     -0.51759711    -0.094583374       19.018520       19.514220      -2.5401997
       34.713085     -0.54199570    -0.072453091       19.290000       19.791387      -2.5333583
       35.090402     -0.56841372    -0.047952811       19.564992       20.071093      -2.5215442
       35.467718     -0.59707688    -0.020862830       19.843681       20.353401      -2.5043452
       35.845034     -0.62823950  9.0620589E-003       20.126267       20.638369      -2.4813125
       36.222350     -0.66218868     0.042096423       20.412965       20.926062      -2.4519561
       36.599666     -0.69924926     0.078548767       20.704008       21.216545      -2.4157401
       36.976982     -0.73978949      0.11876701       20.999651       21.509882      -2.3720769
       37.354298     -0.78422785      0.16314506       21.300171       21.806143      -2.3203205
       37.731615     -0.83304104      0.21213082       21.605869       22.105397      -2.2597583

Table series: Data for wavelength : 0.587562 µm.
   Y Angle (deg)       Tan Shift       Sag Shift     Real Height     Ref. Height      Distortion
  --------------  --------------  --------------  --------------  --------------  --------------
      0.00000000 -2.1321458E-004 -2.1321458E-004      0.00000000      0.00000000      0.00000000
      0.37731615 -2.5440945E-004 -2.8627635E-004      0.18835295      0.18835391 -5.0696901E-004
      0.75463229 -3.8164659E-004 -5.0541178E-004      0.37671651      0.37672415 -2.0277174E-003
       1.1319484 -5.9484186E-004 -8.7047119E-004      0.56510130      0.56512708 -4.5617808E-003
       1.5092646 -8.9385341E-004 -1.3812048E-003      0.75351794      0.75357904 -8.1083819E-003
       1.8865807 -1.2784818E-003 -2.0372624E-003      0.94197708      0.94209641    -0.012666431
       2.2638969 -1.7484701E-003 -2.8381928E-003       1.1304894       1.1306956    -0.018234523
       2.6412130 -2.3035046E-003 -3.7834431E-003       1.3190656       1.3193930    -0.024810938
       3.0185292 -2.9432148E-003 -4.8723577E-003       1.5077165       1.5082051    -0.032393635
       3.3958453 -3.6671741E-003 -6.1041775E-003       1.6964529       1.6971483    -0.040980249
       3.7731615 -4.4749005E-003 -7.4780382E-003       1.8852855       1.8862393    -0.050568090
       4.1504776 -5.3658568E-003 -8.9929698E-003       2.0742254       2.0754947    -0.061154135
       4.5277937 -6.3394520E-003    -0.010647894       2.2632835       2.2649309    -0.072735025
       4.9051099 -7.3950417E-003    -0.012441622       2.4524710       2.4545649    -0.085307058
       5.2824260 -8.5319289E-003    -0.014372857       2.6417989       2.6444134    -0.098866185
       5.6597422 -9.7493657E-003    -0.016440183       2.8312786       2.8344931     -0.11340800
       6.0370583    -0.011046554    -0.018642072       3.0209214       3.0248212     -0.12892773
       6.4143745    -0.012422646    -0.020976877       3.2107387       3.2154145     -0.14542024
       6.7916906    -0.013876747    -0.023442828       3.4007421       3.4062903     -0.16288001
       7.1690068    -0.015407917    -0.026038032       3.5909435       3.5974657     -0.18130112
       7.5463229    -0.017015170    -0.028760466       3.7813545       3.7889581     -0.20067728
       7.9236391    -0.018697480    -0.031607979       3.9719873       3.9807849     -0.22100175
       8.3009552    -0.020453779    -0.034578282       4.1628540       4.1729637     -0.24226739
       8.6782713    -0.022282959    -0.037668948       4.3539668       4.3655121     -0.26446663
       9.0555875    -0.024183879    -0.040877407       4.5453383       4.5584480     -0.28759143
       9.4329036    -0.026155364    -0.044200940       4.7369812       4.7517894     -0.31163331
       9.8102198    -0.028196206    -0.047636675       4.9289084       4.9455543     -0.33658328
       10.187536    -0.030305171    -0.051181580       5.1211328       5.1397609     -0.36243189
       10.564852    -0.032481002    -0.054832460       5.3136679       5.3344278     -0.38916915
       10.942168    -0.034722417    -0.058585950       5.5065271       5.5295735     -0.41678455
       11.319484    -0.037028122    -0.062438504       5.6997242       5.7252167     -0.44526702
       11.696801    -0.039396805    -0.066386396       5.8932733       5.9213764     -0.47460494
       12.074117    -0.041827149    -0.070425706       6.0871886       6.1180718     -0.50478606
       12.451433    -0.044317831    -0.074552312       6.2814847       6.3153221     -0.53579755
       12.828749    -0.046867532    -0.078761886       6.4761765       6.5131469     -0.56762591
       13.206065    -0.049474938    -0.083049882       6.6712792       6.7115659     -0.60025697
       13.583381    -0.052138750    -0.087411525       6.8668083       6.9105991     -0.63367588
       13.960697    -0.054857687    -0.091841801       7.0627796       7.1102667     -0.66786706
       14.338014    -0.057630498    -0.096335448       7.2592093       7.3105891     -0.70281414
       14.715330    -0.060455967     -0.10088694       7.4561141       7.5115871     -0.73849999
       15.092646    -0.063332920     -0.10549048       7.6535109       7.7132816     -0.77490663
       15.469962    -0.066260237     -0.11013998       7.8514171       7.9156938     -0.81201524
       15.847278    -0.069236862     -0.11482905       8.0498507       8.1188451     -0.84980605
       16.224594    -0.072261813     -0.11955097       8.2488298       8.3227574     -0.88825837
       16.601910    -0.075334194     -0.12429871       8.4483734       8.5274528     -0.92735050
       16.979227    -0.078453208     -0.12906485       8.6485006       8.7329535     -0.96705971
       17.356543    -0.081618171     -0.13384163       8.8492314       8.9392823      -1.0073621
       17.733859    -0.084828529     -0.13862087       9.0505861       9.1464623      -1.0482328
       18.111175    -0.088083872     -0.14339397       9.2525857       9.3545167      -1.0896456
       18.488491    -0.091383955     -0.14815192       9.4552517       9.5634694      -1.1315729
       18.865807    -0.094728717     -0.15288521       9.6586066       9.7733443      -1.1739859
       19.243123    -0.098118302     -0.15758385       9.8626731       9.9841659      -1.2168545
       19.620440     -0.10155308     -0.16223730       10.067475       10.195959      -1.2601470
       19.997756     -0.10503369     -0.16683448       10.273037       10.408749      -1.3038299
       20.375072     -0.10856103     -0.17136372       10.479383       10.622561      -1.3478686
       20.752388     -0.11213634     -0.17581269       10.686541       10.837422      -1.3922262
       21.129704     -0.11576119     -0.18016842       10.894536       11.053358      -1.4368642
       21.507020     -0.11943754     -0.18441718       11.103397       11.270395      -1.4817423
       21.884336     -0.12316780     -0.18854451       11.313153       11.488563      -1.5268179
       22.261653     -0.12695481     -0.19253509       11.523834       11.707887      -1.5720462
       22.638969     -0.13080198     -0.19637276       11.735469       11.928397      -1.6173804
       23.016285     -0.13471325     -0.20004038       11.948093       12.150122      -1.6627708
       23.393601     -0.13869324     -0.20351983       12.161738       12.373090      -1.7081655
       23.770917     -0.14274724     -0.20679190       12.376438       12.597333      -1.7535097
       24.148233     -0.14688134     -0.20983621       12.592230       12.822881      -1.7987456
       24.525549     -0.15110247     -0.21263113       12.809151       13.049764      -1.8438123
       24.902866     -0.15541851     -0.21515368       13.027240       13.278015      -1.8886457
       25.280182     -0.15983839     -0.21737944       13.246538       13.507665      -1.9331779
       25.657498     -0.16437220     -0.21928241       13.467088       13.738749      -1.9773375
       26.034814     -0.16903127     -0.22083490       13.688933       13.971300      -2.0210490
       26.412130     -0.17382839     -0.22200737       13.912119       14.205351      -2.0642324
       26.789446     -0.17877786     -0.22276831       14.136696       14.440938      -2.1068034
       27.166762     -0.18389573     -0.22308404       14.362714       14.678098      -2.1486725
       27.544079     -0.18919997     -0.22291854       14.590224       14.916866      -2.1897450
       27.921395     -0.19471064     -0.22223323       14.819284       15.157279      -2.2299206
       28.298711     -0.20045016     -0.22098675       15.049951       15.399377      -2.2690929
       28.676027     -0.20644355     -0.21913469       15.282286       15.643198      -2.3071487
       29.053343     -0.21271876     -0.21662934       15.516353       15.888781      -2.3439681
       29.430659     -0.21930690     -0.21341933       15.752220       16.136168      -2.3794234
       29.807975     -0.22624272     -0.20944928       15.989958       16.385400      -2.4133786
       30.185292     -0.23356495     -0.20465944       16.229642       16.636519      -2.4456889
       30.562608     -0.24131678     -0.19898522       16.471351       16.889570      -2.4762000
       30.939924     -0.24954638     -0.19235665       16.715168       17.144597      -2.5047470
       31.317240     -0.25830752     -0.18469791       16.961183       17.401645      -2.5311537
       31.694556     -0.26766022     -0.17592658       17.209489       17.660762      -2.5552317
       32.071872     -0.27767150     -0.16595298       17.460184       17.921994      -2.5767789
       32.449189     -0.28841630     -0.15467935       17.713375       18.185392      -2.5955789
       32.826505     -0.29997842     -0.14199885       17.969175       18.451004      -2.6113992
       33.203821     -0.31245170     -0.12779454       18.227701       18.718883      -2.6239894
       33.581137     -0.32594129     -0.11193813       18.489083       18.989081      -2.6330804
       33.958453     -0.34056516    -0.094288529       18.753456       19.261652      -2.6383814
       34.335769     -0.35645582    -0.074690239       19.020966       19.536652      -2.6395787
       34.713085     -0.37376230    -0.052971415       19.291770       19.814136      -2.6363324
       35.090402     -0.39265246    -0.028941660       19.566035       20.094165      -2.6282743
       35.467718     -0.41331564 -2.3894163E-003       19.843942       20.376796      -2.6150043
       35.845034     -0.43596579     0.026921084       20.125687       20.662093      -2.5960870
       36.222350     -0.46084505     0.059253427       20.411479       20.950117      -2.5710475
       36.599666     -0.48822801     0.094903291       20.701548       21.240933      -2.5393666
       36.976982     -0.51842665      0.13420355       20.996140       21.534607      -2.5004754
       37.354298     -0.55179622      0.17753039       21.295526       21.831209      -2.4537491
       37.731615     -0.58874211      0.22531070       21.600000       22.130807      -2.3984991

Table series: Data for wavelength : 0.656273 µm.
   Y Angle (deg)       Tan Shift       Sag Shift     Real Height     Ref. Height      Distortion
  --------------  --------------  --------------  --------------  --------------  --------------
      0.00000000     0.045100598     0.045100598      0.00000000      0.00000000      0.00000000
      0.37731615     0.045061441     0.045027655      0.18849852      0.18849956 -5.4696192E-004
      0.75463229     0.044941920     0.044808876      0.37700763      0.37701546 -2.0763720E-003
       1.1319484     0.044742129     0.044444411      0.56553792      0.56556407 -4.6248269E-003
       1.5092646     0.044462227     0.043934511      0.75409999      0.75416176 -8.1915842E-003
       1.8865807     0.044102437     0.043279529      0.94270446      0.94282491    -0.012775562
       2.2638969     0.043663046     0.042479918       1.1313620       1.1315699    -0.018375366
       2.6412130     0.043144405     0.041536233       1.3200833       1.3204132    -0.024989289
       3.0185292     0.042546930     0.040449134       1.5088790       1.5093713    -0.032615304
       3.3958453     0.041871097     0.039219383       1.6977601       1.6984607    -0.041251065
       3.7731615     0.041117449     0.037847849       1.8867372       1.8876979    -0.050893900
       4.1504776     0.040286587     0.036335507       2.0758213       2.0770996    -0.061540810
       4.5277937     0.039379177     0.034683440       2.2650234       2.2666824    -0.073188460
       4.9051099     0.038395943     0.032892842       2.4543545       2.4564630    -0.085833176
       5.2824260     0.037337671     0.030965018       2.6438258       2.6464582    -0.099470937
       5.6597422     0.036205205     0.028901389       2.8334484       2.8366850     -0.11409737
       6.0370583     0.034999447     0.026703490       3.0232337       3.0271602     -0.12970774
       6.4143745     0.033721358     0.024372977       3.2131932       3.2179009     -0.14629695
       6.7916906     0.032371952     0.021911628       3.4033385       3.4089243     -0.16385951
       7.1690068     0.030952301     0.019321344       3.5936811       3.6002476     -0.18238956
       7.5463229     0.029463527     0.016604157       3.7842329       3.7918880     -0.20188084
       7.9236391     0.027906806     0.013762228       3.9750060       3.9838632     -0.22232667
       8.3009552     0.026283361     0.010797855       4.1660123       4.1761905     -0.24371997
       8.6782713     0.024594468  7.7134749E-003       4.3572643       4.3688879     -0.26605321
       9.0555875     0.022841444  4.5116698E-003       4.5487744       4.5619730     -0.28931841
       9.4329036     0.021025653  1.1951693E-003       4.7405551       4.7554638     -0.31350715
       9.8102198     0.019148499 -2.2331426E-003       4.9326194       4.9493785     -0.33861053
       10.187536     0.017211426 -5.7702235E-003       5.1249804       5.1437354     -0.36461914
       10.564852     0.015215913 -9.4128656E-003       5.3176511       5.3385528     -0.39152308
       10.942168     0.013163474    -0.013157690       5.5106453       5.5338494     -0.41931191
       11.319484     0.011055650    -0.017001141       5.7039765       5.7296439     -0.44797466
       11.696801  8.8940113E-003    -0.020939476       5.8976589       5.9259553     -0.47749976
       12.074117  6.6801480E-003    -0.024968763       6.0917066       6.1228027     -0.50787509
       12.451433  4.4156694E-003    -0.029084868       6.2861341       6.3202056     -0.53908788
       12.828749  2.1021980E-003    -0.033283448       6.4809563       6.5181833     -0.57112474
       13.206065 -2.5863543E-004    -0.037559942       6.6761884       6.7167557     -0.60397162
       13.583381 -2.6651967E-003    -0.041909563       6.8718459       6.9159429     -0.63761377
       13.960697 -5.1158550E-003    -0.046327282       7.0679444       7.1157649     -0.67203570
       14.338014 -7.6089885E-003    -0.050807823       7.2645002       7.3162422     -0.70722120
       14.715330    -0.010142992    -0.055345648       7.4615299       7.5173957     -0.74315325
       15.092646    -0.012716283    -0.059934942       7.6590503       7.7192461     -0.77981400
       15.469962    -0.015327314    -0.064569604       7.8570789       7.9218148     -0.81718476
       15.847278    -0.017974575    -0.069243229       8.0556334       8.1251232     -0.85524593
       16.224594    -0.020656610    -0.073949093       8.2547322       8.3291932     -0.89397696
       16.601910    -0.023372022    -0.078680137       8.4543938       8.5340468     -0.93335631
       16.979227    -0.026119490    -0.083428945       8.6546376       8.7397065     -0.97336142
       17.356543    -0.028897776    -0.088187730       8.8554833       8.9461949      -1.0139686
       17.733859    -0.031705743    -0.092948309       9.0569512       9.1535350      -1.0551531
       18.111175    -0.034542370    -0.097702083       9.2590624       9.3617504      -1.0968889
       18.488491    -0.037406765     -0.10244001       9.4618382       9.5708646      -1.1391487
       18.865807    -0.040298187     -0.10715258       9.6653009       9.7809017      -1.1819039
       19.243123    -0.043216063     -0.11182979       9.8694733       9.9918864      -1.2251245
       19.620440    -0.046160011     -0.11646111       10.074379       10.203843      -1.2687791
       19.997756    -0.049129862     -0.12103546       10.280042       10.416798      -1.3128347
       20.375072    -0.052125689     -0.12554114       10.486488       10.630775      -1.3572565
       20.752388    -0.055147830     -0.12996584       10.693743       10.845802      -1.4020082
       21.129704    -0.058196925     -0.13429658       10.901834       11.061905      -1.4470516
       21.507020    -0.061273946     -0.13851965       11.110787       11.279111      -1.4923466
       21.884336    -0.064380236     -0.14262058       11.320633       11.497446      -1.5378509
       22.261653    -0.067517549     -0.14658408       11.531400       11.716940      -1.5835202
       22.638969    -0.070688099     -0.15039399       11.743120       11.937621      -1.6293078
       23.016285    -0.073894602     -0.15403321       11.955825       12.159517      -1.6751647
       23.393601    -0.077140342     -0.15748363       12.169548       12.382658      -1.7210393
       23.770917    -0.080429221     -0.16072606       12.384323       12.607074      -1.7668771
       24.148233    -0.083765833     -0.16374017       12.600186       12.832796      -1.8126209
       24.525549    -0.087155535     -0.16650438       12.817175       13.059855      -1.8582102
       24.902866    -0.090604530     -0.16899576       13.035329       13.288282      -1.9035814
       25.280182    -0.094119957     -0.17118995       13.254688       13.518111      -1.9486673
       25.657498    -0.097709993     -0.17306100       13.475293       13.749373      -1.9933970
       26.034814     -0.10138396     -0.17458132       13.697191       13.982103      -2.0376955
       26.412130     -0.10515246     -0.17572147       13.920425       14.216336      -2.0814837
       26.789446     -0.10902750     -0.17645004       14.145045       14.452105      -2.1246777
       27.166762     -0.11302266     -0.17673348       14.371100       14.689448      -2.1671890
       27.544079     -0.11715324     -0.17653590       14.598644       14.928401      -2.2089236
       27.921395     -0.12143648     -0.17581890       14.827731       15.169000      -2.2497821
       28.298711     -0.12589176     -0.17454130       15.058419       15.411285      -2.2896589
       28.676027     -0.13054084     -0.17265891       15.290770       15.655294      -2.3284420
       29.053343     -0.13540814     -0.17012425       15.524846       15.901067      -2.3660123
       29.430659     -0.14052103     -0.16688622       15.760716       16.148645      -2.4022433
       29.807975     -0.14591015     -0.16288978       15.998449       16.398070      -2.4370004
       30.185292     -0.15160985     -0.15807552       16.238121       16.649384      -2.4701399
       30.562608     -0.15765858     -0.15237926       16.479810       16.902631      -2.5015090
       30.939924     -0.16409937     -0.14573151       16.723599       17.157855      -2.5309444
       31.317240     -0.17098041     -0.13805696       16.969576       17.415102      -2.5582714
       31.694556     -0.17835569     -0.12927381       17.217835       17.674419      -2.5833034
       32.071872     -0.18628565     -0.11929307       17.468473       17.935853      -2.6058405
       32.449189     -0.19483807     -0.10801777       17.721597       18.199454      -2.6256681
       32.826505     -0.20408896    -0.095341975       17.977316       18.465272      -2.6425561
       33.203821     -0.21412359    -0.081149800       18.235752       18.733358      -2.6562569
       33.581137     -0.22503779    -0.065314138       18.497028       19.003765      -2.6665038
       33.958453     -0.23693926    -0.047695287       18.761283       19.276546      -2.6730092
       34.335769     -0.24994923    -0.028139335       19.028659       19.551759      -2.6754627
       34.713085     -0.26420429 -6.4762830E-003       19.299312       19.829458      -2.6735281
       35.090402     -0.27985858     0.017482129       19.573409       20.109703      -2.6668412
       35.467718     -0.29708623     0.043944968       19.851130       20.392553      -2.6550065
       35.845034     -0.31608429     0.073145098       20.132667       20.678070      -2.6375934
       36.222350     -0.33707610      0.10534270       20.418229       20.966317      -2.6141328
       36.599666     -0.36031526      0.14082945       20.708044       21.257358      -2.5841116
       36.976982     -0.38609026      0.17993351       21.002356       21.551260      -2.5469681
       37.354298     -0.41472993      0.22302544       21.301433       21.848090      -2.5020850
       37.731615     -0.44660988      0.27052548       21.605566       22.147920      -2.4487828
