Results for:	
File:	C:\Users\User\OneDrive - Massachusetts Institute of Technology\Documents\MIT\Grad School\Classes\2.156\Lens Project\Prime Lenses\US20110286106_Example01P.zmx
Title:	US 2011/0286106 Example 1 (Sony E PZ 18-200 mm F3.5-6.3 OSS)
Date:	11/7/2025 5:52:10 PM

0 message(s) in output.
3 series table(s) in output.

Table series: Data for wavelength : 0.486133 µm.
   Y Angle (deg)       Tan Shift       Sag Shift     Real Height     Ref. Height      Distortion
  --------------  --------------  --------------  --------------  --------------  --------------
      0.00000000 -2.8598048E-004 -2.8598048E-004      0.00000000      0.00000000      0.00000000
      0.39232018 -3.4626115E-004 -3.1511754E-004      0.12629622      0.12629728 -8.4174150E-004
      0.78464037 -5.2554962E-004 -4.0249166E-004      0.25259790      0.25260641 -3.3668694E-003
       1.1769605 -8.2339777E-004 -5.4799163E-004      0.37891052      0.37893922 -7.5751102E-003
       1.5692807 -1.2390619E-003 -7.5143198E-004      0.50523954      0.50530759    -0.013466005
       1.9616009 -1.7715020E-003 -1.0125528E-003      0.63159047      0.63172338    -0.021038912
       2.3539211 -2.4193811E-003 -1.3310197E-003      0.75796879      0.75819847    -0.030293003
       2.7462413 -3.1810642E-003 -1.7064232E-003      0.88438003      0.88474478    -0.041227268
       3.1385615 -4.0546170E-003 -2.1382785E-003       1.0108297       1.0113743    -0.053840509
       3.5308816 -5.0378042E-003 -2.6260254E-003       1.1373234       1.1380988    -0.068131343
       3.9232018 -6.1280881E-003 -3.1690273E-003       1.2638668       1.2649306    -0.084098201
       4.3155220 -7.3226266E-003 -3.7665709E-003       1.3904654       1.3918815     -0.10173932
       4.7078422 -8.6182715E-003 -4.4178658E-003       1.5171249       1.5189636     -0.12105277
       5.1001624    -0.010011566 -5.1220435E-003       1.6438510       1.6461892     -0.14203638
       5.4924826    -0.011498742 -5.8781571E-003       1.7706495       1.7735704     -0.16468785
       5.8848027    -0.013075720 -6.6851802E-003       1.8975262       1.9011194     -0.18900464
       6.2771229    -0.014738104 -7.5420062E-003       2.0244869       2.0288486     -0.21498402
       6.6694431    -0.016481181 -8.4474476E-003       2.1515375       2.1567703     -0.24262307
       7.0617633    -0.018299918 -9.4002347E-003       2.2786840       2.2848971     -0.27191866
       7.4540835    -0.020188960    -0.010399015       2.4059325       2.4132414     -0.30286746
       7.8464037    -0.022142628    -0.011442353       2.5332889       2.5418159     -0.33546592
       8.2387238    -0.024154917    -0.012528728       2.6607596       2.6706332     -0.36971026
       8.6310440    -0.026219496    -0.013656532       2.7883508       2.7997063     -0.40559651
       9.0233642    -0.028329705    -0.014824072       2.9160687       2.9290479     -0.44312045
       9.4156844    -0.030478556    -0.016029567       3.0439198       3.0586711     -0.48227762
       9.8080046    -0.032658730    -0.017271145       3.1719107       3.1885891     -0.52306333
       10.200325    -0.034862581    -0.018546846       3.3000479       3.3188149     -0.56547262
       10.592645    -0.037082137    -0.019854618       3.4283382       3.4493621     -0.60950029
       10.984965    -0.039309100    -0.021192317       3.5567884       3.5802440     -0.65514084
       11.377285    -0.041534851    -0.022557704       3.6854054       3.7114744     -0.70238849
       11.769605    -0.043750453    -0.023948449       3.8141963       3.8430668     -0.75123716
       12.161926    -0.045946659    -0.025362124       3.9431682       3.9750353     -0.80168045
       12.554246    -0.048113918    -0.026796205       4.0723285       4.1073938     -0.85371162
       12.946566    -0.050242384    -0.028248072       4.2016847       4.2401566     -0.90732356
       13.338886    -0.052321928    -0.029715007       4.3312443       4.3733381     -0.96250881
       13.731206    -0.054342150    -0.031194192       4.4610151       4.5069527      -1.0192595
       14.123527    -0.056292394    -0.032682711       4.5910051       4.6410151      -1.0775673
       14.515847    -0.058161771    -0.034177549       4.7212222       4.7755403      -1.1374233
       14.908167    -0.059939173    -0.035675589       4.8516749       4.9105434      -1.1988185
       15.300487    -0.061613304    -0.037173616       4.9823715       5.0460396      -1.2617428
       15.692807    -0.063172704    -0.038668312       5.1133208       5.1820444      -1.3261860
       16.085127    -0.064605786    -0.040156263       5.2445316       5.3185734      -1.3921369
       16.477448    -0.065900865    -0.041633950       5.3760130       5.4556427      -1.4595840
       16.869768    -0.067046209    -0.043097760       5.5077744       5.5932684      -1.5285147
       17.262088    -0.068030080    -0.044543979       5.6398254       5.7314668      -1.5989159
       17.654408    -0.068840785    -0.045968796       5.7721758       5.8702545      -1.6707734
       18.046728    -0.069466742    -0.047368304       5.9048358       6.0096485      -1.7440723
       18.439049    -0.069896537    -0.048738502       6.0378159       6.1496658      -1.8187965
       18.831369    -0.070119005    -0.050075299       6.1711268       6.2903239      -1.8949288
       19.223689    -0.070123304    -0.051374510       6.3047796       6.4316405      -1.9724510
       19.616009    -0.069899008    -0.052631866       6.4387858       6.5736336      -2.0513432
       20.008329    -0.069436208    -0.053843013       6.5731573       6.7163214      -2.1315844
       20.400649    -0.068725613    -0.055003516       6.7079064       6.8597225      -2.2131518
       20.792970    -0.067758679    -0.056108863       6.8430459       7.0038559      -2.2960212
       21.185290    -0.066527727    -0.057154469       6.9785888       7.1487407      -2.3801661
       21.577610    -0.065026092    -0.058135682       7.1145490       7.2943966      -2.4655583
       21.969930    -0.063248288    -0.059047783       7.2509408       7.4408435      -2.5521671
       22.362250    -0.061190152    -0.059885999       7.3877790       7.5881018      -2.6399595
       22.754571    -0.058849045    -0.060645500       7.5250791       7.7361920      -2.7288999
       23.146891    -0.056224038    -0.061321412       7.6628573       7.8851353      -2.8189496
       23.539211    -0.053316125    -0.061908817       7.8011307       8.0349532      -2.9100667
       23.931531    -0.050128452    -0.062402763       7.9399169       8.1856675      -3.0022059
       24.323851    -0.046666550    -0.062798266       8.0792346       8.3373006      -3.0953180
       24.716172    -0.042938598    -0.063090319       8.2191035       8.4898753      -3.1893495
       25.108492    -0.038955690    -0.063273894       8.3595441       8.6434148      -3.2842425
       25.500812    -0.034732119    -0.063343948       8.5005781       8.7979428      -3.3799338
       25.893132    -0.030285677    -0.063295426       8.6422287       8.9534835      -3.4763549
       26.285452    -0.025637961    -0.063123263       8.7845199       9.1100617      -3.5734311
       26.677772    -0.020814687    -0.062822383       8.9274777       9.2677026      -3.6710810
       27.070093    -0.015846018    -0.062387695       9.0711294       9.4264320      -3.7692161
       27.462413    -0.010766872    -0.061814092       9.2155040       9.5862762      -3.8677397
       27.854733 -5.6172453E-003    -0.061096434       9.3606325       9.7472622      -3.9665463
       28.247053 -4.4250219E-004    -0.060229540       9.5065481       9.9094175      -4.0655209
       28.639373  4.7063580E-003    -0.059208158       9.6532860       10.072770      -4.1645376
       29.031694  9.7724758E-003    -0.058026942       9.8008842       10.237349      -4.2634591
       29.424014     0.014692974    -0.056680407       9.9493832       10.403184      -4.3621350
       29.816334     0.019398890    -0.055162874       10.098827       10.570305      -4.4604008
       30.208654     0.023815229    -0.053468406       10.249262       10.738742      -4.5580763
       30.600974     0.027861191    -0.051590711       10.400740       10.908528      -4.6549640
       30.993294     0.031450621    -0.049523030       10.553315       11.079695      -4.7508472
       31.385615     0.034492758    -0.047257991       10.707048       11.252275      -4.8454883
       31.777935     0.036893390    -0.044787421       10.862001       11.426304      -4.9386259
       32.170255     0.038556528    -0.042102112       11.018247       11.601815      -5.0299728
       32.562575     0.039386781    -0.039191524       11.175860       11.778844      -5.1192126
       32.954895     0.039292642    -0.036043410       11.334926       11.957429      -5.2059971
       33.347216     0.038190990    -0.032643342       11.495534       12.137606      -5.2899417
       33.739536     0.036013186    -0.028974113       11.657785       12.319414      -5.3706220
       34.131856     0.032713291    -0.025014976       11.821790       12.502893      -5.4475685
       34.524176     0.028279094    -0.020740681       11.987668       12.688083      -5.5202615
       34.916496     0.022746906    -0.016120241       12.155554       12.875026      -5.5881244
       35.308816     0.016221372    -0.011115359       12.325595       13.063765      -5.6505173
       35.701137  8.9020481E-003 -5.6783970E-003       12.497954       13.254343      -5.7067281
       36.093457  1.1191287E-003  2.5024609E-004       12.672813       13.446806      -5.7559634
       36.485777 -6.6184254E-003  6.7455475E-003       12.850374       13.641200      -5.7973379
       36.878097    -0.013557791     0.013902335       13.030862       13.837573      -5.8298613
       37.270417    -0.018613920     0.021841179       13.214530       14.035974      -5.8524242
       37.662738    -0.020249049     0.030716241       13.401659       14.236454      -5.8637807
       38.055058    -0.016307671     0.040725796       13.592570       14.439064      -5.8625287
       38.447378 -3.7894342E-003     0.052126489       13.787619       14.643858      -5.8470859
       38.839698     0.021464678     0.065252862       13.987213       14.850890      -5.8156612
       39.232018     0.065207621     0.080544432       14.191813       15.060218      -5.7662185

Table series: Data for wavelength : 0.587562 µm.
   Y Angle (deg)       Tan Shift       Sag Shift     Real Height     Ref. Height      Distortion
  --------------  --------------  --------------  --------------  --------------  --------------
      0.00000000 -4.6643723E-004 -4.6643723E-004      0.00000000      0.00000000      0.00000000
      0.39232018 -5.3137280E-004 -4.9697707E-004      0.12644982      0.12645088 -8.4389137E-004
      0.78464037 -7.2347295E-004 -5.8855903E-004      0.25290509      0.25291363 -3.3754762E-003
       1.1769605 -1.0422836E-003 -7.4107040E-004      0.37937128      0.37940009 -7.5944936E-003
       1.5692807 -1.4870511E-003 -9.5432319E-004      0.50585384      0.50592214    -0.013500508
       1.9616009 -2.0567216E-003 -1.2280540E-003      0.63235827      0.63249168    -0.021092908
       2.3539211 -2.7499402E-003 -1.5619238E-003      0.75889004      0.75912059    -0.030370909
       2.7462413 -3.5650501E-003 -1.9555177E-003      0.88545467      0.88582081    -0.041333549
       3.1385615 -4.5000909E-003 -2.4083444E-003       1.0120577       1.0126043    -0.053979692
       3.5308816 -5.5527975E-003 -2.9198360E-003       1.1387046       1.1394830    -0.068308026
       3.9232018 -6.7205981E-003 -3.4893474E-003       1.2654011       1.2664690    -0.084317059
       4.3155220 -8.0006125E-003 -4.1161559E-003       1.3921528       1.3935743     -0.10200512
       4.7078422 -9.3896500E-003 -4.7994603E-003       1.5189652       1.5208110     -0.12137037
       5.1001624    -0.010884208 -5.5383807E-003       1.6458441       1.6481913     -0.14241078
       5.4924826    -0.012480467 -6.3319576E-003       1.7727952       1.7757274     -0.16512414
       5.8848027    -0.014174294 -7.1791511E-003       1.8998244       1.9034315     -0.18950804
       6.2771229    -0.015961234 -8.0788399E-003       2.0269374       2.0313161     -0.21555993
       6.6694431    -0.017836512 -9.0298213E-003       2.1541401       2.1593934     -0.24327702
       7.0617633    -0.019795027    -0.010030809       2.2814385       2.2876760     -0.27265636
       7.4540835    -0.021831355    -0.011080434       2.4088386       2.4161764     -0.30369479
       7.8464037    -0.023939744    -0.012177242       2.5363464       2.5449072     -0.33638897
       8.2387238    -0.026114111    -0.013319692       2.6639682       2.6738812     -0.37073533
       8.6310440    -0.028348046    -0.014506158       2.7917102       2.8031113     -0.40673011
       9.0233642    -0.030634804    -0.015734926       2.9195786       2.9326102     -0.44436933
       9.4156844    -0.032967314    -0.017004193       3.0475799       3.0623911     -0.48364879
       9.8080046    -0.035338169    -0.018312066       3.1757205       3.1924670     -0.52456407
       10.200325    -0.037739635    -0.019656562       3.3040070       3.3228513     -0.56711049
       10.592645    -0.040163652    -0.021035606       3.4324462       3.4535572     -0.61128314
       10.984965    -0.042601832    -0.022447032       3.5610448       3.5845983     -0.65707684
       11.377285    -0.045045469    -0.023888577       3.6898096       3.7159883     -0.70448614
       11.769605    -0.047485542    -0.025357887       3.8187478       3.8477407     -0.75350532
       12.161926    -0.049912721    -0.026852512       3.9478665       3.9798697     -0.80412833
       12.554246    -0.052317380    -0.028369904       4.0771728       4.1123892     -0.85634882
       12.946566    -0.054689601    -0.029907420       4.2066744       4.2453135     -0.91016009
       13.338886    -0.057019194    -0.031462322       4.3363786       4.3786569     -0.96555508
       13.731206    -0.059295706    -0.033031770       4.4662932       4.5124340      -1.0225263
       14.123527    -0.061508444    -0.034612830       4.5964261       4.6466595      -1.0810660
       14.515847    -0.063646492    -0.036202467       4.7267853       4.7813484      -1.1411658
       14.908167    -0.065698737    -0.037797551       4.8573789       4.9165156      -1.2028168
       15.300487    -0.067653898    -0.039394852       4.9882155       5.0521766      -1.2660098
       15.692807    -0.069500555    -0.040991044       5.1193036       5.1883468      -1.3307350
       16.085127    -0.071227186    -0.042582702       5.2506520       5.3250419      -1.3969817
       16.477448    -0.072822210    -0.044166309       5.3822698       5.4622779      -1.4647390
       16.869768    -0.074274029    -0.045738250       5.5141661       5.6000709      -1.5339948
       17.262088    -0.075571084    -0.047294818       5.6463506       5.7384374      -1.6047366
       17.654408    -0.076701912    -0.048832217       5.7788329       5.8773939      -1.6769508
       18.046728    -0.077655208    -0.050346557       5.9116232       6.0169574      -1.7506230
       18.439049    -0.078419901    -0.051833866       6.0447317       6.1571450      -1.8257378
       18.831369    -0.078985231    -0.053290087       6.1781692       6.2979742      -1.9022787
       19.223689    -0.079340839    -0.054711081       6.3119467       6.4394627      -1.9802278
       19.616009    -0.079476863    -0.056092633       6.4460755       6.5816285      -2.0595661
       20.008329    -0.079384045    -0.057430458       6.5805674       6.7244898      -2.1402730
       20.400649    -0.079053854    -0.058720200       6.7154345       6.8680653      -2.2223266
       20.792970    -0.078478600    -0.059957442       6.8506895       7.0123740      -2.3057029
       21.185290    -0.077651588    -0.061137710       6.9863454       7.1574350      -2.3903762
       21.577610    -0.076567271    -0.062256478       7.1224159       7.3032681      -2.4763187
       21.969930    -0.075221403    -0.063309177       7.2589151       7.4498931      -2.5635004
       22.362250    -0.073611224    -0.064291198       7.3958577       7.5973304      -2.6518888
       22.754571    -0.071735653    -0.065197904       7.5332591       7.7456008      -2.7414486
       23.146891    -0.069595495    -0.066024634       7.6711354       7.8947252      -2.8321415
       23.539211    -0.067193659    -0.066766712       7.8095035       8.0447253      -2.9239261
       23.931531    -0.064535393    -0.067419455       7.9483809       8.1956229      -3.0167573
       24.323851    -0.061628538    -0.067978181       8.0877861       8.3474404      -3.1105862
       24.716172    -0.058483787    -0.068438216       8.2277387       8.5002007      -3.2053595
       25.108492    -0.055114965    -0.068794904       8.3682591       8.6539269      -3.3010193
       25.500812    -0.051539315    -0.069043610       8.5093690       8.8086429      -3.3975025
       25.893132    -0.047777796    -0.069179727       8.6510912       8.9643728      -3.4947403
       26.285452    -0.043855388    -0.069198683       8.7934500       9.1211414      -3.5926580
       26.677772    -0.039801400    -0.069095939       8.9364709       9.2789740      -3.6911738
       27.070093    -0.035649776    -0.068866992       9.0801814       9.4378964      -3.7901987
       27.462413    -0.031439387    -0.068507369       9.2246104       9.5979351      -3.8896353
       27.854733    -0.027214315    -0.068012622       9.3697888       9.7591168      -3.9893776
       28.247053    -0.023024099    -0.067378311       9.5157498       9.9214694      -4.0893094
       28.639373    -0.018923937    -0.066599986       9.6625286       10.085021      -4.1893041
       29.031694    -0.014974827    -0.065673157       9.8101633       10.249800      -4.2892229
       29.424014    -0.011243619    -0.064593251       9.9586944       10.415837      -4.3889140
       29.816334 -7.8029378E-003    -0.063355563       10.108166       10.583160      -4.4882115
       30.208654 -4.7309483E-003    -0.061955178       10.258625       10.751803      -4.5869333
       30.600974 -2.1109007E-003    -0.060386882       10.410122       10.921795      -4.6848801
       30.993294 -3.0383391E-005    -0.058645039       10.562713       11.093170      -4.7818334
       31.385615  1.4198002E-003    -0.056723437       10.716457       11.265960      -4.8775531
       31.777935  2.1472585E-003    -0.054615091       10.871419       11.440200      -4.9717760
       32.170255  2.0602890E-003    -0.052311993       11.027670       11.615925      -5.0642126
       32.562575  1.0710132E-003    -0.049804791       11.185286       11.793170      -5.1545445
       32.954895 -9.0036468E-004    -0.047082391       11.344350       11.971972      -5.2424216
       33.347216 -3.9198276E-003    -0.044131442       11.504956       12.152368      -5.3274580
       33.739536 -8.0318736E-003    -0.040935690       11.667202       12.334397      -5.4092282
       34.131856    -0.013249297    -0.037475152       11.831198       12.518099      -5.4872627
       34.524176    -0.019539581    -0.033725070       11.997067       12.703515      -5.5610431
       34.916496    -0.026806805    -0.029654564       12.164940       12.890685      -5.6299956
       35.308816    -0.034867574    -0.025224917       12.334965       13.079653      -5.6934856
       35.701137    -0.043418944    -0.020387352       12.507304       13.270463      -5.7508093
       36.093457    -0.051995586    -0.015080163       12.682137       13.463160      -5.8011863
       36.485777    -0.059912432 -9.2249719E-003       12.859664       13.657791      -5.8437498
       36.878097    -0.066187624 -2.7218336E-003       13.040105       13.854403      -5.8775360
       37.270417    -0.069438649  4.5572308E-003       13.223708       14.053045      -5.9014726
       37.662738    -0.067741817     0.012776816       13.410748       14.253768      -5.9143648
       38.055058    -0.058441515     0.022149637       13.601533       14.456625      -5.9148805
       38.447378    -0.037890462     0.032952074       13.796404       14.661667      -5.9015324
       38.839698 -1.0952651E-003     0.045545395       13.995749       14.868952      -5.8726575
       39.232018     0.058767688     0.060405060       14.200000       15.078535      -5.8263922

Table series: Data for wavelength : 0.656273 µm.
   Y Angle (deg)       Tan Shift       Sag Shift     Real Height     Ref. Height      Distortion
  --------------  --------------  --------------  --------------  --------------  --------------
      0.00000000     0.053941446     0.053941446      0.00000000      0.00000000      0.00000000
      0.39232018     0.053875901     0.053910740      0.12657478      0.12657585 -8.4487883E-004
      0.78464037     0.053682219     0.053818660      0.25315501      0.25316356 -3.3792080E-003
       1.1769605     0.053360863     0.053665319      0.37974615      0.37977502 -7.6028071E-003
       1.5692807     0.052912597     0.053450910      0.50635367      0.50642211    -0.013515252
       1.9616009     0.052338491     0.053175699      0.63298304      0.63311673    -0.021115948
       2.3539211     0.051639921     0.052840030      0.75963975      0.75987078    -0.030404131
       2.7462413     0.050818568     0.052444324      0.88632930      0.88669621    -0.041378865
       3.1385615     0.049876424     0.051989080       1.0130572       1.0136050    -0.054039046
       3.5308816     0.048815786     0.051474874       1.1398291       1.1406091    -0.068383395
       3.9232018     0.047639268     0.050902361       1.2666505       1.2677205    -0.084410464
       4.3155220     0.046349792     0.050272273       1.3935270       1.3949515     -0.10211863
       4.7078422     0.044950597     0.049585424       1.5204642       1.5223139     -0.12150610
       5.1001624     0.043445242     0.048842707       1.6474679       1.6498201     -0.14257089
       5.4924826     0.041837601     0.048045095       1.7745439       1.7774822     -0.16531087
       5.8848027     0.040131873     0.047193644       1.9016977       1.9053126     -0.18972371
       6.2771229     0.038332580     0.046289490       2.0289354       2.0333235     -0.21580690
       6.6694431     0.036444570     0.045333854       2.1562628       2.1615274     -0.24355776
       7.0617633     0.034473021     0.044328041       2.2836858       2.2899367     -0.27297340
       7.4540835     0.032423439     0.043273440       2.4112104       2.4185641     -0.30405078
       7.8464037     0.030301665     0.042171527       2.5388428       2.5474222     -0.33678663
       8.2387238     0.028113873     0.041023863       2.6665890       2.6765237     -0.37117751
       8.6310440     0.025866570     0.039832099       2.7944553       2.8058814     -0.40721977
       9.0233642     0.023566601     0.038597973       2.9224479       2.9355083     -0.44490954
       9.4156844     0.021221145     0.037323313       3.0505734       3.0654174     -0.48424275
       9.8080046     0.018837716     0.036010039       3.1788380       3.1956219     -0.52521512
       10.200325     0.016424164     0.034660162       3.3072485       3.3261350     -0.56782211
       10.592645     0.013988668     0.033275784       3.4358114       3.4569701     -0.61205896
       10.984965     0.011539734     0.031859104       3.5645336       3.5881407     -0.65792065
       11.377285  9.0861954E-003     0.030412413       3.6934220       3.7196605     -0.70540191
       11.769605  6.6371995E-003     0.028938098       3.8224834       3.8515432     -0.75449717
       12.161926  4.2022050E-003     0.027438642       3.9517252       3.9838028     -0.80520059
       12.554246  1.7909711E-003     0.025916625       4.0811544       4.1164532     -0.85750601
       12.946566 -5.8645372E-004     0.024374724       4.2107786       4.2495089     -0.91140692
       13.338886 -2.9197452E-003     0.022815713       4.3406051       4.3829841     -0.96689648
       13.731206 -5.1983195E-003     0.021242467       4.4706418       4.5168934      -1.0239675
       14.123527 -7.4113518E-003     0.019657956       4.6008965       4.6512515      -1.0826122
       14.515847 -9.5477988E-003     0.018065250       4.7313771       4.7860734      -1.1428227
       14.908167    -0.011596423     0.016467517       4.8620919       4.9213743      -1.2045904
       15.300487    -0.013545823     0.014868023       4.9930491       5.0571693      -1.2679061
       15.692807    -0.015384466     0.013270130       5.1242575       5.1934741      -1.3327604
       16.085127    -0.017100725     0.011677298       5.2557257       5.3303043      -1.3991429
       16.477448    -0.018682924     0.010093082       5.3874627       5.4676759      -1.4670429
       16.869768    -0.020119382  8.5211300E-003       5.5194778       5.6056051      -1.5364487
       17.262088    -0.021398471  6.9651822E-003       5.6517805       5.7441083      -1.6073480
       17.654408    -0.022508675  5.4290695E-003       5.7843804       5.8832021      -1.6797276
       18.046728    -0.023438656  3.9167100E-003       5.9172875       6.0229036      -1.7535733
       18.439049    -0.024177330  2.4321063E-003       6.0505123       6.1632297      -1.8288702
       18.831369    -0.024713950  9.7934289E-004       6.1840652       6.3041981      -1.9056018
       19.223689    -0.025038195 -4.3741844E-004       6.3179573       6.4458264      -1.9837509
       19.616009    -0.025140278 -1.8139421E-003       6.4521998       6.5881326      -2.0632985
       20.008329    -0.025011046 -3.1459238E-003       6.5868045       6.7311352      -2.1442247
       20.400649    -0.024642111 -4.4289952E-003       6.7217835       6.8748526      -2.2265076
       20.792970    -0.024025972 -5.6587300E-003       6.8571492       7.0193038      -2.3101236
       21.185290    -0.023156167 -6.8306499E-003       6.9929149       7.1645082      -2.3950475
       21.577610    -0.022027434 -7.9402311E-003       7.1290939       7.3104854      -2.4812517
       21.969930    -0.020635866 -8.9829116E-003       7.2657003       7.4572553      -2.5687065
       22.362250    -0.018979103 -9.9540985E-003       7.4027489       7.6048384      -2.6573797
       22.754571    -0.017056526    -0.010849176       7.5402550       7.7532552      -2.7472363
       23.146891    -0.014869472    -0.011663514       7.6782345       7.9025270      -2.8382385
       23.539211    -0.012421449    -0.012392477       7.8167042       8.0526754      -2.9303449
       23.931531 -9.7183856E-003    -0.013031431       7.9556817       8.2037221      -3.0235109
       24.323851 -6.7688770E-003    -0.013575753       8.0951854       8.3556897      -3.1176876
       24.716172 -3.5844529E-003    -0.014020842       8.2352346       8.5086009      -3.2128221
       25.108492 -1.7985470E-004    -0.014362125       8.3758500       8.6624790      -3.3088567
       25.500812  3.4266765E-003    -0.014595062       8.5170529       8.8173478      -3.4057283
       25.893132  7.2131035E-003    -0.014715158       8.6588663       8.9732317      -3.5033686
       26.285452     0.011153293    -0.014717963       8.8013142       9.1301552      -3.6017025
       26.677772     0.015216717    -0.014599079       8.9444222       9.2881438      -3.7006487
       27.070093     0.019368154    -0.014354155       9.0882176       9.4472233      -3.8001180
       27.462413     0.023567410    -0.013978891       9.2327294       9.6074200      -3.9000133
       27.854733     0.027769063    -0.013469024       9.3779884       9.7687611      -4.0002282
       28.247053     0.031922237    -0.012820316       9.5240276       9.9312741      -4.1006468
       28.639373     0.035970439    -0.012028535       9.6708824       10.094987      -4.2011420
       29.031694     0.039851463    -0.011089424       9.8185906       10.259929      -4.3015752
       29.424014     0.043497402 -9.9986569E-003       9.9671930       10.426130      -4.4017944
       29.816334     0.046834796 -8.7517867E-003       10.116733       10.593619      -4.5016334
       30.208654     0.049784964 -7.3441679E-003       10.267258       10.762428      -4.6009100
       30.600974     0.052264587 -5.7708596E-003       10.418820       10.932588      -4.6994248
       30.993294     0.054186601 -4.0265019E-003       10.571472       11.104133      -4.7969590
       31.385615     0.055461522 -2.1051538E-003       10.725275       11.277094      -4.8932726
       31.777935     0.055999311 -8.7630371E-008       10.880293       11.451506      -4.9881022
       32.170255     0.055711962  2.2964717E-003       11.036597       11.627404      -5.0811586
       32.562575     0.054517026  4.7936784E-003       11.194264       11.804824      -5.1721238
       32.954895     0.052342359  7.5024865E-003       11.353377       11.983803      -5.2606481
       33.347216     0.049132467     0.010436184       11.514027       12.164377      -5.3463467
       33.739536     0.044856969     0.013611067       11.676316       12.346586      -5.4287957
       34.131856     0.039521803     0.017047305       11.840351       12.530470      -5.5075278
       34.524176     0.033184106     0.020770036       12.006254       12.716069      -5.5820275
       34.916496     0.025971916     0.024810769       12.174158       12.903424      -5.6517256
       35.308816     0.018110302     0.029209184       12.344208       13.092579      -5.7159930
       35.701137  9.9560772E-003     0.034015450       12.516566       13.283577      -5.7741342
       36.093457  2.0440101E-003     0.039293228       12.691410       13.476465      -5.8253791
       36.485777 -4.8514985E-003     0.045123576       12.868937       13.671288      -5.8688751
       36.878097 -9.6338341E-003     0.051610066       13.049366       13.868094      -5.9036774
       37.270417    -0.010773260     0.058885523       13.232941       14.066933      -5.9287381
       37.662738 -6.1574874E-003     0.067120966       13.419931       14.267854      -5.9428955
       38.055058  7.1102203E-003     0.076537580       13.610636       14.470911      -5.9448604
       38.447378     0.032984425     0.087422845       13.805391       14.676157      -5.9332023
       38.839698     0.076848117      0.10015251       14.004568       14.883646      -5.9063330
       39.232018      0.14601478      0.11522086       14.208585       15.093436      -5.8624865
