Results for:	
File:	C:\Users\User\OneDrive - Massachusetts Institute of Technology\Documents\MIT\Grad School\Classes\2.156\Lens Project\Prime Lenses\US20180074300_Example02P.zmx
Title:	US 2018/0074300 Example 2 (Canon EF-M18-150mm f3.5-6.3 IS STM)
Date:	11/7/2025 5:53:38 PM

0 message(s) in output.
3 series table(s) in output.

Table series: Data for wavelength : 0.486133 µm.
   Y Angle (deg)       Tan Shift       Sag Shift     Real Height     Ref. Height      Distortion
  --------------  --------------  --------------  --------------  --------------  --------------
      0.00000000    -0.041088606    -0.041088606      0.00000000      0.00000000      0.00000000
      0.37765616    -0.041084610    -0.041091017      0.12218617      0.12218704 -7.1876690E-004
      0.75531232    -0.041064819    -0.041098254      0.24437768      0.24438471 -2.8746469E-003
       1.1329685    -0.041029383    -0.041110335      0.36657990      0.36660361 -6.4676321E-003
       1.5106246    -0.040978557    -0.041127290      0.48879817      0.48885438    -0.011497499
       1.8882808    -0.040912696    -0.041149159      0.61103787      0.61114766    -0.017963930
       2.2659369    -0.040832257    -0.041175995      0.73330437      0.73349410    -0.025866512
       2.6435931    -0.040737797    -0.041207861      0.85560305      0.85590437    -0.035204731
       3.0212493    -0.040629971    -0.041244832      0.97793934      0.97838918    -0.045977969
       3.3989054    -0.040509534    -0.041286993       1.1003186       1.1009592    -0.058185492
       3.7765616    -0.040377336    -0.041334443       1.2227464       1.2236253    -0.071826449
       4.1542177    -0.040234319    -0.041387288       1.3452281       1.3463982    -0.086899860
       4.5318739    -0.040081521    -0.041445646       1.4677693       1.4692886     -0.10340461
       4.9095301    -0.039920068    -0.041509645       1.5903755       1.5923076     -0.12133943
       5.2871862    -0.039751173    -0.041579424       1.7130522       1.7154659     -0.14070290
       5.6648424    -0.039576134    -0.041655130       1.8358051       1.8387746     -0.16149343
       6.0424985    -0.039396331    -0.041736919       1.9586398       1.9622446     -0.18370923
       6.4201547    -0.039213222    -0.041824957       2.0815620       2.0858870     -0.20734833
       6.7978108    -0.039028339    -0.041919417       2.2045774       2.2097130     -0.23240853
       7.1754670    -0.038843286    -0.042020480       2.3276920       2.3337337     -0.25888740
       7.5531232    -0.038659732    -0.042128336       2.4509114       2.4579604     -0.28678227
       7.9307793    -0.038479410    -0.042243180       2.5742418       2.5824045     -0.31609018
       8.3084355    -0.038304107    -0.042365213       2.6976889       2.7070773     -0.34680790
       8.6860916    -0.038135666    -0.042494643       2.8212590       2.8319904     -0.37893189
       9.0637478    -0.037975974    -0.042631683       2.9449582       2.9571552     -0.41245825
       9.4414039    -0.037826959    -0.042776547       3.0687927       3.0825836     -0.44738274
       9.8190601    -0.037690584    -0.042929455       3.1927688       3.2082873     -0.48370073
       10.196716    -0.037568840    -0.043090631       3.3168929       3.3342780     -0.52140719
       10.574372    -0.037463739    -0.043260297       3.4411716       3.4605679     -0.56049663
       10.952029    -0.037377308    -0.043438679       3.5656114       3.5871690     -0.60096310
       11.329685    -0.037311579    -0.043626000       3.6902192       3.7140934     -0.64280015
       11.707341    -0.037268582    -0.043822484       3.8150019       3.8413536     -0.68600079
       12.084997    -0.037250337    -0.044028352       3.9399663       3.9689618     -0.73055747
       12.462653    -0.037258847    -0.044243820       4.0651197       4.0969308     -0.77646203
       12.840309    -0.037296084    -0.044469103       4.1904693       4.2252731     -0.82370565
       13.217966    -0.037363986    -0.044704405       4.3160226       4.3540017     -0.87227887
       13.595622    -0.037464441    -0.044949927       4.4417873       4.4831295     -0.92217148
       13.973278    -0.037599283    -0.045205860       4.5677711       4.6126696     -0.97337249
       14.350934    -0.037770276    -0.045472383       4.6939820       4.7426353      -1.0258701
       14.728590    -0.037979109    -0.045749666       4.8204283       4.8730402      -1.0796518
       15.106246    -0.038227382    -0.046037864       4.9471183       5.0038977      -1.1347038
       15.483902    -0.038516595    -0.046337118       5.0740606       5.1352217      -1.1910119
       15.861559    -0.038848140    -0.046647551       5.2012642       5.2670262      -1.2485603
       16.239215    -0.039223288    -0.046969269       5.3287382       5.3993253      -1.3073326
       16.616871    -0.039643178    -0.047302358       5.4564920       5.5321334      -1.3673111
       16.994527    -0.040108808    -0.047646880       5.5845352       5.6654651      -1.4284769
       17.372183    -0.040621023    -0.048002874       5.7128779       5.7993350      -1.4908099
       17.749839    -0.041180507    -0.048370352       5.8415304       5.9337581      -1.5542887
       18.127496    -0.041787770    -0.048749299       5.9705033       6.0687497      -1.6188904
       18.505152    -0.042443140    -0.049139668       6.0998077       6.2043252      -1.6845909
       18.882808    -0.043146756    -0.049541380       6.2294549       6.3405001      -1.7513644
       19.260464    -0.043898556    -0.049954321       6.3594567       6.4772905      -1.8191836
       19.638120    -0.044698273    -0.050378341       6.4898254       6.6147125      -1.8880194
       20.015776    -0.045545426    -0.050813248       6.6205736       6.7527824      -1.9578411
       20.393433    -0.046439311    -0.051258808       6.7517145       6.8915169      -2.0286162
       20.771089    -0.047378997    -0.051714745       6.8832617       7.0309331      -2.1003100
       21.148745    -0.048363334    -0.052180733       7.0152294       7.1710481      -2.1728860
       21.526401    -0.049390931    -0.052656398       7.1476323       7.3118795      -2.2463055
       21.904057    -0.050460148    -0.053141311       7.2804858       7.4534451      -2.3205277
       22.281713    -0.051569119    -0.053634990       7.4138059       7.5957631      -2.3955092
       22.659369    -0.052715729    -0.054136892       7.5476090       7.7388519      -2.4712044
       23.037026    -0.053897622    -0.054646415       7.6819127       7.8827304      -2.5475649
       23.414682    -0.055112191    -0.055162888       7.8167349       8.0274177      -2.6245397
       23.792338    -0.056356583    -0.055685576       7.9520946       8.1729334      -2.7020748
       24.169994    -0.057627693    -0.056213668       8.0880114       8.3192973      -2.7801134
       24.547650    -0.058922159    -0.056746278       8.2245058       8.4665297      -2.8585954
       24.925306    -0.060236358    -0.057282438       8.3615996       8.6146513      -2.9374572
       25.302963    -0.061566396    -0.057821093       8.4993150       8.7636831      -3.0166317
       25.680619    -0.062908097    -0.058361098       8.6376758       8.9136466      -3.0960483
       26.058275    -0.064256985    -0.058901208       8.7767066       9.0645638      -3.1756319
       26.435931    -0.065608265    -0.059440073       8.9164333       9.2164570      -3.2553034
       26.813587    -0.066956791    -0.059976230       9.0568831       9.3693490      -3.3349792
       27.191243    -0.068297032    -0.060508093       9.1980846       9.5232631      -3.4145707
       27.568900    -0.069623020    -0.061033941       9.3400676       9.6782232      -3.4939841
       27.946556    -0.070928296    -0.061551908       9.4828638       9.8342535      -3.5731200
       28.324212    -0.072205835    -0.062059966       9.6265064       9.9913789      -3.6518730
       28.701868    -0.073447956    -0.062555909       9.7710304       10.149625      -3.7301310
       29.079524    -0.074646216    -0.063037335       9.9164727       10.309017      -3.8077748
       29.457180    -0.075791284    -0.063501617       10.062872       10.469582      -3.8846777
       29.834836    -0.076872787    -0.063945884       10.210271       10.631347      -3.9607041
       30.212493    -0.077879140    -0.064366980       10.358711       10.794339      -4.0357095
       30.590149    -0.078797345    -0.064761432       10.508241       10.958588      -4.1095388
       30.967805    -0.079612766    -0.065125404       10.658908       11.124122      -4.1820256
       31.345461    -0.080308882    -0.065454641       10.810766       11.290970      -4.2529908
       31.723117    -0.080867016    -0.065744410       10.963871       11.459164      -4.3222411
       32.100773    -0.081266062    -0.065989422       11.118283       11.628734      -4.3895672
       32.478430    -0.081482202    -0.066183748       11.274065       11.799712      -4.4547417
       32.856086    -0.081488661    -0.066320709       11.431287       11.972130      -4.5175166
       33.233742    -0.081255522    -0.066392756       11.590025       12.146023      -4.5776203
       33.611398    -0.080749656    -0.066391313       11.750357       12.321425      -4.6347540
       33.989054    -0.079934860    -0.066306601       11.912373       12.498370      -4.6885875
       34.366710    -0.078772339    -0.066127420       12.076169       12.676895      -4.7387536
       34.744367    -0.077221720    -0.065840882       12.241848       12.857037      -4.7848417
       35.122023    -0.075242906    -0.065432094       12.409529       13.038834      -4.8263898
       35.499679    -0.072799249    -0.064883760       12.579339       13.222324      -4.8628741
       35.877335    -0.069862742    -0.064175696       12.751423       13.407547      -4.8936958
       36.254991    -0.066422373    -0.063284223       12.925943       13.594545      -4.9181648
       36.632647    -0.062497425    -0.062181404       13.103086       13.783360      -4.9354776
       37.010303    -0.058158603    -0.060834073       13.283062       13.974035      -4.9446888
       37.387960    -0.053561745    -0.059202579       13.466121       14.166614      -4.9446716
       37.765616    -0.049002140    -0.057239138       13.652555       14.361143      -4.9340652

Table series: Data for wavelength : 0.587562 µm.
   Y Angle (deg)       Tan Shift       Sag Shift     Real Height     Ref. Height      Distortion
  --------------  --------------  --------------  --------------  --------------  --------------
      0.00000000    -0.012831578    -0.012831578      0.00000000      0.00000000      0.00000000
      0.37765616    -0.012830125    -0.012834597      0.12231540      0.12231629 -7.2521237E-004
      0.75531232    -0.012814403    -0.012843661      0.24463611      0.24464321 -2.9007996E-003
       1.1329685    -0.012784578    -0.012858790      0.36696743      0.36699139 -6.5266187E-003
       1.5106246    -0.012740926    -0.012880016      0.48931469      0.48937147    -0.011602429
       1.8882808    -0.012683835    -0.012907383      0.61168320      0.61179410    -0.018127889
       2.2659369    -0.012613803    -0.012940950      0.73407829      0.73426995    -0.026102555
       2.6435931    -0.012531439    -0.012980786      0.85650532      0.85680971    -0.035525876
       3.0212493    -0.012437460    -0.013026974      0.97896965      0.97942408    -0.046397189
       3.3989054    -0.012332691    -0.013079610       1.1014767       1.1021238    -0.058715709
       3.7765616    -0.012218061    -0.013138801       1.2240318       1.2249196    -0.072480528
       4.1542177    -0.012094607    -0.013204667       1.3466404       1.3478223    -0.087690602
       4.5318739    -0.011963466    -0.013277338       1.4693080       1.4708428     -0.10434474
       4.9095301    -0.011825879    -0.013356958       1.5920401       1.5939918     -0.12244161
       5.2871862    -0.011683181    -0.013443682       1.7148423       1.7172804     -0.14197970
       5.6648424    -0.011536808    -0.013537674       1.8377199       1.8407195     -0.16295733
       6.0424985    -0.011388288    -0.013639110       1.9606788       1.9643202     -0.18537261
       6.4201547    -0.011239237    -0.013748178       2.0837246       2.0880934     -0.20922348
       6.7978108    -0.011091363    -0.013865074       2.2068629       2.2120503     -0.23450762
       7.1754670    -0.010946455    -0.013990004       2.3300995       2.3362022     -0.26122250
       7.5531232    -0.010806385    -0.014123184       2.4534403       2.4605604     -0.28936532
       7.9307793    -0.010673100    -0.014264839       2.5768912       2.5851360     -0.31893301
       8.3084355    -0.010548619    -0.014415202       2.7004580       2.7099407     -0.34992220
       8.6860916    -0.010435032    -0.014574513       2.8241469       2.8349859     -0.38232921
       9.0637478    -0.010334489    -0.014743020       2.9479640       2.9602832     -0.41615002
       9.4414039    -0.010249201    -0.014920978       3.0719154       3.0858442     -0.45138023
       9.8190601    -0.010181431    -0.015108647       3.1960074       3.2116809     -0.48801508
       10.196716    -0.010133488    -0.015306294       3.3202464       3.3378049     -0.52604937
       10.574372    -0.010107725    -0.015514189       3.4446389       3.4642284     -0.56547747
       10.952029    -0.010106528    -0.015732606       3.5691916       3.5909634     -0.60629326
       11.329685    -0.010132313    -0.015961824       3.6939110       3.7180221     -0.64849013
       11.707341    -0.010187516    -0.016202122       3.8188042       3.8454168     -0.69206094
       12.084997    -0.010274591    -0.016453781       3.9438779       3.9731600     -0.73699795
       12.462653    -0.010395996    -0.016717082       4.0691394       4.1012643     -0.78329284
       12.840309    -0.010554188    -0.016992307       4.1945960       4.2297424     -0.83093664
       13.217966    -0.010751619    -0.017279734       4.3202549       4.3586072     -0.87991968
       13.595622    -0.010990721    -0.017579640       4.4461239       4.4878715     -0.93023160
       13.973278    -0.011273902    -0.017892298       4.5722107       4.6175487     -0.98186124
       14.350934    -0.011603538    -0.018217973       4.6985233       4.7476519      -1.0347966
       14.728590    -0.011981960    -0.018556928       4.8250699       4.8781947      -1.0890250
       15.106246    -0.012411449    -0.018909415       4.9518588       5.0091906      -1.1445326
       15.483902    -0.012894228    -0.019275678       5.0788986       5.1406535      -1.2013048
       15.861559    -0.013432449    -0.019655951       5.2061983       5.2725975      -1.2593259
       16.239215    -0.014028188    -0.020050456       5.3337668       5.4050365      -1.3185791
       16.616871    -0.014683435    -0.020459400       5.4616137       5.5379851      -1.3790466
       16.994527    -0.015400087    -0.020882977       5.5897485       5.6714577      -1.4407094
       17.372183    -0.016179939    -0.021321363       5.7181813       5.8054692      -1.5035472
       17.749839    -0.017024674    -0.021774719       5.8469223       5.9400346      -1.5675385
       18.127496    -0.017935863    -0.022243181       5.9759821       6.0751690      -1.6326602
       18.505152    -0.018914952    -0.022726867       6.1053718       6.2108878      -1.6988881
       18.882808    -0.019963256    -0.023225871       6.2351027       6.3472068      -1.7661963
       19.260464    -0.021081959    -0.023740263       6.3651866       6.4841419      -1.8345573
       19.638120    -0.022272106    -0.024270083       6.4956357       6.6217092      -1.9039419
       20.015776    -0.023534598    -0.024815347       6.6264627       6.7599252      -1.9743194
       20.393433    -0.024870195    -0.025376036       6.7576806       6.8988065      -2.0456570
       20.771089    -0.026279504    -0.025952103       6.8893031       7.0383701      -2.1179201
       21.148745    -0.027762997    -0.026543462       7.0213443       7.1786333      -2.1910720
       21.526401    -0.029320994    -0.027149993       7.1538190       7.3196137      -2.2650742
       21.904057    -0.030953658    -0.027771539       7.2867425       7.4613290      -2.3398855
       22.281713    -0.032661021    -0.028407900       7.4201306       7.6037975      -2.4154626
       22.659369    -0.034442971    -0.029058835       7.5540001       7.7470377      -2.4917600
       23.037026    -0.036299257    -0.029724056       7.6883682       7.8910684      -2.5687291
       23.414682    -0.038229492    -0.030403232       7.8232530       8.0359088      -2.6463190
       23.792338    -0.040233159    -0.031095976       7.9586732       8.1815783      -2.7244758
       24.169994    -0.042309609    -0.031801852       8.0946486       8.3280971      -2.8031426
       24.547650    -0.044458067    -0.032520367       8.2311997       8.4754852      -2.8822593
       24.925306    -0.046677631    -0.033250969       8.3683481       8.6237635      -2.9617625
       25.302963    -0.048967270    -0.033993041       8.5061161       8.7729529      -3.0415852
       25.680619    -0.051325813    -0.034745902       8.6445273       8.9230751      -3.1216567
       26.058275    -0.053751950    -0.035508795       8.7836064       9.0741519      -3.2019022
       26.435931    -0.056244208    -0.036280885       8.9233793       9.2262057      -3.2822428
       26.813587    -0.058800932    -0.037061254       9.0638730       9.3792595      -3.3625947
       27.191243    -0.061420258    -0.037848891       9.2051161       9.5333364      -3.4428697
       27.568900    -0.064100072    -0.038642683       9.3471385       9.6884604      -3.5229741
       27.946556    -0.066837957    -0.039441403       9.4899717       9.8446558      -3.6028086
       28.324212    -0.069631131    -0.040243703       9.6336489       10.001947      -3.6822679
       28.701868    -0.072476368    -0.041048094       9.7782050       10.160361      -3.7612401
       29.079524    -0.075369899    -0.041852928       9.9236769       10.319921      -3.8396064
       29.457180    -0.078307295    -0.042656382       10.070104       10.480656      -3.9172398
       29.834836    -0.081283332    -0.043456430       10.217527       10.642592      -3.9940051
       30.212493    -0.084291821    -0.044250816       10.365989       10.805757      -4.0697578
       30.590149    -0.087325434    -0.045037017       10.515538       10.970180      -4.1443428
       30.967805    -0.090375488    -0.045812205       10.666222       11.135888      -4.2175936
       31.345461    -0.093431719    -0.046573195       10.818094       11.302913      -4.2893312
       31.723117    -0.096482033    -0.047316391       10.971210       11.471285      -4.3593618
       32.100773    -0.099512262    -0.048037713       11.125630       11.641034      -4.4274758
       32.478430     -0.10250592    -0.048732520       11.281418       11.812193      -4.4934453
       32.856086     -0.10544399    -0.049395506       11.438644       11.984794      -4.5570213
       33.233742     -0.10830481    -0.050020587       11.597383       12.158871      -4.6179311
       33.611398     -0.11106409    -0.050600756       11.757714       12.334458      -4.6758744
       33.989054     -0.11369512    -0.051127920       11.919727       12.511591      -4.7305188
       34.366710     -0.11616943    -0.051592686       12.083518       12.690304      -4.7814942
       34.744367     -0.11845800    -0.051984121       12.249193       12.870637      -4.8283865
       35.122023     -0.12053337    -0.052289443       12.416868       13.052626      -4.8707286
       35.499679     -0.12237323    -0.052493655       12.586673       13.236310      -4.9079901
       35.877335     -0.12396620    -0.052579073       12.758754       13.421729      -4.9395635
       36.254991     -0.12532104    -0.052524769       12.933276       13.608925      -4.9647471
       36.632647     -0.12648122    -0.052305842       13.110427       13.797940      -4.9827219
       37.010303     -0.12754802    -0.051892499       13.290421       13.988816      -4.9925214
       37.387960     -0.12871735    -0.051248873       13.473513       14.181599      -4.9929902
       37.765616     -0.13033906    -0.050331463       13.660000       14.376334      -4.9827279

Table series: Data for wavelength : 0.656273 µm.
   Y Angle (deg)       Tan Shift       Sag Shift     Real Height     Ref. Height      Distortion
  --------------  --------------  --------------  --------------  --------------  --------------
      0.00000000     0.045527823     0.045527823      0.00000000      0.00000000      0.00000000
      0.37765616     0.045530491     0.045525287      0.12242424      0.12242513 -7.2783854E-004
      0.75531232     0.045551069     0.045517673      0.24485377      0.24486090 -2.9111277E-003
       1.1329685     0.045589386     0.045504960      0.36729390      0.36731795 -6.5497795E-003
       1.5106246     0.045645161     0.045487117      0.48974990      0.48980694    -0.011643547
       1.8882808     0.045717994     0.045464096      0.61222711      0.61233851    -0.018192083
       2.2659369     0.045807374     0.045435839      0.73473083      0.73492335    -0.026194931
       2.6435931     0.045912678     0.045402275      0.85726641      0.85757215    -0.035651528
       3.0212493     0.046033170     0.045363318      0.97983918      0.98029562    -0.046561197
       3.3989054     0.046168004     0.045318872       1.1024545       1.1031045    -0.058923136
       3.7765616     0.046316225     0.045268826       1.2251178       1.2260096    -0.072736418
       4.1542177     0.046476770     0.045213058       1.3478345       1.3490217    -0.087999977
       4.5318739     0.046648470     0.045151433       1.4706101       1.4721516     -0.10471260
       4.9095301     0.046830052     0.045083807       1.5934499       1.5954103     -0.12287293
       5.2871862     0.047020142     0.045010019       1.7163596       1.7188086     -0.14247942
       5.6648424     0.047217266     0.044929901       1.8393447       1.8423575     -0.16353036
       6.0424985     0.047419852     0.044843273       1.9624108       1.9660681     -0.18602385
       6.4201547     0.047626235     0.044749942       2.0855635       2.0899515     -0.20995777
       6.7978108     0.047834660     0.044649708       2.2088085       2.2140187     -0.23532978
       7.1754670     0.048043281     0.044542357       2.3321516       2.3382811     -0.26213731
       7.5531232     0.048250170     0.044427669       2.4555986       2.4627499     -0.29037751
       7.9307793     0.048453318     0.044305411       2.5791554       2.5874364     -0.32004728
       8.3084355     0.048650640     0.044175346       2.7028279       2.7123522     -0.35114321
       8.6860916     0.048839978     0.044037223       2.8266222       2.8375086     -0.38366156
       9.0637478     0.049019107     0.043890788       2.9505443       2.9629174     -0.41759828
       9.4414039     0.049185739     0.043735778       3.0746005       3.0885902     -0.45294892
       9.8190601     0.049337528     0.043571921       3.1987969       3.2145388     -0.48970867
       10.196716     0.049472078     0.043398945       3.3231400       3.3407751     -0.52787228
       10.574372     0.049586946     0.043216567       3.4476363       3.4673110     -0.56743405
       10.952029     0.049679647     0.043024502       3.5722924       3.5941588     -0.60838785
       11.329685     0.049747664     0.042822461       3.6971148       3.7213305     -0.65072698
       11.707341     0.049788454     0.042610153       3.8221106       3.8488386     -0.69444426
       12.084997     0.049799451     0.042387282       3.9472866       3.9766956     -0.73953190
       12.462653     0.049778078     0.042153554       4.0726500       4.1049139     -0.78598153
       12.840309     0.049721752     0.041908675       4.1982080       4.2335063     -0.83378410
       13.217966     0.049627893     0.041652348       4.3239680       4.3624857     -0.88292992
       13.595622     0.049493930     0.041384282       4.4499376       4.4918651     -0.93340855
       13.973278     0.049317310     0.041104187       4.5761246       4.6216576     -0.98520879
       14.350934     0.049095509     0.040811777       4.7025370       4.7518766      -1.0383186
       14.728590     0.048826034     0.040506773       4.8291828       4.8825355      -1.0927252
       15.106246     0.048506439     0.040188899       4.9560706       5.0136480      -1.1484147
       15.483902     0.048134326     0.039857891       5.0832088       5.1452280      -1.2053725
       15.861559     0.047707359     0.039513493       5.2106064       5.2772893      -1.2635828
       16.239215     0.047223271     0.039155457       5.3382724       5.4098462      -1.3230289
       16.616871     0.046679870     0.038783550       5.4662162       5.5429131      -1.3836928
       16.994527     0.046075047     0.038397552       5.5944475       5.6765045      -1.4455554
       17.372183     0.045406785     0.037997255       5.7229762       5.8106353      -1.5085965
       17.749839     0.044673168     0.037582472       5.8518127       5.9453203      -1.5727945
       18.127496     0.043872381     0.037153030       5.9809675       6.0805750      -1.6381264
       18.505152     0.043002722     0.036708778       6.1104516       6.2164146      -1.7045678
       18.882808     0.042062606     0.036249586       6.2402764       6.3528549      -1.7720928
       19.260464     0.041050566     0.035775345       6.3704537       6.4899118      -1.8406739
       19.638120     0.039965263     0.035285973       6.5009957       6.6276016      -1.9102820
       20.015776     0.038805480     0.034781413       6.6319149       6.7659405      -1.9808862
       20.393433     0.037570139     0.034261636       6.7632246       6.9049454      -2.0524538
       20.771089     0.036258275     0.033726642       6.8949383       7.0446332      -2.1249503
       21.148745     0.034869068     0.033176464       7.0270701       7.1850213      -2.1983390
       21.526401     0.033401816     0.032611166       7.1596349       7.3261271      -2.2725812
       21.904057     0.031855957     0.032030851       7.2926478       7.4679685      -2.3476359
       22.281713     0.030231044     0.031435654       7.4261248       7.6105638      -2.4234599
       22.659369     0.028526749     0.030825754       7.5600826       7.7539314      -2.5000076
       23.037026     0.026742865     0.030201367       7.6945383       7.8980903      -2.5772306
       23.414682     0.024879297     0.029562756       7.8295100       8.0430595      -2.6550780
       23.792338     0.022936056     0.028910225       7.9650166       8.1888587      -2.7334961
       24.169994     0.020913261     0.028244133       8.1010777       8.3355078      -2.8124279
       24.547650     0.018811131     0.027564884       8.2377138       8.4830271      -2.8918137
       24.925306     0.016629989     0.026872940       8.3749464       8.6314373      -2.9715900
       25.302963     0.014370260     0.026168820       8.5127980       8.7807595      -3.0516900
       25.680619     0.012032477     0.025453103       8.6512920       8.9310153      -3.1320433
       26.058275  9.6172913E-003     0.024726437       8.7904532       9.0822265      -3.2125751
       26.435931  7.1254865E-003     0.023989541       8.9303073       9.2344157      -3.2932068
       26.813587  4.5579993E-003     0.023243214       9.0708814       9.3876056      -3.3738550
       27.191243  1.9159513E-003     0.022488337       9.2122041       9.5418197      -3.4544314
       27.568900 -7.9931362E-004     0.021725887       9.3543051       9.6970817      -3.5348429
       27.946556 -3.5861741E-003     0.020956946       9.4972160       9.8534161      -3.6149904
       28.324212 -6.4426684E-003     0.020182713       9.6409699       10.010848      -3.6947689
       28.701868 -9.3664109E-003     0.019404515       9.7856017       10.169402      -3.7740669
       29.079524    -0.012354492     0.018623829       9.9311483       10.329104      -3.8527659
       29.457180    -0.015403360     0.017842300       10.077648       10.489982      -3.9307395
       29.834836    -0.018508672     0.017061765       10.225144       10.652063      -4.0078529
       30.212493    -0.021665136     0.016284281       10.373677       10.815373      -4.0839620
       30.590149    -0.024866312     0.015512159       10.523295       10.979941      -4.1589122
       30.967805    -0.028104400     0.014748006       10.674048       11.145798      -4.2325378
       31.345461    -0.031369999     0.013994773       10.825986       11.312971      -4.3046600
       31.723117    -0.034651853     0.013255810       10.979167       11.481493      -4.3750860
       32.100773    -0.037936592     0.012534935       11.133651       11.651393      -4.4436067
       32.478430    -0.041208469     0.011836519       11.289501       11.822704      -4.5099947
       32.856086    -0.044449152     0.011165578       11.446786       11.995459      -4.5740020
       33.233742    -0.047637574     0.010527894       11.605582       12.169691      -4.6353565
       33.611398    -0.050749932  9.9301542E-003       11.765969       12.345434      -4.6937585
       33.989054    -0.053759912  9.3801187E-003       11.928035       12.522724      -4.7488763
       34.366710    -0.056639307  8.8868253E-003       12.091877       12.701597      -4.8003406
       34.744367    -0.059359220  8.4608386E-003       12.257600       12.882090      -4.8477377
       35.122023    -0.061892215  8.1145496E-003       12.425321       13.064241      -4.8906007
       35.499679    -0.064215907  7.8625471E-003       12.595169       13.248088      -4.9283995
       35.877335    -0.066318809  7.7220782E-003       12.767292       13.433673      -4.9605263
       36.254991    -0.068209661  7.7136154E-003       12.941852       13.621035      -4.9862788
       36.632647    -0.069932239  7.8615771E-003       13.119039       13.810218      -5.0048363
       37.010303    -0.071588851  8.1952440E-003       13.299069       14.001264      -5.0152295
       37.387960    -0.073377825  8.7499377E-003       13.482194       14.194218      -5.0162987
       37.765616    -0.075654037  9.5685751E-003       13.668715       14.389126      -5.0066364
