Results for:	
File:	C:\Users\User\OneDrive - Massachusetts Institute of Technology\Documents\MIT\Grad School\Classes\2.156\Lens Project\Prime Lenses\US002995980_Example01P.zmx
Title:	US 2,995,980 Example 1 (Leica Elmarit 90mm F2.8)
Date:	11/7/2025 5:34:45 PM

0 message(s) in output.
3 series table(s) in output.

Table series: Data for wavelength : 0.486133 µm.
   Y Angle (deg)       Tan Shift       Sag Shift     Real Height     Ref. Height      Distortion
  --------------  --------------  --------------  --------------  --------------  --------------
      0.00000000     -0.17734630     -0.17734630      0.00000000      0.00000000      0.00000000
      0.13431234     -0.17737303     -0.17738998      0.21150522      0.21150521  4.5778864E-006
      0.26862468     -0.17747134     -0.17752099      0.42301305      0.42301275  7.1280457E-005
      0.40293701     -0.17764121     -0.17773929      0.63452610      0.63452494  1.8246283E-004
      0.53724935     -0.17788258     -0.17804480      0.84604696      0.84604410  3.3814216E-004
      0.67156169     -0.17819538     -0.17843741       1.0575783       1.0575726  5.3834248E-004
      0.80587403     -0.17857952     -0.17891697       1.2691226       1.2691126  7.8309471E-004
      0.94018637     -0.17903489     -0.17948331       1.4806826       1.4806667  1.0724367E-003
       1.0744987     -0.17956136     -0.18013622       1.6922608       1.6922370  1.4064133E-003
       1.2088110     -0.18015876     -0.18087546       1.9038599       1.9038259  1.7850764E-003
       1.3431234     -0.18082693     -0.18170075       2.1154825       2.1154358  2.2084847E-003
       1.4774357     -0.18156568     -0.18261181       2.3271312       2.3270689  2.6767043E-003
       1.6117481     -0.18237478     -0.18360827       2.5388086       2.5387276  3.1898222E-003
       1.7460604     -0.18325400     -0.18468979       2.7505173       2.7504142  3.7478910E-003
       1.8803727     -0.18420308     -0.18585596       2.9622600       2.9621311  4.3510122E-003
       2.0146851     -0.18522177     -0.18710634       3.1740393       3.1738806  4.9992809E-003
       2.1489974     -0.18630975     -0.18844047       3.3858577       3.3856650  5.6927995E-003
       2.2833098     -0.18746674     -0.18985785       3.5977180       3.5974867  6.4316780E-003
       2.4176221     -0.18869239     -0.19135795       3.8096228       3.8093479  7.2160342E-003
       2.5519344     -0.18998638     -0.19294020       4.0215747       4.0212511  8.0459934E-003
       2.6862468     -0.19134833     -0.19460401       4.2335763       4.2331986  8.9216890E-003
       2.8205591     -0.19277788     -0.19634875       4.4456303       4.4451928  9.8432622E-003
       2.9548714     -0.19427464     -0.19817375       4.6577393       4.6572359     0.010810862
       3.0891838     -0.19583820     -0.20007832       4.8699061       4.8693303     0.011824647
       3.2234961     -0.19746815     -0.20206173       5.0821331       5.0814784     0.012884783
       3.3578085     -0.19916406     -0.20412322       5.2944231       5.2936825     0.013991444
       3.4921208     -0.20092549     -0.20626198       5.5067788       5.5059450     0.015144813
       3.6264331     -0.20275199     -0.20847718       5.7192029       5.7182682     0.016345083
       3.7607455     -0.20464309     -0.21076797       5.9316979       5.9306545     0.017592455
       3.8950578     -0.20659833     -0.21313344       6.1442666       6.1431063     0.018887139
       4.0293701     -0.20861724     -0.21557265       6.3569117       6.3556260     0.020229355
       4.1636825     -0.21069931     -0.21808464       6.5696358       6.5682158     0.021619333
       4.2979948     -0.21284408     -0.22066841       6.7824417       6.7808782     0.023057311
       4.4323072     -0.21505103     -0.22332292       6.9953320       6.9936155     0.024543539
       4.5666195     -0.21731968     -0.22604709       7.2083095       7.2064302     0.026078276
       4.7009318     -0.21964953     -0.22883981       7.4213769       7.4193245     0.027661794
       4.8352442     -0.22204008     -0.23169995       7.6345368       7.6323010     0.029294372
       4.9695565     -0.22449082     -0.23462632       7.8477922       7.8453620     0.030976302
       5.1038689     -0.22700128     -0.23761770       8.0611456       8.0585098     0.032707888
       5.2381812     -0.22957095     -0.24067284       8.2745998       8.2717469     0.034489445
       5.3724935     -0.23219936     -0.24379045       8.4881575       8.4850757     0.036321299
       5.5068059     -0.23488602     -0.24696921       8.7018217       8.6984985     0.038203789
       5.6411182     -0.23763047     -0.25020775       8.9155949       8.9120179     0.040137267
       5.7754305     -0.24043226     -0.25350467       9.1294800       9.1256361     0.042122097
       5.9097429     -0.24329094     -0.25685854       9.3434798       9.3393557     0.044158657
       6.0440552     -0.24620610     -0.26026787       9.5575971       9.5531790     0.046247337
       6.1783676     -0.24917732     -0.26373115       9.7718346       9.7671085     0.048388544
       6.3126799     -0.25220422     -0.26724684       9.9861953       9.9811466     0.050582695
       6.4469922     -0.25528643     -0.27081333       10.200682       10.195296     0.052830227
       6.5813046     -0.25842361     -0.27442899       10.415297       10.409558     0.055131587
       6.7156169     -0.26161547     -0.27809216       10.630044       10.623937     0.057487242
       6.8499293     -0.26486170     -0.28180113       10.844926       10.838434     0.059897672
       6.9842416     -0.26816208     -0.28555413       11.059945       11.053052     0.062363375
       7.1185539     -0.27151639     -0.28934939       11.275104       11.267793     0.064884866
       7.2528663     -0.27492446     -0.29318506       11.490406       11.482659     0.067462677
       7.3871786     -0.27838616     -0.29705928       11.705854       11.697654     0.070097360
       7.5214909     -0.28190142     -0.30097012       11.921452       11.912780     0.072789482
       7.6558033     -0.28547020     -0.30491563       12.137201       12.128039     0.075539634
       7.7901156     -0.28909253     -0.30889381       12.353105       12.343434     0.078348422
       7.9244280     -0.29276849     -0.31290261       12.569167       12.558967     0.081216477
       8.0587403     -0.29649822     -0.31693995       12.785390       12.774641     0.084144448
       8.1930526     -0.30028193     -0.32100369       13.001776       12.990457     0.087133008
       8.3273650     -0.30411990     -0.32509166       13.218330       13.206420     0.090182850
       8.4616773     -0.30801249     -0.32920164       13.435053       13.422531     0.093294693
       8.5959897     -0.31196013     -0.33333135       13.651950       13.638792     0.096469278
       8.7303020     -0.31596334     -0.33747850       13.869022       13.855207     0.099707372
       8.8646143     -0.32002274     -0.34164072       14.086273       14.071778      0.10300977
       8.9989267     -0.32413902     -0.34581561       14.303707       14.288507      0.10637728
       9.1332390     -0.32831299     -0.35000071       14.521326       14.505397      0.10981077
       9.2675513     -0.33254558     -0.35419352       14.739133       14.722451      0.11331109
       9.4018637     -0.33683781     -0.35839149       14.957132       14.939671      0.11687916
       9.5361760     -0.34119084     -0.36259203       15.175326       15.157060      0.12051591
       9.6704884     -0.34560593     -0.36679249       15.393718       15.374619      0.12422230
       9.8048007     -0.35008452     -0.37099017       15.612311       15.592353      0.12799934
       9.9391130     -0.35462815     -0.37518232       15.831109       15.810263      0.13184805
       10.073425     -0.35923852     -0.37936614       16.050114       16.028353      0.13576950
       10.207738     -0.36391752     -0.38353878       16.269331       16.246624      0.13976480
       10.342050     -0.36866716     -0.38769734       16.488762       16.465079      0.14383508
       10.476362     -0.37348966     -0.39183885       16.708410       16.683721      0.14798152
       10.610675     -0.37838743     -0.39596031       16.928280       16.902553      0.15220534
       10.744987     -0.38336304     -0.40005865       17.148374       17.121578      0.15650780
       10.879299     -0.38841931     -0.40413074       17.368696       17.340797      0.16089020
       11.013612     -0.39355924     -0.40817341       17.589250       17.560214      0.16535389
       11.147924     -0.39878609     -0.41218343       17.810039       17.779831      0.16990026
       11.282236     -0.40410335     -0.41615749       18.031066       17.999651      0.17453075
       11.416549     -0.40951476     -0.42009225       18.252335       18.219677      0.17924686
       11.550861     -0.41502432     -0.42398430       18.473850       18.439911      0.18405012
       11.685173     -0.42063634     -0.42783017       18.695614       18.660356      0.18894213
       11.819486     -0.42635539     -0.43162634       18.917631       18.881016      0.19392454
       11.953798     -0.43218637     -0.43536919       19.139904       19.101892      0.19899906
       12.088110     -0.43813452     -0.43905509       19.362438       19.322987      0.20416746
       12.222423     -0.44420540     -0.44268032       19.585236       19.544304      0.20943156
       12.356735     -0.45040494     -0.44624109       19.808302       19.765846      0.21479326
       12.491047     -0.45673945     -0.44973355       20.031640       19.987616      0.22025453
       12.625360     -0.46321564     -0.45315381       20.255253       20.209616      0.22581738
       12.759672     -0.46984064     -0.45649787       20.479146       20.431850      0.23148393
       12.893984     -0.47662204     -0.45976169       20.703323       20.654320      0.23725635
       13.028297     -0.48356785     -0.46294116       20.927788       20.877028      0.24313689
       13.162609     -0.49068662     -0.46603209       21.152544       21.099978      0.24912790
       13.296921     -0.49798738     -0.46903022       21.377597       21.323173      0.25523179
       13.431234     -0.50547970     -0.47193124       21.602949       21.546615      0.26145107

Table series: Data for wavelength : 0.587562 µm.
   Y Angle (deg)       Tan Shift       Sag Shift     Real Height     Ref. Height      Distortion
  --------------  --------------  --------------  --------------  --------------  --------------
      0.00000000 -3.6463275E-003 -3.6463275E-003      0.00000000      0.00000000      0.00000000
      0.13431234 -3.6710886E-003 -3.6901575E-003      0.21151871      0.21151866  2.0713101E-005
      0.26862468 -3.7587302E-003 -3.8216313E-003      0.42304000      0.42303965  8.2856811E-005
      0.40293701 -3.9092162E-003 -4.0406999E-003      0.63456647      0.63456528  1.8643952E-004
      0.53724935 -4.1224839E-003 -4.3472819E-003      0.84610070      0.84609789  3.3147601E-004
      0.67156169 -4.3984432E-003 -4.7412628E-003       1.0576453       1.0576398  5.1798703E-004
      0.80587403 -4.7369775E-003 -5.2224966E-003       1.2692028       1.2691933  7.4599926E-004
      0.94018637 -5.1379432E-003 -5.7908035E-003       1.4807759       1.4807608  1.0155454E-003
       1.0744987 -5.6011703E-003 -6.4459715E-003       1.6923670       1.6923446  1.3266640E-003
       1.2088110 -6.1264623E-003 -7.1877557E-003       1.9039789       1.9039470  1.6794000E-003
       1.3431234 -6.7135967E-003 -8.0158786E-003       2.1156141       2.1155703  2.0738040E-003
       1.4774357 -7.3623248E-003 -8.9300297E-003       2.3272753       2.3272168  2.5099331E-003
       1.6117481 -8.0723732E-003 -9.9298653E-003       2.5389649       2.5388890  2.9878511E-003
       1.7460604 -8.8434407E-003    -0.011015010       2.7506856       2.7505891  3.5076260E-003
       1.8803727 -9.6752035E-003    -0.012185053       2.9624400       2.9623194  4.0693343E-003
       2.0146851    -0.010567312    -0.013439553       3.1742307       3.1740824  4.6730579E-003
       2.1489974    -0.011519393    -0.014778033       3.3860604       3.3858803  5.3188854E-003
       2.2833098    -0.012531048    -0.016199986       3.5979315       3.5977154  6.0069120E-003
       2.4176221    -0.013601857    -0.017704867       3.8098468       3.8095901  6.7372393E-003
       2.5519344    -0.014731377    -0.019292102       4.0218088       4.0215068  7.5099758E-003
       2.6862468    -0.015919140    -0.020961080       4.2338202       4.2334678  8.3252368E-003
       2.8205591    -0.017164658    -0.022711158       4.4458836       4.4454754  9.1831445E-003
       2.9548714    -0.018467423    -0.024541659       4.6580016       4.6575320     0.010083828
       3.0891838    -0.019826904    -0.026451871       4.8701769       4.8696399     0.011027424
       3.2234961    -0.021242552    -0.028441049       5.0824120       5.0818014     0.012014077
       3.3578085    -0.022713798    -0.030508413       5.2947096       5.2940190     0.013043936
       3.4921208    -0.024240054    -0.032653148       5.5070724       5.5062950     0.014117162
       3.6264331    -0.025820715    -0.034874405       5.7195029       5.7186318     0.015233921
       3.7607455    -0.027455160    -0.037171301       5.9320040       5.9310316     0.016394386
       3.8950578    -0.029142749    -0.039542917       6.1445781       6.1434969     0.017598741
       4.0293701    -0.030882832    -0.041988299       6.3572280       6.3560300     0.018847177
       4.1636825    -0.032674739    -0.044506457       6.5699563       6.5686334     0.020139892
       4.2979948    -0.034517793    -0.047096365       6.7827657       6.7813093     0.021477095
       4.4323072    -0.036411301    -0.049756964       6.9956589       6.9940602     0.022859001
       4.5666195    -0.038354560    -0.052487157       7.2086386       7.2068884     0.024285836
       4.7009318    -0.040346859    -0.055285809       7.4217074       7.4197963     0.025757836
       4.8352442    -0.042387477    -0.058151752       7.6348681       7.6327863     0.027275245
       4.9695565    -0.044475686    -0.061083779       7.8481234       7.8458608     0.028838316
       5.1038689    -0.046610754    -0.064080647       8.0614759       8.0590221     0.030447314
       5.2381812    -0.048791943    -0.067141076       8.2749284       8.2722728     0.032102513
       5.3724935    -0.051018513    -0.070263746       8.4884836       8.4856151     0.033804198
       5.5068059    -0.053289724    -0.073447303       8.7021443       8.6990516     0.035552664
       5.6411182    -0.055604833    -0.076690352       8.9159132       8.9125845     0.037348217
       5.7754305    -0.057963104    -0.079991461       9.1297930       9.1262163     0.039191176
       5.9097429    -0.060363802    -0.083349158       9.3437865       9.3399495     0.041081871
       6.0440552    -0.062806197    -0.086761935       9.5578965       9.5537864     0.043020643
       6.1783676    -0.065289571    -0.090228242       9.7721257       9.7677294     0.045007846
       6.3126799    -0.067813211    -0.093746489       9.9864770       9.9817811     0.047043847
       6.4469922    -0.070376420    -0.097315049       10.200953       10.195944     0.049129026
       6.5813046    -0.072978514     -0.10093225       10.415557       10.410220     0.051263776
       6.7156169    -0.075618824     -0.10459639       10.630291       10.624612     0.053448505
       6.8499293    -0.078296704     -0.10830570       10.845158       10.839123     0.055683634
       6.9842416    -0.081011525     -0.11205841       11.060162       11.053754     0.057969599
       7.1185539    -0.083762686     -0.11585267       11.275305       11.268509     0.060306853
       7.2528663    -0.086549612     -0.11968661       11.490589       11.483389     0.062695862
       7.3871786    -0.089371758     -0.12355831       11.706018       11.698398     0.065137111
       7.5214909    -0.092228614     -0.12746581       11.921595       11.913538     0.067631098
       7.6558033    -0.095119702     -0.13140710       12.137322       12.128810     0.070178342
       7.7901156    -0.098044588     -0.13538013       12.353203       12.344219     0.072779377
       7.9244280     -0.10100288     -0.13938281       12.569240       12.559765     0.075434758
       8.0587403     -0.10399423     -0.14341300       12.785436       12.775453     0.078145056
       8.1930526     -0.10701835     -0.14746851       13.001795       12.991283     0.080910863
       8.3273650     -0.11007500     -0.15154712       13.218318       13.207260     0.083732791
       8.4616773     -0.11316399     -0.15564656       13.435010       13.423384     0.086611475
       8.5959897     -0.11628520     -0.15976448       13.651873       13.639659     0.089547567
       8.7303020     -0.11943860     -0.16389854       13.868911       13.856088     0.092541745
       8.8646143     -0.12262419     -0.16804630       14.086125       14.072673     0.095594708
       8.9989267     -0.12584209     -0.17220530       14.303520       14.289416     0.098707181
       9.1332390     -0.12909247     -0.17637302       14.521099       14.506320      0.10187991
       9.2675513     -0.13237560     -0.18054691       14.738864       14.723387      0.10511367
       9.4018637     -0.13569185     -0.18472434       14.956818       14.940621      0.10840927
       9.5361760     -0.13904169     -0.18890264       15.174965       15.158023      0.11176752
       9.6704884     -0.14242569     -0.19307910       15.393308       15.375597      0.11518929
       9.8048007     -0.14584452     -0.19725096       15.611850       15.593344      0.11867545
       9.9391130     -0.14929900     -0.20141538       15.830594       15.811269      0.12222693
       10.073425     -0.15279006     -0.20556949       16.049544       16.029372      0.12584467
       10.207738     -0.15631875     -0.20971036       16.268702       16.247657      0.12952965
       10.342050     -0.15988628     -0.21383500       16.488072       16.466126      0.13328288
       10.476362     -0.16349402     -0.21794038       16.707658       16.684782      0.13710541
       10.610675     -0.16714348     -0.22202340       16.927462       16.903628      0.14099832
       10.744987     -0.17083633     -0.22608090       17.147488       17.122666      0.14496274
       10.879299     -0.17457445     -0.23010967       17.367739       17.341899      0.14899981
       11.013612     -0.17835988     -0.23410645       17.588218       17.561330      0.15311075
       11.147924     -0.18219486     -0.23806790       17.808930       17.780961      0.15729679
       11.282236     -0.18608186     -0.24199064       18.029877       18.000795      0.16155921
       11.416549     -0.19002354     -0.24587121       18.251063       18.220835      0.16589935
       11.550861     -0.19402281     -0.24970610       18.472492       18.441083      0.17031858
       11.685173     -0.19808282     -0.25349174       18.694167       18.661543      0.17481832
       11.819486     -0.20220698     -0.25722449       18.916091       18.882216      0.17940005
       11.953798     -0.20639897     -0.26090065       19.138268       19.103106      0.18406530
       12.088110     -0.21066276     -0.26451644       19.360702       19.324215      0.18881563
       12.222423     -0.21500261     -0.26806804       19.583397       19.545547      0.19365270
       12.356735     -0.21942310     -0.27155155       19.806356       19.767103      0.19857819
       12.491047     -0.22392916     -0.27496299       20.029583       19.988887      0.20359386
       12.625360     -0.22852606     -0.27829832       20.253082       20.210901      0.20870152
       12.759672     -0.23321942     -0.28155343       20.476856       20.433149      0.21390305
       12.893984     -0.23801530     -0.28472415       20.700910       20.655633      0.21920042
       13.028297     -0.24292012     -0.28780622       20.925247       20.878355      0.22459563
       13.162609     -0.24794075     -0.29079531       21.149872       21.101320      0.23009078
       13.296921     -0.25308452     -0.29368702       21.374788       21.324529      0.23568805
       13.431234     -0.25835925     -0.29647688       21.600000       21.547985      0.24138968

Table series: Data for wavelength : 0.656273 µm.
   Y Angle (deg)       Tan Shift       Sag Shift     Real Height     Ref. Height      Distortion
  --------------  --------------  --------------  --------------  --------------  --------------
      0.00000000      0.12943591      0.12943591      0.00000000      0.00000000      0.00000000
      0.13431234      0.12941225      0.12939208      0.21150944      0.21150941  1.8212106E-005
      0.26862468      0.12932979      0.12926062      0.42302147      0.42302114  7.8307750E-005
      0.40293701      0.12918854      0.12904157      0.63453865      0.63453752  1.7847635E-004
      0.53724935      0.12898858      0.12873502      0.84606357      0.84606087  3.1873172E-004
      0.67156169      0.12873001      0.12834108       1.0575988       1.0575935  4.9909319E-004
      0.80587403      0.12841296      0.12785990       1.2691469       1.2691378  7.1958566E-004
      0.94018637      0.12803758      0.12729166       1.4807105       1.4806960  9.8023962E-004
       1.0744987      0.12760406      0.12663658       1.6922922       1.6922705  1.2810912E-003
       1.2088110      0.12711261      0.12589490       1.9038945       1.9038637  1.6221820E-003
       1.3431234      0.12656347      0.12506689       2.1155201       2.1154777  2.0035596E-003
       1.4774357      0.12595692      0.12415289       2.3271715       2.3271150  2.4252771E-003
       1.6117481      0.12529325      0.12315323       2.5388512       2.5387779  2.8873840E-003
       1.7460604      0.12457280      0.12206828       2.7505620       2.7504687  3.3899640E-003
       1.8803727      0.12379591      0.12089848       2.9623063       2.9621898  3.9330782E-003
       2.0146851      0.12296297      0.11964425       3.1740869       3.1739435  4.5168034E-003
       2.1489974      0.12207438      0.11830609       3.3859062       3.3857321  5.1412222E-003
       2.2833098      0.12113059      0.11688450       3.5977669       3.5975580  5.8064234E-003
       2.4176221      0.12013205      0.11538004       3.8096715       3.8094234  6.5125020E-003
       2.5519344      0.11907924      0.11379328       4.0216228       4.0213309  7.2595593E-003
       2.6862468      0.11797269      0.11212485       4.2336232       4.2332825  8.0477030E-003
       2.8205591      0.11681292      0.11037538       4.4456755       4.4452809  8.8770473E-003
       2.9548714      0.11560049      0.10854557       4.6577822       4.6573282  9.7477130E-003
       3.0891838      0.11433600      0.10663612       4.8699459       4.8694268     0.010659828
       3.2234961      0.11302004      0.10464781       5.0821692       5.0815791     0.011613526
       3.3578085      0.11165324      0.10258140       5.2944549       5.2937874     0.012608948
       3.4921208      0.11023625      0.10043773       5.5068055       5.5060541     0.013646244
       3.6264331      0.10876974     0.098217653       5.7192236       5.7183815     0.014725569
       3.7607455      0.10725440     0.095922058       5.9317119       5.9307721     0.015847086
       3.8950578      0.10569094     0.093551875       6.1442731       6.1432281     0.017010966
       4.0293701      0.10408008     0.091108066       6.3569098       6.3557519     0.018217387
       4.1636825      0.10242257     0.088591631       6.5696246       6.5683460     0.019466536
       4.2979948      0.10071917     0.086003606       6.7824202       6.7810126     0.020758607
       4.4323072     0.098970645     0.083345060       6.9952993       6.9937541     0.022093803
       4.5666195     0.097177793     0.080617102       7.2082646       7.2065730     0.023472336
       4.7009318     0.095341413     0.077820875       7.4213186       7.4194716     0.024894425
       4.8352442     0.093462317     0.074957562       7.6344642       7.6324523     0.026360300
       4.9695565     0.091541329     0.072028380       7.8477040       7.8455175     0.027870198
       5.1038689     0.089579282     0.069034585       8.0610407       8.0586695     0.029424367
       5.2381812     0.087577017     0.065977471       8.2744770       8.2719108     0.031023064
       5.3724935     0.085535380     0.062858367       8.4880157       8.4852438     0.032666557
       5.5068059     0.083455223     0.059678645       8.7016594       8.6986709     0.034355122
       5.6411182     0.081337402     0.056439711       8.9154108       8.9121945     0.036089047
       5.7754305     0.079182773     0.053143012       9.1292728       9.1258170     0.037868631
       5.9097429     0.076992193     0.049790034       9.3432480       9.3395408     0.039694183
       6.0440552     0.074766518     0.046382303       9.5573393       9.5533683     0.041566024
       6.1783676     0.072506599     0.042921383       9.7715493       9.7673021     0.043484487
       6.3126799     0.070213281     0.039408880       9.9858809       9.9813444     0.045449916
       6.4469922     0.067887403     0.035846439       10.200337       10.195498     0.047462669
       6.5813046     0.065529792     0.032235746       10.414920       10.409765     0.049523115
       6.7156169     0.063141266     0.028578528       10.629633       10.624147     0.051631638
       6.8499293     0.060722625     0.024876556       10.844479       10.838649     0.053788633
       6.9842416     0.058274656     0.021131639       11.059460       11.053271     0.055994513
       7.1185539     0.055798123     0.017345632       11.274579       11.268016     0.058249700
       7.2528663     0.053293770     0.013520430       11.489840       11.482887     0.060554636
       7.3871786     0.050762317  9.6579727E-003       11.705245       11.697886     0.062909777
       7.5214909     0.048204454  5.7602427E-003       11.920797       11.913016     0.065315591
       7.6558033     0.045620841  1.8292670E-003       12.136499       12.128280     0.067772569
       7.7901156     0.043012105 -2.1328829E-003       12.352354       12.343679     0.070281213
       7.9244280     0.040378835 -6.1240907E-003       12.568364       12.559216     0.072842045
       8.0587403     0.037721578    -0.010142194       12.784533       12.774894     0.075455606
       8.1930526     0.035040839    -0.014184986       13.000864       12.990715     0.078122453
       8.3273650     0.032337074    -0.018250212       13.217358       13.206682     0.080843164
       8.4616773     0.029610685    -0.022335571       13.434021       13.422797     0.083618337
       8.5959897     0.026862020    -0.026438714       13.650853       13.639063     0.086448590
       8.7303020     0.024091365    -0.030557244       13.867860       13.855482     0.089334560
       8.8646143     0.021298941    -0.034688716       14.085042       14.072057     0.092276911
       8.9989267     0.018484899    -0.038830636       14.302404       14.288790     0.095276324
       9.1332390     0.015649315    -0.042980458       14.519949       14.505685     0.098333509
       9.2675513     0.012792185    -0.047135590       14.737679       14.722743      0.10144919
       9.4018637  9.9134198E-003    -0.051293385       14.955598       14.939967      0.10462414
       9.5361760  7.0128373E-003    -0.055451145       15.173709       15.157360      0.10785913
       9.6704884  4.0901594E-003    -0.059606122       15.392014       15.374924      0.11115496
       9.8048007  1.1450044E-003    -0.063755514       15.610518       15.592662      0.11451249
       9.9391130 -1.8231191E-003    -0.067896464       15.829223       15.810577      0.11793256
       10.073425 -4.8148230E-003    -0.072026063       16.048132       16.028670      0.12141609
       10.207738 -7.8308370E-003    -0.076141345       16.267248       16.246946      0.12496400
       10.342050    -0.010872026    -0.080239290       16.486576       16.465405      0.12857724
       10.476362    -0.013939396    -0.084316821       16.706118       16.684052      0.13225681
       10.610675    -0.017034097    -0.088370803       16.925877       16.902888      0.13600373
       10.744987    -0.020157438    -0.092398045       17.145857       17.121917      0.13981907
       10.879299    -0.023310892    -0.096395295       17.366060       17.341141      0.14370393
       11.013612    -0.026496107     -0.10035924       17.586492       17.560562      0.14765944
       11.147924    -0.029714916     -0.10428652       17.807153       17.780183      0.15168678
       11.282236    -0.032969347     -0.10817369       18.028049       18.000008      0.15578717
       11.416549    -0.036261634     -0.11201726       18.249183       18.220038      0.15996187
       11.550861    -0.039594228     -0.11581368       18.470558       18.440277      0.16421219
       11.685173    -0.042969811     -0.11955932       18.692177       18.660726      0.16853947
       11.819486    -0.046391306     -0.12325050       18.914044       18.881390      0.17294513
       11.953798    -0.049861891     -0.12688346       19.136163       19.102270      0.17743061
       12.088110    -0.053385013     -0.13045439       19.358538       19.323370      0.18199740
       12.222423    -0.056964405     -0.13395940       19.581171       19.544691      0.18664707
       12.356735    -0.060604096     -0.13739454       19.804067       19.766238      0.19138122
       12.491047    -0.064308434     -0.14075579       20.027229       19.988012      0.19620152
       12.625360    -0.068082095     -0.14403904       20.250661       20.210017      0.20110970
       12.759672    -0.071930106     -0.14724014       20.474367       20.432255      0.20610756
       12.893984    -0.075857866     -0.15035483       20.698351       20.654729      0.21119694
       13.028297    -0.079871160     -0.15337882       20.922616       20.877442      0.21637977
       13.162609    -0.083976177     -0.15630770       21.147167       21.100397      0.22165804
       13.296921    -0.088179542     -0.15913702       21.372008       21.323596      0.22703382
       13.431234    -0.092488333     -0.16186223       21.597141       21.547043      0.23250926
