Results for:	
File:	C:\Users\User\OneDrive - Massachusetts Institute of Technology\Documents\MIT\Grad School\Classes\2.156\Lens Project\Prime Lenses\US02968221-1.zmx
Title:	
Date:	11/7/2025 5:45:01 PM

0 message(s) in output.
3 series table(s) in output.

Table series: Data for wavelength : 0.486133 µm.
   Y Angle (deg)       Tan Shift       Sag Shift     Real Height     Ref. Height      Distortion
  --------------  --------------  --------------  --------------  --------------  --------------
      0.00000000     0.018405310     0.018405310      0.00000000      0.00000000      0.00000000
      0.33000000     0.018363120     0.018349374      0.14661155      0.14661183 -1.8932354E-004
      0.66000000     0.018234986     0.018181645      0.29323127      0.29323339 -7.2104351E-004
      0.99000000     0.018021109     0.017902368      0.43986733      0.43987440 -1.6079064E-003
       1.3200000     0.017721818     0.017511947      0.58652789      0.58654461 -2.8508882E-003
       1.6500000     0.017337576     0.017010950      0.73322112      0.73325376 -4.4513776E-003
       1.9800000     0.016868976     0.016400106      0.87995517      0.88001159 -6.4111554E-003
       2.3100000     0.016316744     0.015680309       1.0267382       1.0268279 -8.7324017E-003
       2.6400000     0.015681734     0.014852615       1.1735784       1.1737124    -0.011417698
       2.9700000     0.014964932     0.013918246       1.3204839       1.3206750    -0.014470032
       3.3000000     0.014167453     0.012878587       1.4674628       1.4677254    -0.017892795
       3.6300000     0.013290543     0.011735189       1.6145233       1.6148735    -0.021689792
       3.9600000     0.012335576     0.010489771       1.7616735       1.7621292    -0.025865242
       4.2900000     0.011304052  9.1442175E-003       1.9089215       1.9095024    -0.030423783
       4.6200000     0.010197602  7.7005830E-003       2.0562754       2.0570030    -0.035370476
       4.9500000  9.0179809E-003  6.1610910E-003       2.2037434       2.2046409    -0.040710812
       5.2800000  7.7670711E-003  4.5281361E-003       2.3513335       2.3524262    -0.046450714
       5.6100000  6.4468787E-003  2.8042853E-003       2.4990539       2.5003690    -0.052596549
       5.9400000  5.0595334E-003  9.9227907E-004       2.6469125       2.6484792    -0.059155127
       6.2700000  3.6072876E-003 -9.0496668E-004       2.7949174       2.7967670    -0.066133715
       6.6000000  2.0925142E-003 -2.8843594E-003       2.9430767       2.9452427    -0.073540039
       6.9300000  5.1770582E-004 -4.9426279E-003       3.0913984       3.0939163    -0.081382295
       7.2600000 -1.1145271E-003 -7.0763206E-003       3.2398905       3.2427983    -0.089669156
       7.5900000 -2.8014584E-003 -9.2818040E-003       3.3885609       3.3918989    -0.098409780
       7.9200000 -4.5402476E-003    -0.011555260       3.5374177       3.5412285     -0.10761382
       8.2500000 -6.3279425E-003    -0.013892685       3.6864687       3.6907977     -0.11729144
       8.5800000 -8.1614813E-003    -0.016289886       3.8357219       3.8406168     -0.12745331
       8.9100000    -0.010037696    -0.018742481       3.9851851       3.9906966     -0.13811063
       9.2400000    -0.011953312    -0.021245893       4.1348661       4.1410477     -0.14927514
       9.5700000    -0.013904958    -0.023795351       4.2847729       4.2916808     -0.16095912
       9.9000000    -0.015889161    -0.026385887       4.4349132       4.4426067     -0.17317542
       10.230000    -0.017902355    -0.029012330       4.5852947       4.5938363     -0.18593747
       10.560000    -0.019940884    -0.031669310       4.7359251       4.7453807     -0.19925927
       10.890000    -0.022001008    -0.034351247       4.8868121       4.8972508     -0.21315543
       11.220000    -0.024078901    -0.037052356       5.0379633       5.0494579     -0.22764118
       11.550000    -0.026170666    -0.039766639       5.1893862       5.2020132     -0.24273237
       11.880000    -0.028272333    -0.042487885       5.3410885       5.3549281     -0.25844550
       12.210000    -0.030379865    -0.045209664       5.4930775       5.5082139     -0.27479775
       12.540000    -0.032489170    -0.047925328       5.6453606       5.6618823     -0.29180695
       12.870000    -0.034596102    -0.050628005       5.7979451       5.8159450     -0.30949165
       13.200000    -0.036696474    -0.053310596       5.9508384       5.9704137     -0.32787111
       13.530000    -0.038786060    -0.055965775       6.1040476       6.1253002     -0.34696531
       13.860000    -0.040860609    -0.058585981       6.2575798       6.2806167     -0.36679500
       14.190000    -0.042915853    -0.061163420       6.4114420       6.4363753     -0.38738170
       14.520000    -0.044947515    -0.063690057       6.5656412       6.5925883     -0.40874772
       14.850000    -0.046951325    -0.066157616       6.7201842       6.7492679     -0.43091617
       15.180000    -0.048923027    -0.068557578       6.8750778       6.9064268     -0.45391103
       15.510000    -0.050858396    -0.070881173       7.0303286       7.0640777     -0.47775711
       15.840000    -0.052753250    -0.073119383       7.1859431       7.2222334     -0.50248012
       16.170000    -0.054603465    -0.075262935       7.3419278       7.3809068     -0.52810667
       16.500000    -0.056404995    -0.077302300       7.4982888       7.5401111     -0.55466430
       16.830000    -0.058153884    -0.079227690       7.6550324       7.6998596     -0.58218150
       17.160000    -0.059846290    -0.081029056       7.8121646       7.8601656     -0.61068778
       17.490000    -0.061478505    -0.082696084       7.9696911       8.0210429     -0.64021360
       17.820000    -0.063046976    -0.084218195       8.1276178       8.1825052     -0.67079051
       18.150000    -0.064548330    -0.085584543       8.2859500       8.3445665     -0.70245110
       18.480000    -0.065979399    -0.086784011       8.4446932       8.5072409     -0.73522905
       18.810000    -0.067337250    -0.087805215       8.6038526       8.6705428     -0.76915919
       19.140000    -0.068619215    -0.088636495       8.7634330       8.8344868     -0.80427748
       19.470000    -0.069822923    -0.089265925       8.9234392       8.9990874     -0.84062107
       19.800000    -0.070946334    -0.089681303       9.0838758       9.1643598     -0.87822835
       20.130000    -0.071987781    -0.089870159       9.2447470       9.3303190     -0.91713892
       20.460000    -0.072946008    -0.089819755       9.4060569       9.4969804     -0.95739369
       20.790000    -0.073820213    -0.089517081       9.5678093       9.6643596     -0.99903489
       21.120000    -0.074610100    -0.088948868       9.7300076       9.8324724      -1.0421061
       21.450000    -0.075315926    -0.088101583       9.8926553       10.001335      -1.0866523
       21.780000    -0.075938560    -0.086961438       10.055755       10.170964      -1.1327198
       22.110000    -0.076479537    -0.085514394       10.219310       10.341375      -1.1803565
       22.440000    -0.076941131    -0.083746169       10.383321       10.512585      -1.2296117
       22.770000    -0.077326414    -0.081642248       10.547792       10.684612      -1.2805363
       23.100000    -0.077639337    -0.079187887       10.712723       10.857473      -1.3331827
       23.430000    -0.077884810    -0.076368132       10.878116       11.031185      -1.3876051
       23.760000    -0.078068783    -0.073167827       11.043971       11.205766      -1.4438591
       24.090000    -0.078198344    -0.069571630       11.210289       11.381235      -1.5020020
       24.420000    -0.078281817    -0.065564033       11.377070       11.557610      -1.5620931
       24.750000    -0.078328866    -0.061129381       11.544313       11.734910      -1.6241932
       25.080000    -0.078350620    -0.056251891       11.712017       11.913154      -1.6883650
       25.410000    -0.078359785    -0.050915685       11.880181       12.092362      -1.7546731
       25.740000    -0.078370786    -0.045104810       12.048802       12.272553      -1.8231839
       26.070000    -0.078399906    -0.038803279       12.217878       12.453748      -1.8939659
       26.400000    -0.078465445    -0.031995102       12.387405       12.635966      -1.9670894
       26.730000    -0.078587881    -0.024664329       12.557381       12.819230      -2.0426268
       27.060000    -0.078790052    -0.016795094       12.727799       13.003559      -2.1206525
       27.390000    -0.079097345 -8.3716693E-003       12.898655       13.188977      -2.2012432
       27.720000    -0.079537903  6.2148323E-004       13.069944       13.375504      -2.2844775
       28.050000    -0.080142845     0.010199644       13.241658       13.563165      -2.3704363
       28.380000    -0.080946504     0.020377771       13.413791       13.751980      -2.4592029
       28.710000    -0.081986679     0.031170416       13.586333       13.941974      -2.5508627
       29.040000    -0.083304913     0.042591646       13.759277       14.133171      -2.6455034
       29.370000    -0.084946778     0.054654944       13.932612       14.325594      -2.7432152
       29.700000    -0.086962194     0.067373107       14.106328       14.519269      -2.8440907
       30.030000    -0.089405762     0.080758128       14.280412       14.714221      -2.9482250
       30.360000    -0.092337125     0.094821072       14.454853       14.910475      -3.0557155
       30.690000    -0.095821350      0.10957193       14.629637       15.108058      -3.1666625
       31.020000    -0.099929343      0.12501949       14.804748       15.306996      -3.2811687
       31.350000     -0.10473828      0.14117110       14.980171       15.507317      -3.3993395
       31.680000     -0.11033210      0.15803259       15.155889       15.709049      -3.5212832
       32.010000     -0.11680197      0.17560796       15.331884       15.912220      -3.6471106
       32.340000     -0.12424684      0.19389922       15.508136       16.116860      -3.7769357
       32.670000     -0.13277401      0.21290613       15.684625       16.322997      -3.9108750
       33.000000     -0.14249973      0.23262592       15.861328       16.530663      -4.0490484

Table series: Data for wavelength : 0.587562 µm.
   Y Angle (deg)       Tan Shift       Sag Shift     Real Height     Ref. Height      Distortion
  --------------  --------------  --------------  --------------  --------------  --------------
      0.00000000     0.041545042     0.041545042      0.00000000      0.00000000      0.00000000
      0.33000000     0.041507953     0.041487588      0.14654262      0.14654287 -1.7129483E-004
      0.66000000     0.041394090     0.041315306      0.29309345      0.29309546 -6.8540458E-004
      0.99000000     0.041203657     0.041028436      0.43966071      0.43966749 -1.5429024E-003
       1.3200000     0.040936996     0.040627378      0.58625262      0.58626871 -2.7447180E-003
       1.6500000     0.040594585     0.040112693      0.73287739      0.73290885 -4.2922014E-003
       1.9800000     0.040177035     0.039485104      0.87954323      0.87959765 -6.1870750E-003
       2.3100000     0.039685094     0.038745493       1.0262583       1.0263449 -8.4314471E-003
       2.6400000     0.039119647     0.037894904       1.1730309       1.1731603    -0.011027815
       2.9700000     0.038481709     0.036934545       1.3198692       1.3200538    -0.013979065
       3.3000000     0.037772433     0.035865785       1.4667814       1.4670350    -0.017288481
       3.6300000     0.036993105     0.034690159       1.6137756       1.6141139    -0.020959741
       3.9600000     0.036145144     0.033409364       1.7608601       1.7613004    -0.024996924
       4.2900000     0.035230102     0.032025265       1.9080430       1.9086042    -0.029404515
       4.6200000     0.034249664     0.030539891       2.0553325       2.0560354    -0.034187410
       4.9500000     0.033205644     0.028955443       2.2027368       2.2036039    -0.039350916
       5.2800000     0.032099990     0.027274286       2.3502639       2.3513197    -0.044900763
       5.6100000     0.030934777     0.025498959       2.4979222       2.4991928    -0.050843105
       5.9400000     0.029712210     0.023632171       2.6457196       2.6472334    -0.057184530
       6.2700000     0.028434621     0.021676806       2.7936643       2.7954515    -0.063932062
       6.6000000     0.027104470     0.019635920       2.9417644       2.9438573    -0.071093171
       6.9300000     0.025724339     0.017512748       3.0900280       3.0924610    -0.078675783
       7.2600000     0.024296936     0.015310702       3.2384631       3.2412729    -0.086688281
       7.5900000     0.022825090     0.013033376       3.3870779       3.3903034    -0.095139522
       7.9200000     0.021311752     0.010684544       3.5358803       3.5395628     -0.10403884
       8.2500000     0.019759989  8.2681668E-003       3.6848783       3.6890616     -0.11339605
       8.5800000     0.018172984  5.7883882E-003       3.8340801       3.8388103     -0.12322147
       8.9100000     0.016554035  3.2495430E-003       3.9834934       3.9888195     -0.13352594
       9.2400000     0.014906552  6.5615645E-004       4.1331262       4.1390998     -0.14432080
       9.5700000     0.013234051 -1.9870530E-003       4.2829866       4.2896620     -0.15561791
       9.9000000     0.011540155 -4.6751711E-003       4.4330822       4.4405170     -0.16742971
       10.230000  9.8285896E-003 -7.4030853E-003       4.5834211       4.5916755     -0.17976916
       10.560000  8.1031774E-003    -0.010165482       4.7340109       4.7431485     -0.19264980
       10.890000  6.3678365E-003    -0.012956844       4.8848595       4.8949473     -0.20608576
       11.220000  4.6265754E-003    -0.015771448       5.0359745       5.0470827     -0.22009173
       11.550000  2.8834878E-003    -0.018603360       5.1873638       5.1995663     -0.23468306
       11.880000  1.1427485E-003    -0.021446435       5.3390348       5.3524092     -0.24987568
       12.210000 -5.9139247E-004    -0.024294312       5.4909953       5.5056229     -0.26568619
       12.540000 -2.3146162E-003    -0.027140414       5.6432526       5.6592191     -0.28213181
       12.870000 -4.0225407E-003    -0.029977939       5.7958144       5.8132093     -0.29923048
       13.200000 -5.7107282E-003    -0.032799863       5.9486879       5.9676053     -0.31700079
       13.530000 -7.3746926E-003    -0.035598933       6.1018806       6.1224190     -0.33546207
       13.860000 -9.0099081E-003    -0.038367668       6.2553997       6.2776625     -0.35463433
       14.190000    -0.010611817    -0.041098348       6.4092524       6.4333478     -0.37453839
       14.520000    -0.012175842    -0.043783021       6.5634458       6.5894872     -0.39519577
       14.850000    -0.013697393    -0.046413491       6.7179870       6.7460932     -0.41662883
       15.180000    -0.015171879    -0.048981320       6.8728829       6.9031782     -0.43886070
       15.510000    -0.016594725    -0.051477824       7.0281402       7.0607549     -0.46191536
       15.840000    -0.017961379    -0.053894066       7.1837658       7.2188362     -0.48581764
       16.170000    -0.019267331    -0.056220859       7.3397663       7.3774350     -0.51059323
       16.500000    -0.020508123    -0.058448759       7.4961481       7.5365644     -0.53626872
       16.830000    -0.021679374    -0.060568064       7.6529178       7.6962377     -0.56287165
       17.160000    -0.022776790    -0.062568809       7.8100814       7.8564684     -0.59043048
       17.490000    -0.023796188    -0.064440768       7.9676451       8.0172700     -0.61897465
       17.820000    -0.024733515    -0.066173445       8.1256149       8.1786563     -0.64853460
       18.150000    -0.025584872    -0.067756078       8.2839966       8.3406414     -0.67914181
       18.480000    -0.026346538    -0.069177634       8.4427958       8.5032393     -0.71082880
       18.810000    -0.027014998    -0.070426808       8.6020180       8.6664644     -0.74362917
       19.140000    -0.027586969    -0.071492022       8.7616685       8.8303312     -0.77757765
       19.470000    -0.028059433    -0.072361423       8.9217523       8.9948544     -0.81271011
       19.800000    -0.028429669    -0.073022884       9.0822744       9.1600490     -0.84906358
       20.130000    -0.028695290    -0.073464005       9.2432393       9.3259302     -0.88667631
       20.460000    -0.028854280    -0.073672111       9.4046516       9.4925132     -0.92558778
       20.790000    -0.028905038    -0.073634254       9.5665154       9.6598137     -0.96583874
       21.120000    -0.028846424    -0.073337216       9.7288347       9.8278474      -1.0074712
       21.450000    -0.028677802    -0.072767511       9.8916131       9.9966305      -1.0505287
       21.780000    -0.028399099    -0.071911391       10.054854       10.166179      -1.0950558
       22.110000    -0.028010858    -0.070754846       10.218560       10.336510      -1.1410988
       22.440000    -0.027514299    -0.069283614       10.382735       10.507640      -1.1887053
       22.770000    -0.026911384    -0.067483185       10.547381       10.679586      -1.2379243
       23.100000    -0.026204890    -0.065338812       10.712500       10.852366      -1.2888065
       23.430000    -0.025398483    -0.062835519       10.878093       11.025996      -1.3414040
       23.760000    -0.024496800    -0.059958113       11.044162       11.200495      -1.3957706
       24.090000    -0.023505539    -0.056691199       11.210708       11.375882      -1.4519616
       24.420000    -0.022431551    -0.053019192       11.377732       11.552174      -1.5100341
       24.750000    -0.021282943    -0.048926337       11.545234       11.729391      -1.5700469
       25.080000    -0.020069192    -0.044396729       11.713212       11.907551      -1.6320604
       25.410000    -0.018801260    -0.039414335       11.881668       12.086674      -1.6961369
       25.740000    -0.017491717    -0.033963022       12.050598       12.266780      -1.7623405
       26.070000    -0.016154886    -0.028026582       12.220001       12.447889      -1.8307372
       26.400000    -0.014806987    -0.021588771       12.389876       12.630022      -1.9013949
       26.730000    -0.013466296    -0.014633339       12.560218       12.813200      -1.9743835
       27.060000    -0.012153312 -7.1440757E-003       12.731024       12.997443      -2.0497746
       27.390000    -0.010890948  8.9514407E-004       12.902291       13.182773      -2.1276423
       27.720000 -9.7047180E-003  9.5003100E-003       13.074012       13.369213      -2.2080624
       28.050000 -8.6229573E-003     0.018687219       13.246183       13.556785      -2.2911131
       28.380000 -7.6770446E-003     0.028471410       13.418798       13.745511      -2.3768744
       28.710000 -6.9016469E-003     0.038868096       13.591848       13.935416      -2.4654288
       29.040000 -6.3349829E-003     0.049892083       13.765327       14.126523      -2.5568610
       29.370000 -6.0191019E-003     0.061557688       13.939226       14.318856      -2.6512580
       29.700000 -6.0001866E-003     0.073878638       14.113535       14.512440      -2.7487089
       30.030000 -6.3288757E-003     0.086867965       14.288244       14.707299      -2.8493056
       30.360000 -7.0606098E-003      0.10053789       14.463341       14.903461      -2.9531420
       30.690000 -8.2560025E-003      0.11489971       14.638815       15.100951      -3.0603149
       31.020000 -9.9812378E-003      0.12996362       14.814651       15.299796      -3.1709231
       31.350000    -0.012308494      0.14573858       14.990837       15.500023      -3.2850685
       31.680000    -0.015316396      0.16223216       15.167355       15.701660      -3.4028554
       32.010000    -0.019090506      0.17945032       15.344190       15.904735      -3.5243906
       32.340000    -0.023723833      0.19739721       15.521325       16.109279      -3.6497840
       32.670000    -0.029317392      0.21607498       15.698739       16.315319      -3.7791480
       33.000000    -0.035980785      0.23548345       15.876413       16.522887      -3.9125981

Table series: Data for wavelength : 0.656273 µm.
   Y Angle (deg)       Tan Shift       Sag Shift     Real Height     Ref. Height      Distortion
  --------------  --------------  --------------  --------------  --------------  --------------
      0.00000000     0.070654864     0.070654864      0.00000000      0.00000000      0.00000000
      0.33000000     0.070619961     0.070596836      0.14651505      0.14651524 -1.3264264E-004
      0.66000000     0.070512215     0.070422834      0.29303833      0.29304021 -6.3930033E-004
      0.99000000     0.070331836     0.070133095      0.43957809      0.43958462 -1.4843776E-003
       1.3200000     0.070079169     0.069728020      0.58614256      0.58615820 -2.6687731E-003
       1.6500000     0.069754697     0.069208166      0.73273996      0.73277069 -4.1938266E-003
       1.9800000     0.069359040     0.068574253      0.87937854      0.87943184 -6.0612355E-003
       2.3100000     0.068892957     0.067827160       1.0260665       1.0261514 -8.2730782E-003
       2.6400000     0.068357341     0.066967928       1.1728121       1.1729392    -0.010831816
       2.9700000     0.067753224     0.065997760       1.3196236       1.3198049    -0.013740294
       3.3000000     0.067081773     0.064918020       1.4665091       1.4667585    -0.017001749
       3.6300000     0.066344290     0.063730236       1.6134769       1.6138097    -0.020619805
       3.9600000     0.065542214     0.062436099       1.7605352       1.7609684    -0.024598484
       4.2900000     0.064677117     0.061037468       1.9076921       1.9082444    -0.028942208
       4.6200000     0.063750708     0.059536365       2.0549560       2.0556478    -0.033655798
       4.9500000     0.062764826     0.057934980       2.2023349       2.2031885    -0.038744489
       5.2800000     0.061721444     0.056235671       2.3498371       2.3508765    -0.044213927
       5.6100000     0.060622668     0.054440967       2.4974706       2.4987217    -0.050070178
       5.9400000     0.059470733     0.052553568       2.6452437       2.6467344    -0.056319734
       6.2700000     0.058268004     0.050576344       2.7931646       2.7949245    -0.062969518
       6.6000000     0.057016977     0.048512343       2.9412412       2.9433023    -0.070026893
       6.9300000     0.055720273     0.046364786       3.0894819       3.0918781    -0.077499669
       7.2600000     0.054380640     0.044137074       3.2378945       3.2406619    -0.085396110
       7.5900000     0.053000949     0.041832786       3.3864874       3.3896643    -0.093724942
       7.9200000     0.051584195     0.039455684       3.5352684       3.5388956     -0.10249536
       8.2500000     0.050133494     0.037009711       3.6842457       3.6883662     -0.11171705
       8.5800000     0.048652081     0.034498998       3.8334272       3.8380867     -0.12140018
       8.9100000     0.047143306     0.031927864       3.9828211       3.9880676     -0.13155541
       9.2400000     0.045610635     0.029300816       4.1324351       4.1383196     -0.14219393
       9.5700000     0.044057644     0.026622557       4.2822774       4.2888534     -0.15332745
       9.9000000     0.042488019     0.023897983       4.4323559       4.4396799     -0.16496818
       10.230000     0.040905549     0.021132188       4.5826783       4.5908099     -0.17712893
       10.560000     0.039314127     0.018330467       4.7332526       4.7422545     -0.18982303
       10.890000     0.037717744     0.015498317       4.8840865       4.8940245     -0.20306439
       11.220000     0.036120485     0.012641442       5.0351879       5.0461314     -0.21686751
       11.550000     0.034526523  9.7657534E-003       5.1865646       5.1985862     -0.23124749
       11.880000     0.032940118  6.8773763E-003       5.3382240       5.3514003     -0.24622005
       12.210000     0.031365606  3.9826488E-003       5.4901740       5.5045851     -0.26180152
       12.540000     0.029807402  1.0881273E-003       5.6424221       5.6581523     -0.27800889
       12.870000     0.028269982 -1.7994110E-003       5.7949759       5.8121135     -0.29485983
       13.200000     0.026757889 -4.6729650E-003       5.9478427       5.9664804     -0.31237264
       13.530000     0.025275714 -7.5253062E-003       6.1010301       6.1212649     -0.33056637
       13.860000     0.023828096    -0.010348976       6.2545453       6.2764791     -0.34946076
       14.190000     0.022419711    -0.013136282       6.4083956       6.4321351     -0.36907628
       14.520000     0.021055261    -0.015879296       6.5625882       6.5882451     -0.38943416
       14.850000     0.019739465    -0.018569847       6.7171302       6.7448215     -0.41055642
       15.180000     0.018477051    -0.021199523       6.8720287       6.9018769     -0.43246584
       15.510000     0.017272738    -0.023759665       7.0272904       7.0594240     -0.45518605
       15.840000     0.016131228    -0.026241364       7.1829224       7.2174754     -0.47874149
       16.170000     0.015057191    -0.028635458       7.3389312       7.3760443     -0.50315749
       16.500000     0.014055248    -0.030932529       7.4953235       7.5351437     -0.52846024
       16.830000     0.013129959    -0.033122901       7.6521057       7.6947869     -0.55467684
       17.160000     0.012285799    -0.035196636       7.8092843       7.8549874     -0.58183535
       17.490000     0.011527147    -0.037143530       7.9668654       8.0157587     -0.60996476
       17.820000     0.010858257    -0.038953115       8.1248551       8.1771146     -0.63909505
       18.150000     0.010283243    -0.040614653       8.2832593       8.3390692     -0.66925721
       18.480000  9.8060497E-003    -0.042117133       8.4420839       8.5016364     -0.70048329
       18.810000  9.4304316E-003    -0.043449273       8.6013343       8.6648307     -0.73280638
       19.140000  9.1599206E-003    -0.044599517       8.7610160       8.8286666     -0.76626067
       19.470000  8.9977981E-003    -0.045556033       8.9211343       8.9931589     -0.80088149
       19.800000  8.9470626E-003    -0.046306712       9.0816942       9.1583223     -0.83670532
       20.130000  9.0103936E-003    -0.046839169       9.2427004       9.3241722     -0.87376981
       20.460000  9.1901144E-003    -0.047140746       9.4041576       9.4907238     -0.91211384
       20.790000  9.4881516E-003    -0.047198506       9.5660702       9.6579928     -0.95177755
       21.120000  9.9059902E-003    -0.046999241       9.7284421       9.8259949     -0.99280233
       21.450000     0.010444627    -0.046529473       9.8912774       9.9947462      -1.0352309
       21.780000     0.011104518    -0.045775454       10.054580       10.164263      -1.0791074
       22.110000     0.011885526    -0.044723174       10.218352       10.334562      -1.1244772
       22.440000     0.012786859    -0.043358365       10.382597       10.505659      -1.1713873
       22.770000     0.013807004    -0.041666508       10.547319       10.677573      -1.2198859
       23.100000     0.014943664    -0.039632839       10.712518       10.850320      -1.2700229
       23.430000     0.016193679    -0.037242359       10.878198       11.023918      -1.3218496
       23.760000     0.017552945    -0.034479847       11.044359       11.198384      -1.3754190
       24.090000     0.019016332    -0.031329869       11.211004       11.373737      -1.4307855
       24.420000     0.020577588    -0.027776794       11.378132       11.549996      -1.4880054
       24.750000     0.022229243    -0.023804813       11.545744       11.727180      -1.5471364
       25.080000     0.023962490    -0.019397955       11.713840       11.905306      -1.6082382
       25.410000     0.025767083    -0.014540109       11.882420       12.084396      -1.6713720
       25.740000     0.027631207 -9.2150501E-003       12.051483       12.264468      -1.7366010
       26.070000     0.029541340 -3.4064676E-003       12.221027       12.445543      -1.8039901
       26.400000     0.031482113  2.9020056E-003       12.391049       12.627642      -1.8736061
       26.730000     0.033436152  9.7267564E-003       12.561548       12.810784      -1.9455178
       27.060000     0.035383914     0.017084152       12.732520       12.994993      -2.0197959
       27.390000     0.037303504     0.024990498       12.903962       13.180288      -2.0965131
       27.720000     0.039170482     0.033461983       13.075868       13.366693      -2.1757441
       28.050000     0.040957660     0.042514632       13.248234       13.554229      -2.2575658
       28.380000     0.042634873     0.052164241       13.421053       13.742920      -2.3420571
       28.710000     0.044168743     0.062426306       13.594320       13.932789      -2.4292992
       29.040000     0.045522421     0.073315955       13.768027       14.123860      -2.5193754
       29.370000     0.046655312     0.084847858       13.942165       14.316157      -2.6123713
       29.700000     0.047522776     0.097036142       14.116727       14.509704      -2.7083747
       30.030000     0.048075816      0.10989428       14.291701       14.704527      -2.8074759
       30.360000     0.048260729      0.12343499       14.467078       14.900652      -2.9097675
       30.690000     0.048018752      0.13767009       14.642845       15.098105      -3.0153445
       31.020000     0.047285661      0.15261039       14.818990       15.296912      -3.1243045
       31.350000     0.045991362      0.16826553       14.995499       15.497101      -3.2367476
       31.680000     0.044059437      0.18464379       15.172358       15.698700      -3.3527763
       32.010000     0.041406671      0.20175196       15.349550       15.901737      -3.4724959
       32.340000     0.037942539      0.21959507       15.527059       16.106242      -3.5960144
       32.670000     0.033568663      0.23817625       15.704867       16.312244      -3.7234426
       33.000000     0.028178232      0.25749642       15.882953       16.519773      -3.8548938
