Results for:	
File:	C:\Users\User\OneDrive - Massachusetts Institute of Technology\Documents\MIT\Grad School\Classes\2.156\Lens Project\Prime Lenses\US05631780-3.ZMX
Title:	USP 5631780 Ex. 3
Date:	11/7/2025 5:47:12 PM

0 message(s) in output.
3 series table(s) in output.

Table series: Data for wavelength : 0.486133 µm.
   Y Angle (deg)       Tan Shift       Sag Shift     Real Height     Ref. Height      Distortion
  --------------  --------------  --------------  --------------  --------------  --------------
      0.00000000     0.018273859     0.018273859      0.00000000      0.00000000      0.00000000
      0.42000000     0.018534121     0.018311565      0.18062240      0.18062333 -5.1934756E-004
      0.84000000     0.019351533     0.018424191      0.36125831      0.36126608 -2.1505898E-003
       1.2600000     0.020718469     0.018610265      0.54192130      0.54194767 -4.8647591E-003
       1.6800000     0.022622151     0.018867341      0.72262497      0.72268752 -8.6551070E-003
       2.1000000     0.025044749     0.019192016      0.90338303      0.90350511    -0.013512200
       2.5200000     0.027963505     0.019579948       1.0842093       1.0844199    -0.019423987
       2.9400000     0.031350895     0.020025885       1.2651178       1.2654515    -0.026375858
       3.3600000     0.035174828     0.020523690       1.4461226       1.4466195    -0.034350714
       3.7800000     0.039398875     0.021066380       1.6272381       1.6279435    -0.043329052
       4.2000000     0.043982533     0.021646169       1.8084789       1.8094431    -0.053289052
       4.6200000     0.048881514     0.022254508       1.9898599       1.9911383    -0.064206688
       5.0400000     0.054048069     0.022882143       2.1713962       2.1730489    -0.076055840
       5.4600000     0.059431333     0.023519161       2.3531033       2.3551949    -0.088808416
       5.8800000     0.064977697     0.024155056       2.5349969       2.5375963     -0.10243449
       6.3000000     0.070631201     0.024778786       2.7170932       2.7202733     -0.11690243
       6.7200000     0.076333948     0.025378845       2.8994087       2.9032462     -0.13217907
       7.1400000     0.082026535     0.025943323       3.0819603       3.0865355     -0.14822985
       7.5600000     0.087648503     0.026459987       3.2647653       3.2701617     -0.16501896
       7.9800000     0.093138794     0.026916351       3.4478414       3.4541455     -0.18250956
       8.4000000     0.098436221     0.027299753       3.6312067       3.6385079     -0.20066390
       8.8200000      0.10347995     0.027597434       3.8148799       3.8232698     -0.21944350
       9.2400000      0.10821000     0.027796618       3.9988800       4.0084525     -0.23880937
       9.6600000      0.11256769     0.027884595       4.1832265       4.1940775     -0.25872214
       10.080000      0.11649618     0.027848804       4.3679393       4.3801662     -0.27914226
       10.500000      0.11994093     0.027676913       4.5530390       4.5667406     -0.30003020
       10.920000      0.12285020     0.027356905       4.7385463       4.7538226     -0.32134662
       11.340000      0.12517552     0.026877165       4.9244828       4.9414345     -0.34305254
       11.760000      0.12687217     0.026226558       5.1108703       5.1295989     -0.36510952
       12.180000      0.12789962     0.025394515       5.2977310       5.3183385     -0.38747989
       12.600000      0.12822201     0.024371118       5.4850878       5.5076763     -0.41012683
       13.020000      0.12780856     0.023147175       5.6729639       5.6976355     -0.43301464
       13.440000      0.12663396     0.021714308       5.8613831       5.8882399     -0.45610885
       13.860000      0.12467880     0.020065023       6.0503695       6.0795132     -0.47937640
       14.280000      0.12192990     0.018192792       6.2399476       6.2714797     -0.50278578
       14.700000      0.11838064     0.016092124       6.4301425       6.4641639     -0.52630722
       15.120000      0.11403127     0.013758637       6.6209796       6.6575906     -0.54991279
       15.540000      0.10888918     0.011189126       6.8124848       6.8517850     -0.57357656
       15.960000      0.10296909  8.3816242E-003       7.0046842       7.0467728     -0.59727473
       16.380000     0.096293253  5.3354671E-003       7.1976045       7.2425799     -0.62098570
       16.800000     0.088891538  2.0513457E-003       7.3912726       7.4392326     -0.64469025
       17.220000     0.080801539 -1.4686418E-003       7.5857158       7.6367577     -0.66837155
       17.640000     0.072068553 -5.2209445E-003       7.7809617       7.8351824     -0.69201531
       18.060000     0.062745526 -9.2005200E-003       7.9770384       8.0345343     -0.71560980
       18.480000     0.052892915    -0.013400801       8.1739740       8.2348415     -0.73914588
       18.900000     0.042578473    -0.017813668       8.3717973       8.4361326     -0.76261710
       19.320000     0.031876953    -0.022429433       8.5705369       8.6384367     -0.78601965
       19.740000     0.020869715    -0.027236830       8.7702221       8.8417833     -0.80935234
       20.160000  9.6442391E-003    -0.032223009       8.9708823       9.0462024     -0.83261662
       20.580000 -1.7064672E-003    -0.037373550       9.1725471       9.2517249     -0.85581651
       21.000000    -0.013084568    -0.042672475       9.3752466       9.4583819     -0.87895849
       21.420000    -0.024388215    -0.048102282       9.5790110       9.6662051     -0.90205139
       21.840000    -0.035512483    -0.053643981       9.7838708       9.8752271     -0.92510633
       22.260000    -0.046350431    -0.059277149       9.9898568       10.085481     -0.94813644
       22.680000    -0.056794284    -0.064979989       10.197000       10.297000     -0.97115677
       23.100000    -0.066736756    -0.070729410       10.405333       10.509820     -0.99418400
       23.520000    -0.076072492    -0.076501114       10.614886       10.723974      -1.0172362
       23.940000    -0.084699650    -0.082269698       10.825692       10.939499      -1.0403325
       24.360000    -0.092521604    -0.088008773       11.037784       11.156432      -1.0634929
       24.780000    -0.099448780    -0.093691087       11.251195       11.374809      -1.0867377
       25.200000     -0.10540060    -0.099288669       11.465959       11.594670      -1.1100873
       25.620000     -0.11030755     -0.10477298       11.682110       11.816052      -1.1335615
       26.040000     -0.11411332     -0.11011510       11.899684       12.038997      -1.1571795
       26.460000     -0.11677707     -0.11528586       12.118717       12.263544      -1.1809590
       26.880000     -0.11827572     -0.12025608       12.339245       12.489736      -1.2049158
       27.300000     -0.11860631     -0.12499674       12.561307       12.717615      -1.2290632
       27.720000     -0.11778837     -0.12947918       12.784943       12.947225      -1.2534118
       28.140000     -0.11586629     -0.13367535       13.010192       13.178610      -1.2779683
       28.560000     -0.11291161     -0.13755796       13.237097       13.411817      -1.3027355
       28.980000     -0.10902530     -0.14110076       13.465702       13.646893      -1.3277113
       29.400000     -0.10433977     -0.14427873       13.696052       13.883885      -1.3528883
       29.820000    -0.099020827     -0.14706830       13.928195       14.122844      -1.3782533
       30.240000    -0.093269297     -0.14944755       14.162181       14.363818      -1.4037865
       30.660000    -0.087322279     -0.15139641       14.398062       14.606861      -1.4294611
       31.080000    -0.081454014     -0.15289685       14.635893       14.852026      -1.4552429
       31.500000    -0.075976158     -0.15393302       14.875732       15.099367      -1.4810896
       31.920000    -0.071237370     -0.15449144       15.117639       15.348940      -1.5069508
       32.340000    -0.067622014     -0.15456105       15.361678       15.600803      -1.5327675
       32.760000    -0.065547780     -0.15413331       15.607918       15.855014      -1.5584722
       33.180000    -0.065461951     -0.15320221       15.856429       16.111635      -1.5839885
       33.600000    -0.067835983     -0.15176427       16.107285       16.370728      -1.6092319
       34.020000    -0.073158000     -0.14981841       16.360567       16.632358      -1.6341096
       34.440000    -0.081922674     -0.14736576       16.616355       16.896589      -1.6585216
       34.860000    -0.094617852     -0.14440941       16.874738       17.163490      -1.6823618
       35.280000     -0.11170712     -0.14095400       17.135806       17.433131      -1.7055191
       35.700000     -0.13360728     -0.13700516       17.399653       17.705584      -1.7278795
       36.120000     -0.16065941     -0.13256877       17.666376       17.980922      -1.7493289
       36.540000     -0.19309200     -0.12765005       17.936078       18.259221      -1.7697559
       36.960000     -0.23097398     -0.12225229       18.208860       18.540561      -1.7890566
       37.380000     -0.27415520     -0.11637533       18.484827       18.825022      -1.8071396
       37.800000     -0.32219125     -0.11001359       18.764084       19.112687      -1.8239329
       38.220000     -0.37424854     -0.10315359       19.046733       19.403642      -1.8393923
       38.640000     -0.42898512    -0.095770868       19.332871       19.697975      -1.8535122
       39.060000     -0.48440132    -0.087826126       19.622590       19.995779      -1.8663385
       39.480000     -0.53765360    -0.079260441       19.915970       20.297147      -1.8779851
       39.900000     -0.58482394    -0.069989361       20.213073       20.602177      -1.8886535
       40.320000     -0.62063639    -0.059895653       20.513941       20.910969      -1.8986577
       40.740000     -0.63811282    -0.048820463       20.818584       21.223627      -1.9084532
       41.160000     -0.62816119    -0.036552662       21.126972       21.540259      -1.9186729
       41.580000     -0.57909396    -0.022816170       21.439021       21.860975      -1.9301687
       42.000000     -0.47608294 -7.2551604E-003       21.754583       22.185890      -1.9440596

Table series: Data for wavelength : 0.587562 µm.
   Y Angle (deg)       Tan Shift       Sag Shift     Real Height     Ref. Height      Distortion
  --------------  --------------  --------------  --------------  --------------  --------------
      0.00000000     0.066522940     0.066522940      0.00000000      0.00000000      0.00000000
      0.42000000     0.066785275     0.066559708      0.18099927      0.18100028 -5.5843352E-004
      0.84000000     0.067612241     0.066669515      0.36201192      0.36202001 -2.2326949E-003
       1.2600000     0.068996160     0.066850876      0.54305140      0.54307865 -5.0184421E-003
       1.6800000     0.070924175     0.067101323      0.72413117      0.72419569 -8.9089562E-003
       2.1000000     0.073378344     0.067417422      0.90526483      0.90539063    -0.013894762
       2.5200000     0.076335773     0.067794794       1.0864661       1.0866830    -0.019963757
       2.9400000     0.079768783     0.068228137       1.2677487       1.2680924    -0.027101273
       3.3600000     0.083645109     0.068711263       1.4491268       1.4496384    -0.035290146
       3.7800000     0.087928143     0.069237132       1.6306147       1.6313408    -0.044510803
       4.2000000     0.092577196     0.069797891       1.8122267       1.8132193    -0.054741356
       4.6200000     0.097547803     0.070384928       1.9939776       1.9952936    -0.065957710
       5.0400000      0.10279205     0.070988914       2.1758824       2.1775839    -0.078133683
       5.4600000      0.10825893     0.071599867       2.3579565       2.3601099    -0.091241128
       5.8800000      0.11389473     0.072207208       2.5402156       2.5428920     -0.10525007
       6.3000000      0.11964341     0.072799826       2.7226755       2.7259502     -0.12012887
       6.7200000      0.12544707     0.073366143       2.9053528       2.9093050     -0.13584434
       7.1400000      0.13124635     0.073894187       3.0882642       3.0929767     -0.15236194
       7.5600000      0.13698091     0.074371665       3.2714269       3.2769861     -0.16964592
       7.9800000      0.14258990     0.074786038       3.4548584       3.4613539     -0.18765950
       8.4000000      0.14801243     0.075124602       3.6385768       3.6461010     -0.20636505
       8.8200000      0.15318808     0.075374562       3.8226005       3.8312486     -0.22572425
       9.2400000      0.15805738     0.075523121       4.0069485       4.0168177     -0.24569831
       9.6600000      0.16256230     0.075557559       4.1916401       4.2028300     -0.26624812
       10.080000      0.16664679     0.075465320       4.3766951       4.3893071     -0.28733443
       10.500000      0.17025722     0.075234092       4.5621339       4.5762708     -0.30891809
       10.920000      0.17334294     0.074851897       4.7479772       4.7637433     -0.33096017
       11.340000      0.17585671     0.074307175       4.9342462       4.9517468     -0.35342220
       11.760000      0.17775521     0.073588867       5.1209626       5.1403038     -0.37626630
       12.180000      0.17899951     0.072686501       5.3081485       5.3294373     -0.39945544
       12.600000      0.17955548     0.071590276       5.4958266       5.5191702     -0.42295352
       13.020000      0.17939430     0.070291142       5.6840200       5.7095259     -0.44672563
       13.440000      0.17849277     0.068780885       5.8727520       5.9005280     -0.47073820
       13.860000      0.17683379     0.067052199       6.0620466       6.0922005     -0.49495911
       14.280000      0.17440669     0.065098771       6.2519282       6.2845676     -0.51935793
       14.700000      0.17120752     0.062915347       6.4424215       6.4776539     -0.54390603
       15.120000      0.16723941     0.060497809       6.6335517       6.6714842     -0.56857671
       15.540000      0.16251279     0.057843240       6.8253444       6.8660840     -0.59334537
       15.960000      0.15704559     0.054949988       7.0178253       7.0614787     -0.61818963
       16.380000      0.15086345     0.051817728       7.2110209       7.2576944     -0.64308942
       16.800000      0.14399978     0.048447514       7.4049577       7.4547575     -0.66802711
       17.220000      0.13649586     0.044841831       7.5996626       7.6526948     -0.69298758
       17.640000      0.12840080     0.041004640       7.7951628       7.8515336     -0.71795834
       18.060000      0.11977150     0.036941414       7.9914860       8.0513015     -0.74292950
       18.480000      0.11067244     0.032659173       8.1886599       8.2520268     -0.76789394
       18.900000      0.10117550     0.028166505       8.3867127       8.4537379     -0.79284721
       19.320000     0.091359638     0.023473584       8.5856727       8.6564642     -0.81778763
       19.740000     0.081310446     0.018592180       8.7855685       8.8602351     -0.84271622
       20.160000     0.071119675     0.013535653       8.9864289       9.0650809     -0.86763671
       20.580000     0.060884610  8.3189508E-003       9.1882831       9.2710322     -0.89255543
       21.000000     0.050707351  2.9585790E-003       9.3911605       9.4781205     -0.91748125
       21.420000     0.040693980 -2.5274232E-003       9.5950905       9.6863774     -0.94242546
       21.840000     0.030953605 -8.1195291E-003       9.8001032       9.8958357     -0.96740163
       22.260000     0.021597288    -0.013796778       10.006228       10.106528     -0.99242544
       22.680000     0.012736844    -0.019536840       10.213497       10.318489      -1.0175145
       23.100000  4.4835173E-003    -0.025316099       10.421939       10.531752      -1.0426880
       23.520000 -3.0534658E-003    -0.031109740       10.631586       10.746354      -1.0679667
       23.940000 -9.7684746E-003    -0.036891856       10.842469       10.962329      -1.0933723
       24.360000    -0.015561165    -0.042635565       11.054621       11.179714      -1.1189273
       24.780000    -0.020338287    -0.048313141       11.268073       11.398547      -1.1446547
       25.200000    -0.024015600    -0.053896156       11.482859       11.618866      -1.1705774
       25.620000    -0.026519884    -0.059355631       11.699011       11.840711      -1.1967180
       26.040000    -0.027791027    -0.064662210       11.916565       12.064121      -1.2230980
       26.460000    -0.027784186    -0.069786330       12.135555       12.289137      -1.2497378
       26.880000    -0.026471987    -0.074698408       12.356017       12.515800      -1.2766557
       27.300000    -0.023846746    -0.079369035       12.577988       12.744155      -1.3038676
       27.720000    -0.019922684    -0.083769175       12.801507       12.974244      -1.3313866
       28.140000    -0.014738100    -0.087870373       13.026612       13.206113      -1.3592220
       28.560000 -8.3574568E-003    -0.091644956       13.253345       13.439806      -1.3873792
       28.980000 -8.7334357E-004    -0.095066241       13.481749       13.675373      -1.4158588
       29.400000  7.5917433E-003    -0.098108741       13.711867       13.912860      -1.4446561
       29.820000     0.016883867     -0.10074836       13.943745       14.152316      -1.4737609
       30.240000     0.026816435     -0.10296256       14.177433       14.393794      -1.5031564
       30.660000     0.037169394     -0.10473059       14.412980       14.637344      -1.5328190
       31.080000     0.047688932     -0.10603356       14.650441       14.883021      -1.5627180
       31.500000     0.058087830     -0.10685464       14.889871       15.130877      -1.5928151
       31.920000     0.068046591     -0.10717911       15.131328       15.380971      -1.6230642
       32.340000     0.077215560     -0.10699446       15.374876       15.633360      -1.6534110
       32.760000     0.085218243     -0.10629038       15.620579       15.888102      -1.6837933
       33.180000     0.091656112     -0.10505875       15.868506       16.145259      -1.7141410
       33.600000     0.096115243     -0.10329352       16.118729       16.404892      -1.7443763
       34.020000     0.098175226     -0.10099052       16.371325       16.667068      -1.7744146
       34.440000     0.097420872    -0.098147237       16.626372       16.931850      -1.8041650
       34.860000     0.093457398    -0.094762371       16.883954       17.199309      -1.8335316
       35.280000     0.085929938    -0.090835348       17.144157       17.469512      -1.8624155
       35.700000     0.074548414    -0.086365629       17.407072       17.742533      -1.8907166
       36.120000     0.059119102    -0.081351816       17.672792       18.018446      -1.9183364
       36.540000     0.039584519    -0.075790530       17.941410       18.297326      -1.9451820
       36.960000     0.016073676    -0.069674984       18.213025       18.579253      -1.9711703
       37.380000    -0.011034763    -0.062993198       18.487732       18.864308      -1.9962339
       37.800000    -0.041033333    -0.055725777       18.765628       19.152573      -2.0203279
       38.220000    -0.072786814    -0.047843151       19.046806       19.444135      -2.0434396
       38.640000     -0.10460893    -0.039302144       19.331353       19.739083      -2.0655983
       39.060000     -0.13410931    -0.030041811       19.619347       20.037508      -2.0868900
       39.480000     -0.15800452    -0.019978251       19.910855       20.339505      -2.1074730
       39.900000     -0.17188638 -8.9983434E-003       20.205925       20.645171      -2.1275986
       40.320000     -0.16994050  3.0478609E-003       20.504579       20.954608      -2.1476350
       40.740000     -0.14460877     0.016356267       20.806810       21.267919      -2.1680969
       41.160000    -0.086191817     0.031179569       21.112564       21.585211      -2.1896795
       41.580000     0.017607582     0.047839891       21.421738       21.906596      -2.2132986
       42.000000      0.18218977     0.066743244       21.734158       22.232190      -2.2401361

Table series: Data for wavelength : 0.656273 µm.
   Y Angle (deg)       Tan Shift       Sag Shift     Real Height     Ref. Height      Distortion
  --------------  --------------  --------------  --------------  --------------  --------------
      0.00000000      0.11417329      0.11417329      0.00000000      0.00000000      0.00000000
      0.42000000      0.11443727      0.11420986      0.18123837      0.18123968 -7.2249614E-004
      0.84000000      0.11527039      0.11431907      0.36249009      0.36249883 -2.4122107E-003
       1.2600000      0.11666496      0.11449943      0.54376855      0.54379696 -5.2236026E-003
       1.6800000      0.11860804      0.11474845      0.72508720      0.72515355 -9.1499936E-003
       2.1000000      0.12108162      0.11506268      0.90645958      0.90658815    -0.014181883
       2.5200000      0.12406270      0.11543773       1.0878993       1.0881203    -0.020307139
       2.9400000      0.12752349      0.11586824       1.2694203       1.2697696    -0.027511055
       3.3600000      0.13143158      0.11634802       1.4510365       1.4515558    -0.035776427
       3.7800000      0.13575023      0.11686997       1.6327621       1.6334985    -0.045083637
       4.2000000      0.14043859      0.11742621       1.8146115       1.8156175    -0.055410751
       4.6200000      0.14545204      0.11800808       1.9965994       1.9979327    -0.066733628
       5.0400000      0.15074250      0.11860620       2.1787409       2.1804640    -0.079026035
       5.4600000      0.15625882      0.11921054       2.3610512       2.3632315    -0.092259783
       5.8800000      0.16194713      0.11981048       2.5435460       2.5462553     -0.10640486
       6.3000000      0.16775127      0.12039486       2.7262412       2.7295557     -0.12142958
       6.7200000      0.17361322      0.12095204       2.9091532       2.9131530     -0.13730073
       7.1400000      0.17947353      0.12147002       3.0922987       3.0970677     -0.15398376
       7.5600000      0.18527182      0.12193644       3.2756949       3.2813205     -0.17144290
       7.9800000      0.19094721      0.12233874       3.4593593       3.4659321     -0.18964137
       8.4000000      0.19643883      0.12266416       3.6433099       3.6509236     -0.20854157
       8.8200000      0.20168633      0.12289987       3.8275651       3.8363160     -0.22810522
       9.2400000      0.20663035      0.12303306       4.0121439       4.0221306     -0.24829357
       9.6600000      0.21121305      0.12305097       4.1970655       4.2083889     -0.26906759
       10.080000      0.21537860      0.12294104       4.3823498       4.3951127     -0.29038814
       10.500000      0.21907369      0.12269094       4.5680169       4.5823237     -0.31221617
       10.920000      0.22224804      0.12228870       4.7540877       4.7700441     -0.33451291
       11.340000      0.22485486      0.12172276       4.9405832       4.9582962     -0.35724006
       11.760000      0.22685137      0.12098208       5.1275252       5.1471027     -0.38035997
       12.180000      0.22819923      0.12005621       5.3149356       5.3364863     -0.40383581
       12.600000      0.22886505      0.11893541       5.5028372       5.5264701     -0.42763178
       13.020000      0.22882075      0.11761066       5.6912528       5.7170776     -0.45171327
       13.440000      0.22804404      0.11607382       5.8802059       5.9083324     -0.47604702
       13.860000      0.22651878      0.11431766       6.0697204       6.1002584     -0.50060132
       14.280000      0.22423534      0.11233594       6.2598205       6.2928799     -0.52534615
       14.700000      0.22119093      0.11012353       6.4505309       6.4862216     -0.55025331
       15.120000      0.21738993      0.10767641       6.6418767       6.6803083     -0.57529660
       15.540000      0.21284407      0.10499179       6.8338834       6.8751654     -0.60045197
       15.960000      0.20757271      0.10206817       7.0265766       7.0708186     -0.62569757
       16.380000      0.20160299     0.098905375       7.2199827       7.2672938     -0.65101397
       16.800000      0.19496988     0.095504625       7.4141281       7.4646175     -0.67638416
       17.220000      0.18771632     0.091868588       7.6090395       7.6628167     -0.70179373
       17.640000      0.17989313     0.088001417       7.8047441       7.8619184     -0.72723089
       18.060000      0.17155896     0.083908791       8.0012694       8.0619506     -0.75268653
       18.480000      0.16278013     0.079597946       8.1986429       8.2629413     -0.77815429
       18.900000      0.15363040     0.075077698       8.3968926       8.4649193     -0.80363058
       19.320000      0.14419060     0.070358459       8.5960468       8.6679137     -0.82911457
       19.740000      0.13454826     0.065452244       8.7961337       8.8719541     -0.85460817
       20.160000      0.12479708     0.060372670       8.9971821       9.0770709     -0.88011601
       20.580000      0.11503626     0.055134942       9.1992209       9.2832946     -0.90564537
       21.000000      0.10536985     0.049755835       9.4022792       9.4906568     -0.93120609
       21.420000     0.095905824     0.044253658       9.6063863       9.6991892     -0.95681042
       21.840000     0.086755176     0.038648211       9.8115719       9.9089244     -0.98247295
       22.260000     0.078030803     0.032960731       10.017866       10.119896      -1.0082104
       22.680000     0.069846305     0.027213819       10.225298       10.332137      -1.0340412
       23.100000     0.062314653     0.021431366       10.433900       10.545682      -1.0599859
       23.520000     0.055546737     0.015638456       10.643700       10.760567      -1.0860659
       23.940000     0.049649786  9.8612618E-003       10.854732       10.976828      -1.1123042
       24.360000     0.044725675  4.1269229E-003       11.067026       11.194501      -1.1387242
       24.780000     0.040869124 -1.5365815E-003       11.280615       11.413623      -1.1653499
       25.200000     0.038165794 -7.1005784E-003       11.495530       11.634234      -1.1922052
       25.620000     0.036690287    -0.012535856       11.711806       11.856372      -1.2193136
       26.040000     0.036504083    -0.017812830       11.929475       12.080077      -1.2466977
       26.460000     0.037653409    -0.022901719       12.148574       12.305391      -1.2743788
       26.880000     0.040167077    -0.027772730       12.369136       12.532355      -1.3023760
       27.300000     0.044054311    -0.032396253       12.591200       12.761011      -1.3307063
       27.720000     0.049302594    -0.036743056       12.814802       12.991405      -1.3593835
       28.140000     0.055875572    -0.040784486       13.039981       13.223580      -1.3884181
       28.560000     0.063711053    -0.044492676       13.266779       13.457583      -1.4178161
       28.980000     0.072719149    -0.047840742       13.495237       13.693461      -1.4475792
       29.400000     0.082780628    -0.050802985       13.725399       13.931261      -1.4777036
       29.820000     0.093745517    -0.053355076       13.957310       14.171035      -1.5081800
       30.240000      0.10543207    -0.055474237       14.191020       14.412832      -1.5389927
       30.660000      0.11762613    -0.057139401       14.426577       14.656704      -1.5701192
       31.080000      0.13008113    -0.058331355       14.664034       14.902706      -1.6015300
       31.500000      0.14251860    -0.059032857       14.903448       15.150890      -1.6331881
       31.920000      0.15462971    -0.059228717       15.144876       15.401315      -1.6650489
       32.340000      0.16607767    -0.058905844       15.388379       15.654037      -1.6970597
       32.760000      0.17650146    -0.058053237       15.634022       15.909116      -1.7291604
       33.180000      0.18552113    -0.056661933       15.881873       16.166613      -1.7612830
       33.600000      0.19274493    -0.054724869       16.132004       16.426590      -1.7933522
       34.020000      0.19777885    -0.052236674       16.384488       16.689112      -1.8252864
       34.440000      0.20023901    -0.049193360       16.639405       16.954245      -1.8569982
       34.860000      0.19976770    -0.045591889       16.896837       17.222057      -1.8883956
       35.280000      0.19605374    -0.041429603       17.156868       17.492618      -1.9193845
       35.700000      0.18885847    -0.036703481       17.419587       17.766001      -1.9498701
       36.120000      0.17804851    -0.031409186       17.685084       18.042278      -1.9797604
       36.540000      0.16363700    -0.025539860       17.953454       18.321527      -2.0089697
       36.960000      0.14583544    -0.019084612       18.224789       18.603827      -2.0374233
       37.380000      0.12511858    -0.012026642       18.499183       18.889259      -2.0650638
       37.800000      0.10230542 -4.3408954E-003       18.776731       19.177905      -2.0918577
       38.220000     0.078660277  4.0088128E-003       19.057519       19.469853      -2.1178050
       38.640000     0.056018138     0.013073352       19.341633       19.765191      -2.1429502
       39.060000     0.036939791     0.022922622       19.629144       20.064011      -2.1673962
       39.480000     0.024902570     0.033650865       19.920114       20.366407      -2.1913204
       39.900000     0.024533249     0.045383097       20.214583       20.672478      -2.2149957
       40.320000     0.041889585     0.058282866       20.512568       20.982324      -2.2388145
       40.740000     0.084796056     0.072561500       20.814052       21.296049      -2.2633173
       41.160000      0.16323675     0.088489014       21.118973       21.613761      -2.2892278
       41.580000      0.28980296      0.10640673       21.427216       21.935571      -2.3174912
       42.000000      0.48018339      0.12674159       21.738599       22.261595      -2.3493193
