Results for:	
File:	C:\Users\User\OneDrive - Massachusetts Institute of Technology\Documents\MIT\Grad School\Classes\2.156\Lens Project\Prime Lenses\US003830559_Example01P.zmx
Title:	US 3,830,559 Example 1 (Olympus 24mm f2 J Zuiko Auto-W)
Date:	11/7/2025 5:36:02 PM

0 message(s) in output.
3 series table(s) in output.

Table series: Data for wavelength : 0.486133 µm.
   Y Angle (deg)       Tan Shift       Sag Shift     Real Height     Ref. Height      Distortion
  --------------  --------------  --------------  --------------  --------------  --------------
      0.00000000     -0.11105823     -0.11105823      0.00000000      0.00000000      0.00000000
      0.42753701     -0.11108424     -0.11111697      0.17862325      0.17862470 -8.1017571E-004
      0.85507402     -0.11116368     -0.11129316      0.35725919      0.35726929 -2.8258136E-003
       1.2826110     -0.11129645     -0.11158672      0.53592052      0.53595367 -6.1847554E-003
       1.7101480     -0.11148241     -0.11199752      0.71461997      0.71469777    -0.010885950
       2.1376851     -0.11172135     -0.11252537      0.89337028      0.89352154    -0.016928071
       2.5652221     -0.11201301     -0.11317001       1.0721842       1.0724449    -0.024309407
       2.9927591     -0.11235707     -0.11393115       1.2510747       1.2514880    -0.033027858
       3.4202961     -0.11275315     -0.11480842       1.4300545       1.4306709    -0.043080933
       3.8478331     -0.11320082     -0.11580141       1.6091367       1.6100136    -0.054465741
       4.2753701     -0.11369958     -0.11690964       1.7883342       1.7895364    -0.067178990
       4.7029071     -0.11424889     -0.11813257       1.9676603       1.9692597    -0.081216972
       5.1304441     -0.11484812     -0.11946961       2.1471281       2.1492037    -0.096575561
       5.5579812     -0.11549663     -0.12092009       2.3267510       2.3293890     -0.11325020
       5.9855182     -0.11619369     -0.12248329       2.5065424       2.5098362     -0.13123590
       6.4130552     -0.11693851     -0.12415840       2.6865159       2.6905660     -0.15052721
       6.8405922     -0.11773027     -0.12594457       2.8666853       2.8715992     -0.17111823
       7.2681292     -0.11856808     -0.12784086       3.0470645       3.0529567     -0.19300256
       7.6956662     -0.11945098     -0.12984626       3.2276674       3.2346598     -0.21617333
       8.1232032     -0.12037800     -0.13195968       3.4085083       3.4167298     -0.24062316
       8.5507402     -0.12134806     -0.13417994       3.5896017       3.5991879     -0.26634414
       8.9782772     -0.12236007     -0.13650581       3.7709622       3.7820560     -0.29332782
       9.4058143     -0.12341286     -0.13893593       3.9526045       3.9653557     -0.32156519
       9.8333513     -0.12450524     -0.14146887       4.1345439       4.1491092     -0.35104665
       10.260888     -0.12563593     -0.14410310       4.3167956       4.3333386     -0.38176199
       10.688425     -0.12680363     -0.14683701       4.4993752       4.5180664     -0.41370039
       11.115962     -0.12800698     -0.14966884       4.6822986       4.7033153     -0.44685035
       11.543499     -0.12924458     -0.15259677       4.8655819       4.8891082     -0.48119970
       11.971036     -0.13051499     -0.15561882       5.0492416       5.0754683     -0.51673553
       12.398573     -0.13181672     -0.15873291       5.2332945       5.2624191     -0.55344421
       12.826110     -0.13314822     -0.16193684       5.4177578       5.4499842     -0.59131132
       13.253647     -0.13450795     -0.16522826       5.6026490       5.6381877     -0.63032162
       13.681184     -0.13589430     -0.16860467       5.7879859       5.8270539     -0.67045899
       14.108721     -0.13730563     -0.17206342       5.9737870       6.0166075     -0.71170645
       14.536258     -0.13874029     -0.17560173       6.1600708       6.2068735     -0.75404605
       14.963795     -0.14019658     -0.17921661       6.3468568       6.3978772     -0.79745884
       15.391332     -0.14167281     -0.18290491       6.5341645       6.5896443     -0.84192484
       15.818869     -0.14316726     -0.18666329       6.7220141       6.7822009     -0.88742298
       16.246406     -0.14467819     -0.19048819       6.9104263       6.9755734     -0.93393102
       16.673943     -0.14620389     -0.19437587       7.0994226       7.1697887     -0.98142549
       17.101480     -0.14774261     -0.19832232       7.2890246       7.3648741      -1.0298817
       17.529017     -0.14929266     -0.20232331       7.4792550       7.5608573      -1.0792734
       17.956554     -0.15085235     -0.20637436       7.6701369       7.7577666      -1.1295732
       18.384092     -0.15242000     -0.21047069       7.8616943       7.9556305      -1.1807520
       18.811629     -0.15399401     -0.21460723       8.0539516       8.1544783      -1.2327792
       19.239166     -0.15557282     -0.21877861       8.2469344       8.3543396      -1.2856223
       19.666703     -0.15715493     -0.22297911       8.4406688       8.5552446      -1.3392473
       20.094240     -0.15873895     -0.22720265       8.6351819       8.7572241      -1.3936180
       20.521777     -0.16032356     -0.23144278       8.8305017       8.9603093      -1.4486963
       20.949314     -0.16190760     -0.23569263       9.0266572       9.1645323      -1.5044421
       21.376851     -0.16349003     -0.23994488       9.2236784       9.3699254      -1.5608127
       21.804388     -0.16507000     -0.24419173       9.4215965       9.5765219      -1.6177632
       22.231925     -0.16664683     -0.24842490       9.6204436       9.7843557      -1.6752460
       22.659462     -0.16822011     -0.25263553       9.8202533       9.9934610      -1.7332108
       23.086999     -0.16978966     -0.25681419       10.021060       10.203873      -1.7916044
       23.514536     -0.17135564     -0.26095080       10.222901       10.415628      -1.8503701
       23.942073     -0.17291856     -0.26503460       10.425812       10.628763      -1.9094484
       24.369610     -0.17447931     -0.26905409       10.629834       10.843315      -1.9687758
       24.797147     -0.17603927     -0.27299697       10.835007       11.059322      -2.0282850
       25.224684     -0.17760034     -0.27685008       11.041374       11.276824      -2.0879046
       25.652221     -0.17916503     -0.28059930       11.248980       11.495860      -2.1475590
       26.079758     -0.18073653     -0.28422950       11.457869       11.716472      -2.2071674
       26.507295     -0.18231884     -0.28772447       11.668093       11.938701      -2.2666443
       26.934832     -0.18391684     -0.29106675       11.879701       12.162590      -2.3258985
       27.362369     -0.18553643     -0.29423761       12.092746       12.388184      -2.3848328
       27.789906     -0.18718468     -0.29721687       12.307286       12.615527      -2.4433437
       28.217443     -0.18886998     -0.29998279       12.523378       12.844664      -2.5013209
       28.644980     -0.19060226     -0.30251192       12.741085       13.075645      -2.5586463
       29.072517     -0.19239315     -0.30477896       12.960472       13.308516      -2.6151941
       29.500054     -0.19425626     -0.30675652       13.181608       13.543327      -2.6708294
       29.927591     -0.19620747     -0.30841499       13.404564       13.780129      -2.7254078
       30.355128     -0.19826523     -0.30972224       13.629419       14.018974      -2.7787747
       30.782665     -0.20045095     -0.31064342       13.856252       14.259917      -2.8307640
       31.210202     -0.20278944     -0.31114063       14.085150       14.503010      -2.8811973
       31.637739     -0.20530942     -0.31117263       14.316204       14.748312      -2.9298826
       32.065276     -0.20804409     -0.31069444       14.549511       14.995880      -2.9766133
       32.492813     -0.21103184     -0.30965691       14.785173       15.245774      -3.0211664
       32.920350     -0.21431705     -0.30800630       15.023301       15.498053      -3.0633011
       33.347887     -0.21795104     -0.30568365       15.264012       15.752783      -3.1027567
       33.775424     -0.22199316     -0.30262422       15.507431       16.010026      -3.1392511
       34.202961     -0.22651217     -0.29875676       15.753693       16.269850      -3.1724779
       34.630498     -0.23158773     -0.29400264       16.002941       16.532323      -3.2021039
       35.058035     -0.23731231     -0.28827493       16.255331       16.797516      -3.2277663
       35.485572     -0.24379343     -0.28147725       16.511030       17.065500      -3.2490691
       35.913109     -0.25115627     -0.27350250       16.770218       17.336351      -3.2655790
       36.340646     -0.25954694     -0.26423127       17.033092       17.610145      -3.2768210
       36.768183     -0.26913637     -0.25353012       17.299862       17.886961      -3.2822733
       37.195720     -0.28012507     -0.24124937       17.570761       18.166882      -3.2813608
       37.623257     -0.29274891     -0.22722057       17.846041       18.449992      -3.2734484
       38.050794     -0.30728632     -0.21125350       18.125977       18.736377      -3.2578321
       38.478331     -0.32406713     -0.19313244       18.410873       19.026127      -3.2337296
       38.905868     -0.34348363     -0.17261180       18.701064       19.319334      -3.2002685
       39.333405     -0.36600442     -0.14941061       18.996918       19.616095      -3.1564722
       39.760942     -0.39219200     -0.12320594       19.298848       19.916507      -3.1012433
       40.188479     -0.42272516    -0.093624539       19.607310       20.220673      -3.0333434
       40.616016     -0.45842778    -0.060232568       19.922820       20.528697      -2.9513684
       41.043553     -0.50030629    -0.022522486       20.245955       20.840689      -2.8537186
       41.471090     -0.54959887     0.020103607       20.577371       21.156762      -2.7385606
       41.898627     -0.60784079     0.068355493       20.917816       21.477031      -2.6037814
       42.326164     -0.67695238      0.12308298       21.268148       21.801618      -2.4469283
       42.753701     -0.75935903      0.18531318       21.629358       22.130647      -2.2651338

Table series: Data for wavelength : 0.587562 µm.
   Y Angle (deg)       Tan Shift       Sag Shift     Real Height     Ref. Height      Distortion
  --------------  --------------  --------------  --------------  --------------  --------------
      0.00000000 -3.2509984E-003 -3.2509984E-003      0.00000000      0.00000000      0.00000000
      0.42753701 -3.2834444E-003 -3.3120450E-003      0.17888481      0.17888603 -6.8063386E-004
      0.85507402 -3.3780825E-003 -3.4951585E-003      0.35778223      0.35779197 -2.7223370E-003
       1.2826110 -3.5348228E-003 -3.8002600E-003      0.53670490      0.53673777 -6.1245716E-003
       1.7101480 -3.7535161E-003 -4.2272178E-003      0.71566546      0.71574338    -0.010886420
       2.1376851 -4.0339541E-003 -4.7758472E-003      0.89467659      0.89482877    -0.017006598
       2.5652221 -4.3758690E-003 -5.4459094E-003       1.0737510       1.0740139    -0.024483451
       2.9927591 -4.7789338E-003 -6.2371117E-003       1.2529014       1.2533190    -0.033314948
       3.4202961 -5.2427624E-003 -7.1491062E-003       1.4321407       1.4327639    -0.043498678
       3.8478331 -5.7669093E-003 -8.1814887E-003       1.6114817       1.6123691    -0.055031848
       4.2753701 -6.3508703E-003 -9.3337982E-003       1.7909375       1.7921545    -0.067911269
       4.7029071 -6.9940818E-003    -0.010605515       1.9705209       1.9721407    -0.082133358
       5.1304441 -7.6959217E-003    -0.011996060       2.1502453       2.1523480    -0.097694124
       5.5579812 -8.4557088E-003    -0.013504792       2.3301238       2.3327970     -0.11458916
       5.9855182 -9.2727034E-003    -0.015131007       2.5101698       2.5135081     -0.13281363
       6.4130552    -0.010146107    -0.016873936       2.6903969       2.6945023     -0.15236228
       6.8405922    -0.011075065    -0.018732743       2.8708186       2.8758003     -0.17322938
       7.2681292    -0.012058660    -0.020706521       3.0514488       3.0574232     -0.19540876
       7.6956662    -0.013095923    -0.022794292       3.2323014       3.2393922     -0.21889377
       8.1232032    -0.014185823    -0.024995003       3.4133905       3.4217285     -0.24367727
       8.5507402    -0.015327274    -0.027307523       3.5947305       3.6044536     -0.26975160
       8.9782772    -0.016519133    -0.029730638       3.7763359       3.7875891     -0.29710860
       9.4058143    -0.017760202    -0.032263051       3.9582214       3.9711571     -0.32573954
       9.8333513    -0.019049226    -0.034903378       4.1404021       4.1551794     -0.35563515
       10.260888    -0.020384898    -0.037650137       4.3228931       4.3396783     -0.38678556
       10.688425    -0.021765855    -0.040501755       4.5057098       4.5246764     -0.41918028
       11.115962    -0.023190683    -0.043456553       4.6888682       4.7101963     -0.45280821
       11.543499    -0.024657914    -0.046512745       4.8723840       4.8962610     -0.48765756
       11.971036    -0.026166033    -0.049668436       5.0562739       5.0828938     -0.52371586
       12.398573    -0.027713474    -0.052921610       5.2405542       5.2701180     -0.56096993
       12.826110    -0.029298623    -0.056270125       5.4252422       5.4579575     -0.59940582
       13.253647    -0.030919824    -0.059711710       5.6103552       5.6464364     -0.63900878
       13.681184    -0.032575375    -0.063243955       5.7959108       5.8355789     -0.67976324
       14.108721    -0.034263534    -0.066864301       5.9819273       6.0254099     -0.72165277
       14.536258    -0.035982520    -0.070570037       6.1684233       6.2159542     -0.76466002
       14.963795    -0.037730520    -0.074358284       6.3554178       6.4072374     -0.80876667
       15.391332    -0.039505686    -0.078225992       6.5429302       6.5992850     -0.85395341
       15.818869    -0.041306146    -0.082169925       6.7309806       6.7921233     -0.90019985
       16.246406    -0.043130001    -0.086186652       6.9195895       6.9857787     -0.94748450
       16.673943    -0.044975339    -0.090272534       7.1087780       7.1802781     -0.99578469
       17.101480    -0.046840230    -0.094423710       7.2985678       7.3756490      -1.0450765
       17.529017    -0.048722744    -0.098636084       7.4889811       7.5719189      -1.0953347
       17.956554    -0.050620948     -0.10290531       7.6800408       7.7691162      -1.1465327
       18.384092    -0.052532919     -0.10722677       7.8717706       7.9672697      -1.1986424
       18.811629    -0.054456754     -0.11159558       8.0641948       8.1664084      -1.2516343
       19.239166    -0.056390578     -0.11600653       8.2573385       8.3665621      -1.3054769
       19.666703    -0.058332555     -0.12045408       8.4512277       8.5677610      -1.3601374
       20.094240    -0.060280903     -0.12493238       8.6458890       8.7700360      -1.4155810
       20.521777    -0.062233909     -0.12943518       8.8413502       8.9734183      -1.4717708
       20.949314    -0.064189941     -0.13395583       9.0376398       9.1779401      -1.5286679
       21.376851    -0.066147472     -0.13848726       9.2347875       9.3836337      -1.5862314
       21.804388    -0.068105098     -0.14302195       9.4328240       9.5905325      -1.6444178
       22.231925    -0.070061561     -0.14755188       9.6317811       9.7986702      -1.7031813
       22.659462    -0.072015777     -0.15206852       9.8316918       10.008082      -1.7624733
       23.086999    -0.073966864     -0.15656273       10.032590       10.218802      -1.8222423
       23.514536    -0.075914178     -0.16102480       10.234512       10.430867      -1.8824341
       23.942073    -0.077857348     -0.16544435       10.437495       10.644313      -1.9429910
       24.369610    -0.079796321     -0.16981027       10.641577       10.859179      -2.0038518
       24.797147    -0.081731413     -0.17411071       10.846798       11.075502      -2.0649519
       25.224684    -0.083663358     -0.17833295       11.053201       11.293322      -2.1262224
       25.652221    -0.085593375     -0.18246341       11.260828       11.512678      -2.1875905
       26.079758    -0.087523239     -0.18648750       11.469726       11.733613      -2.2489786
       26.507295    -0.089455357     -0.19038959       11.679943       11.956167      -2.3103044
       26.934832    -0.091392866     -0.19415289       11.891529       12.180384      -2.3714800
       27.362369    -0.093339733     -0.19775936       12.104535       12.406308      -2.4324122
       27.789906    -0.095300876     -0.20118958       12.319018       12.633983      -2.4930016
       28.217443    -0.097282299     -0.20442264       12.535034       12.863456      -2.5531420
       28.644980    -0.099291248     -0.20743601       12.752645       13.094774      -2.6127204
       29.072517     -0.10133639     -0.21020538       12.971913       13.327986      -2.6716159
       29.500054     -0.10342802     -0.21270445       13.192908       13.563141      -2.7296992
       29.927591     -0.10557829     -0.21490481       13.415699       13.800289      -2.7868321
       30.355128     -0.10780149     -0.21677564       13.640361       14.039484      -2.8428663
       30.782665     -0.11011436     -0.21828356       13.866973       14.280779      -2.8976429
       31.210202     -0.11253643     -0.21939226       14.095620       14.524229      -2.9509914
       31.637739     -0.11509050     -0.22006229       14.326390       14.769889      -3.0027284
       32.065276     -0.11780306     -0.22025062       14.559377       15.017819      -3.0526564
       32.492813     -0.12070492     -0.21991033       14.794682       15.268078      -3.1005628
       32.920350     -0.12383183     -0.21899010       15.032411       15.520727      -3.1462180
       33.347887     -0.12722531     -0.21743374       15.272679       15.775829      -3.1893739
       33.775424     -0.13093354     -0.21517958       15.515607       16.033449      -3.2297619
       34.202961     -0.13501246     -0.21215984       15.761325       16.293653      -3.2670908
       34.630498     -0.13952707     -0.20829979       16.009972       16.556510      -3.3010445
       35.058035     -0.14455292     -0.20351694       16.261700       16.822090      -3.3312789
       35.485572     -0.15017801     -0.19771995       16.516668       17.090467      -3.3574190
       35.913109     -0.15650487     -0.19080748       16.775052       17.361714      -3.3790551
       36.340646     -0.16365330     -0.18266672       17.037039       17.635908      -3.3957388
       36.768183     -0.17176346     -0.17317179       17.302834       17.913130      -3.4069780
       37.195720     -0.18099975     -0.16218179       17.572658       18.193461      -3.4122317
       37.623257     -0.19155551     -0.14953846       17.846752       18.476984      -3.4109030
       38.050794     -0.20365877     -0.13506345       18.125382       18.763788      -3.4023320
       38.478331     -0.21757935     -0.11855501       18.408836       19.053962      -3.3857869
       38.905868     -0.23363768    -0.099783972       18.697432       19.347599      -3.3604533
       39.333405     -0.25221580    -0.078488953       18.991521       19.644793      -3.3254219
       39.760942     -0.27377121    -0.054370375       19.291493       19.945645      -3.2796739
       40.188479     -0.29885443    -0.027083169       19.597780       20.250256      -3.2220625
       40.616016     -0.32813148  3.7723335E-003       19.910865       20.558731      -3.1512924
       41.043553     -0.36241280     0.038661814       20.231292       20.871180      -3.0658923
       41.471090     -0.40269102     0.078131444       20.559672       21.187715      -2.9641834
       41.898627     -0.45019060      0.12282642       20.896701       21.508452      -2.8442386
       42.326164     -0.50643410      0.17351497       21.243172       21.833514      -2.7038322
       42.753701     -0.57333144      0.23111994       21.600000       22.163024      -2.5403761

Table series: Data for wavelength : 0.656273 µm.
   Y Angle (deg)       Tan Shift       Sag Shift     Real Height     Ref. Height      Distortion
  --------------  --------------  --------------  --------------  --------------  --------------
      0.00000000     0.069798555     0.069798555      0.00000000      0.00000000      0.00000000
      0.42753701     0.069763503     0.069736501      0.17907353      0.17907490 -7.6911323E-004
      0.85507402     0.069662696     0.069550362      0.35815965      0.35816975 -2.8204390E-003
       1.2826110     0.069496226     0.069240217      0.53727097      0.53730449 -6.2386050E-003
       1.7101480     0.069264243     0.068806198      0.71642012      0.71649910    -0.011022774
       2.1376851     0.068966960     0.068248486      0.89561976      0.89577358    -0.017171681
       2.5652221     0.068604650     0.067567317       1.0748826       1.0751479    -0.024683691
       2.9927591     0.068177643     0.066762983       1.2542213       1.2546423    -0.033556803
       3.4202961     0.067686334     0.065835826       1.4336487       1.4342767    -0.043788638
       3.8478331     0.067131175     0.064786248       1.6131777       1.6140715    -0.055376439
       4.2753701     0.066512679     0.063614704       1.7928212       1.7940468    -0.068317062
       4.7029071     0.065831420     0.062321709       1.9725922       1.9742230    -0.082606970
       5.1304441     0.065088031     0.060907836       2.1525038       2.1546206    -0.098242228
       5.5579812     0.064283205     0.059373721       2.3325694       2.3352601     -0.11521849
       5.9855182     0.063417697     0.057720059       2.5128022       2.5161620     -0.13353098
       6.4130552     0.062492318     0.055947612       2.6932157       2.6973473     -0.15317452
       6.8405922     0.061507944     0.054057208       2.8738235       2.8788368     -0.17414345
       7.2681292     0.060465505     0.052049745       3.0546394       3.0606514     -0.19643169
       7.6956662     0.059365995     0.049926191       3.2356773       3.2428125     -0.22003268
       8.1232032     0.058210464     0.047687588       3.4169513       3.4253413     -0.24493938
       8.5507402     0.057000023     0.045335056       3.5984758       3.6082593     -0.27114422
       8.9782772     0.055735840     0.042869797       3.7802651       3.7915883     -0.29863916
       9.4058143     0.054419141     0.040293093       3.9623341       3.9753500     -0.32741559
       9.8333513     0.053051210     0.037606318       4.1446977       4.1595666     -0.35746436
       10.260888     0.051633389     0.034810935       4.3273710       4.3442604     -0.38877573
       10.688425     0.050167076     0.031908505       4.5103694       4.5294538     -0.42133936
       11.115962     0.048653722     0.028900688       4.6937088       4.7151696     -0.45514430
       11.543499     0.047094836     0.025789251       4.8774050       4.9014308     -0.49017891
       11.971036     0.045491979     0.022576072       5.0614744       5.0882606     -0.52643091
       12.398573     0.043846764     0.019263147       5.2459336       5.2756825     -0.56388727
       12.826110     0.042160856     0.015852595       5.4307996       5.4637204     -0.60253424
       13.253647     0.040435970     0.012346664       5.6160896       5.6523982     -0.64235728
       13.681184     0.038673865  8.7477414E-003       5.8018215       5.8417405     -0.68334104
       14.108721     0.036876351  5.0583587E-003       5.9880132       6.0317718     -0.72546929
       14.536258     0.035045276  1.2812013E-003       6.1746833       6.2225174     -0.76872492
       14.963795     0.033182533 -2.5808829E-003       6.3618509       6.4140025     -0.81308988
       15.391332     0.031290048 -6.5248739E-003       6.5495352       6.6062529     -0.85854510
       15.818869     0.029369784    -0.010547569       6.7377564       6.7992948     -0.90507050
       16.246406     0.027423735    -0.014645571       6.9265347       6.9931547     -0.95264486
       16.673943     0.025453917    -0.018815279       7.1158913       7.1878595      -1.0012458
       17.101480     0.023462369    -0.023052871       7.3058477       7.3834366      -1.0508498
       17.529017     0.021451146    -0.027354293       7.4964262       7.5799138      -1.1014320
       17.956554     0.019422310    -0.031715245       7.6876495       7.7773193      -1.1529660
       18.384092     0.017377924    -0.036131160       7.8795411       7.9756820      -1.2054243
       18.811629     0.015320047    -0.040597192       8.0721255       8.1750309      -1.2587777
       19.239166     0.013250718    -0.045108194       8.2654274       8.3753960      -1.3129952
       19.666703     0.011171955    -0.049658697       8.4594728       8.5768073      -1.3680445
       20.094240  9.0857340E-003    -0.054242890       8.6542883       8.7792959      -1.4238910
       20.521777  6.9939820E-003    -0.058854595       8.8499014       8.9828930      -1.4804987
       20.949314  4.8985598E-003    -0.063487240       9.0463406       9.1876306      -1.5378292
       21.376851  2.8012463E-003    -0.068133833       9.2436354       9.3935415      -1.5958421
       21.804388  7.0371852E-004    -0.072786929       9.4418163       9.6006587      -1.6544944
       22.231925 -1.3924687E-003    -0.077438599       9.6409151       9.8090162      -1.7137412
       22.659462 -3.4859069E-003    -0.082080391       9.8409645       10.018649      -1.7735344
       23.086999 -5.5753617E-003    -0.086703293       10.041999       10.229591      -1.8338235
       23.514536 -7.6598025E-003    -0.091297687       10.244053       10.441880      -1.8945549
       23.942073 -9.7384378E-003    -0.095853307       10.447164       10.655552      -1.9556719
       24.369610    -0.011810754     -0.10035918       10.651371       10.870645      -2.0171142
       24.797147    -0.013876561     -0.10480358       10.856713       11.087196      -2.0788181
       25.224684    -0.015936040     -0.10917395       11.063233       11.305246      -2.1407158
       25.652221    -0.017989803     -0.11345686       11.270973       11.524834      -2.2027357
       26.079758    -0.020038958     -0.11763790       11.479978       11.746002      -2.2648013
       26.507295    -0.022085178     -0.12170161       11.690298       11.968791      -2.3268315
       26.934832    -0.024130793     -0.12563143       11.901980       12.193245      -2.3887401
       27.362369    -0.026178879     -0.12940952       12.115078       12.419407      -2.4504353
       27.789906    -0.028233368     -0.13301672       12.329645       12.647323      -2.5118192
       28.217443    -0.030299179     -0.13643239       12.545739       12.877038      -2.5727875
       28.644980    -0.032382350     -0.13963428       12.763421       13.108601      -2.6332289
       29.072517    -0.034490214     -0.14259840       12.982754       13.342058      -2.6930247
       29.500054    -0.036631576     -0.14529881       13.203803       13.577461      -2.7520477
       29.927591    -0.038816940     -0.14770747       13.426641       13.814861      -2.8101622
       30.355128    -0.041058748     -0.14979401       13.651340       14.054308      -2.8672224
       30.782665    -0.043371678     -0.15152551       13.877979       14.295857      -2.9230725
       31.210202    -0.045772969     -0.15286620       14.106642       14.539564      -2.9775448
       31.637739    -0.048282816     -0.15377718       14.337416       14.785484      -3.0304594
       32.065276    -0.050924815     -0.15421611       14.570395       15.033676      -3.0816226
       32.492813    -0.053726487     -0.15413676       14.805677       15.284199      -3.1308257
       32.920350    -0.056719897     -0.15348864       15.043370       15.537115      -3.1778437
       33.347887    -0.059942366     -0.15221646       15.283584       15.792486      -3.2224333
       33.775424    -0.063437322     -0.15025959       15.526440       16.050378      -3.2643315
       34.202961    -0.067255289     -0.14755137       15.772068       16.310857      -3.3032531
       34.630498    -0.071455075     -0.14401843       16.020604       16.573991      -3.3388886
       35.058035    -0.076105165     -0.13957973       16.272197       16.839852      -3.3709014
       35.485572    -0.081285387     -0.13414565       16.527006       17.108512      -3.3989248
       35.913109    -0.087088912     -0.12761678       16.785203       17.380045      -3.4225585
       36.340646    -0.093624644     -0.11988255       17.046973       17.654529      -3.4413643
       36.768183     -0.10102011     -0.11081966       17.312516       17.932044      -3.4548623
       37.195720     -0.10942497     -0.10029019       17.582052       18.212670      -3.4625244
       37.623257     -0.11901525    -0.088139368       17.855818       18.496493      -3.4637691
       38.050794     -0.12999862    -0.074192904       18.134072       18.783600      -3.4579537
       38.478331     -0.14262077    -0.058253832       18.417099       19.074080      -3.4443661
       38.905868     -0.15717338    -0.040098665       18.705211       19.368027      -3.4222147
       39.333405     -0.17400409    -0.019472748       18.998752       19.665535      -3.3906165
       39.760942     -0.19352891  3.9154166E-003       19.298103       19.966705      -3.3485831
       40.188479     -0.21624802     0.030401157       19.603686       20.271637      -3.2950038
       40.616016     -0.24276585     0.060372298       19.915973       20.580438      -3.2286249
       41.043553     -0.27381693     0.094280007       20.235493       20.893216      -3.1480252
       41.471090     -0.31029948      0.13265251       20.562842       21.210086      -3.0515852
       41.898627     -0.35331944      0.17611258       20.898695       21.531162      -2.9374492
       42.326164     -0.40424890      0.22540017       21.243823       21.856567      -2.8034783
       42.753701     -0.46480461      0.28140197       21.599108       22.186425      -2.6471906
