Results for:	
File:	C:\Users\User\OneDrive - Massachusetts Institute of Technology\Documents\MIT\Grad School\Classes\2.156\Lens Project\Prime Lenses\US02171640-1.zmx
Title:	
Date:	11/7/2025 5:41:09 PM

0 message(s) in output.
3 series table(s) in output.

Table series: Data for wavelength : 0.486133 µm.
   Y Angle (deg)       Tan Shift       Sag Shift     Real Height     Ref. Height      Distortion
  --------------  --------------  --------------  --------------  --------------  --------------
      0.00000000    -0.037164343    -0.037164343      0.00000000      0.00000000      0.00000000
      0.20000000    -0.037185562    -0.037200483     0.088401112     0.088400910  2.2766543E-004
      0.40000000    -0.037244728    -0.037308882      0.17680530      0.17680398  7.5173590E-004
      0.60000000    -0.037341751    -0.037489482      0.26521566      0.26521135  1.6252690E-003
      0.80000000    -0.037476473    -0.037742185      0.35363526      0.35362519  2.8483057E-003
       1.0000000    -0.037648672    -0.038066853      0.44206719      0.44204764  4.4209922E-003
       1.2000000    -0.037858058    -0.038463309      0.53051453      0.53048088  6.3434855E-003
       1.4000000    -0.038104273    -0.038931336      0.61898037      0.61892704  8.6159765E-003
       1.6000000    -0.038386885    -0.039470677      0.70746780      0.70738830     0.011238689
       1.8000000    -0.038705393    -0.040081032      0.79597992      0.79586681     0.014211879
       2.0000000    -0.039059215    -0.040762063      0.88451981      0.88436473     0.017535833
       2.2000000    -0.039447693    -0.041513387      0.97309059      0.97288424     0.021210869
       2.4000000    -0.039870084    -0.042334581       1.0616954       1.0614275     0.025237333
       2.6000000    -0.040325559    -0.043225175       1.1503372       1.1499966     0.029615599
       2.8000000    -0.040813196    -0.044184658       1.2390193       1.2385939     0.034346065
       3.0000000    -0.041331978    -0.045212474       1.3277447       1.3272214     0.039429156
       3.2000000    -0.041880785    -0.046308017       1.4165165       1.4158813     0.044865315
       3.4000000    -0.042458387    -0.047470638       1.5053380       1.5045758     0.050655008
       3.6000000    -0.043063440    -0.048699637       1.5942122       1.5933072     0.056798718
       3.8000000    -0.043694478    -0.049994264       1.6831422       1.6820775     0.063296942
       4.0000000    -0.044349904    -0.051353721       1.7721313       1.7708890     0.070150189
       4.2000000    -0.045027981    -0.052777152       1.8611825       1.8597439     0.077358977
       4.4000000    -0.045726827    -0.054263652       1.9502991       1.9486443     0.084923831
       4.6000000    -0.046444398    -0.055812256       2.0394843       2.0375925     0.092845276
       4.8000000    -0.047178482    -0.057421943       2.1287411       2.1265906      0.10112384
       5.0000000    -0.047926686    -0.059091630       2.2180729       2.2156410      0.10976003
       5.2000000    -0.048686421    -0.060820175       2.3074828       2.3047458      0.11875436
       5.4000000    -0.049454893    -0.062606369       2.3969739       2.3939072      0.12810733
       5.6000000    -0.050229083    -0.064448938       2.4865497       2.4831274      0.13781939
       5.8000000    -0.051005734    -0.066346536       2.5762131       2.5724088      0.14789100
       6.0000000    -0.051781333    -0.068297747       2.6659676       2.6617535      0.15832256
       6.2000000    -0.052552092    -0.070301079       2.7558163       2.7511637      0.16911444
       6.4000000    -0.053313927    -0.072354962       2.8457626       2.8406418      0.18026696
       6.6000000    -0.054062438    -0.074457744       2.9358096       2.9301900      0.19178039
       6.8000000    -0.054792885    -0.076607687       3.0259606       3.0198106      0.20365493
       7.0000000    -0.055500162    -0.078802965       3.1162189       3.1095058      0.21589070
       7.2000000    -0.056178770    -0.081041658       3.2065879       3.1992779      0.22848776
       7.4000000    -0.056822791    -0.083321750       3.2970707       3.2891293      0.24144606
       7.6000000    -0.057425849    -0.085641121       3.3876708       3.3790621      0.25476543
       7.8000000    -0.057981082    -0.087997544       3.4783913       3.4690788      0.26844562
       8.0000000    -0.058481106    -0.090388682       3.5692357       3.5591815      0.28248620
       8.2000000    -0.058917968    -0.092812077       3.6602073       3.6493728      0.29688664
       8.4000000    -0.059283112    -0.095265149       3.7513093       3.7396548      0.31164622
       8.6000000    -0.059567325    -0.097745189       3.8425451       3.8300299      0.32676405
       8.8000000    -0.059760694     -0.10024935       3.9339180       3.9205005      0.34223904
       9.0000000    -0.059852546     -0.10277464       4.0254314       4.0110689      0.35806988
       9.2000000    -0.059831393     -0.10531792       4.1170885       4.1017376      0.37425504
       9.4000000    -0.059684867     -0.10787588       4.2088928       4.1925088      0.39079269
       9.6000000    -0.059399653     -0.11044505       4.3008475       4.2833849      0.40768076
       9.8000000    -0.058961416     -0.11302178       4.3929559       4.3743685      0.42491684
       10.000000    -0.058354718     -0.11560225       4.4852214       4.4654618      0.44249818
       10.200000    -0.057562935     -0.11818240       4.5776473       4.5566674      0.46042165
       10.400000    -0.056568161     -0.12075801       4.6702367       4.6479875      0.47868373
       10.600000    -0.055351104     -0.12332459       4.7629930       4.7394248      0.49728044
       10.800000    -0.053890984     -0.12587745       4.8559195       4.8309816      0.51620732
       11.000000    -0.052165404     -0.12841163       4.9490193       4.9226604      0.53545939
       11.200000    -0.050150228     -0.13092193       5.0422956       5.0144638      0.55503109
       11.400000    -0.047819435     -0.13340286       5.1357515       5.1063941      0.57491622
       11.600000    -0.045144970     -0.13584861       5.2293903       5.1984539      0.59510794
       11.800000    -0.042096574     -0.13825308       5.3232148       5.2906457      0.61559863
       12.000000    -0.038641624     -0.14060985       5.4172282       5.3829721      0.63637989
       12.200000    -0.034744888     -0.14291211       5.5114334       5.4754356      0.65744244
       12.400000    -0.030368367     -0.14515269       5.6058333       5.5680387      0.67877608
       12.600000    -0.025471047     -0.14732403       5.7004306       5.6607842      0.70036955
       12.800000    -0.020008628     -0.14941812       5.7952281       5.7536744      0.72221049
       13.000000    -0.013933271     -0.15142652       5.8902283       5.8467121      0.74428533
       13.200000 -7.1932917E-003     -0.15334027       5.9854340       5.9398999      0.76657919
       13.400000  2.6715516E-004     -0.15514994       6.0808473       6.0332404      0.78907576
       13.600000  8.5084549E-003     -0.15684552       6.1764705       6.1267363      0.81175717
       13.800000     0.017595877     -0.15841641       6.2723058       6.2203902      0.83460390
       14.000000     0.027600023     -0.15985141       6.3683552       6.3142049      0.85759458
       14.200000     0.038597273     -0.16113862       6.4646202       6.4081830      0.88070590
       14.400000     0.050670273     -0.16226546       6.5611026       6.5023272      0.90391237
       14.600000     0.063908515     -0.16321855       6.6578035       6.5966404      0.92718619
       14.800000     0.078408872     -0.16398373       6.7547242       6.6911252      0.95049703
       15.000000     0.094276273     -0.16454595       6.8518653       6.7857845      0.97381184
       15.200000      0.11162439     -0.16488923       6.9492273       6.8806210      0.99709458
       15.400000      0.13057640     -0.16499659       7.0468104       6.9756376       1.0203060
       15.600000      0.15126582     -0.16484999       7.1446144       7.0708370       1.0434034
       15.800000      0.17383737     -0.16443026       7.2426385       7.1662222       1.0663401
       16.000000      0.19844798     -0.16371699       7.3408818       7.2617961       1.0890657
       16.200000      0.22526784     -0.16268847       7.4393425       7.3575614       1.1115249
       16.400000      0.25448152     -0.16132158       7.5380186       7.4535212       1.1336578
       16.600000      0.28628924     -0.15959173       7.6369073       7.5496784       1.1553994
       16.800000      0.32090817     -0.15747269       7.7360051       7.6460358       1.1766787
       17.000000      0.35857383     -0.15493654       7.8353080       7.7425966       1.1974189
       17.200000      0.39954178     -0.15195351       7.9348109       7.8393638       1.2175363
       17.400000      0.44408904     -0.14849188       8.0345080       7.9363402       1.2369402
       17.600000      0.49251604     -0.14451782       8.1343926       8.0335291       1.2555320
       17.800000      0.54514835     -0.13999524       8.2344569       8.1309335       1.2732048
       18.000000      0.60233871     -0.13488569       8.3346918       8.2285564       1.2898425
       18.200000      0.66446909     -0.12914812       8.4350871       8.3264010       1.3053195
       18.400000      0.73195275     -0.12273879       8.5356313       8.4244705       1.3194994
       18.600000      0.80523650     -0.11561104       8.6363112       8.5227679       1.3322346
       18.800000      0.88480288     -0.10771512       8.7371122       8.6212966       1.3433654
       19.000000      0.97117245    -0.098998021       8.8380177       8.7200598       1.3527188
       19.200000       1.0649058    -0.089403254       8.9390094       8.8190606       1.3601082
       19.400000       1.1666057    -0.078870667       9.0400669       8.9183025       1.3653317
       19.600000       1.2769189    -0.067336240       9.1411674       9.0177886       1.3681719
       19.800000       1.3965375    -0.054731895       9.2422860       9.1175223       1.3683942
       20.000000       1.5262003    -0.040985298       9.3433948       9.2175071       1.3657464

Table series: Data for wavelength : 0.587562 µm.
   Y Angle (deg)       Tan Shift       Sag Shift     Real Height     Ref. Height      Distortion
  --------------  --------------  --------------  --------------  --------------  --------------
      0.00000000     0.025435160     0.025435160      0.00000000      0.00000000      0.00000000
      0.20000000     0.025397848     0.025392359     0.088314126     0.088313962  1.8561149E-004
      0.40000000     0.025288462     0.025263974      0.17663139      0.17663008  7.4242707E-004
      0.60000000     0.025107053     0.025050054      0.26495492      0.26495049  1.6705283E-003
      0.80000000     0.024853709     0.024750682      0.35328786      0.35327737  2.9700831E-003
       1.0000000     0.024528561     0.024365974      0.44163335      0.44161286  4.6412661E-003
       1.2000000     0.024131777     0.023896079      0.52999453      0.52995911  6.6843218E-003
       1.4000000     0.023663568     0.023341180      0.61837455      0.61831828  9.0995479E-003
       1.6000000     0.023124188     0.022701495      0.70677654      0.70669253     0.011887295
       1.8000000     0.022513936     0.021977276      0.79520366      0.79508402     0.015047967
       2.0000000     0.021833159     0.021168810      0.88365907      0.88349490     0.018582017
       2.2000000     0.021082255     0.020276419      0.97214592      0.97192733     0.022489951
       2.4000000     0.020261675     0.019300460       1.0606674       1.0603835     0.026772325
       2.6000000     0.019371926     0.018241331       1.1492266       1.1488655     0.031429741
       2.8000000     0.018413579     0.017099463       1.2378268       1.2373756     0.036462851
       3.0000000     0.017387267     0.015875328       1.3264711       1.3259160     0.041872352
       3.2000000     0.016293695     0.014569435       1.4151628       1.4144887     0.047658985
       3.4000000     0.015133643     0.013182336       1.5039050       1.5030960     0.053823536
       3.6000000     0.013907972     0.011714623       1.5927009       1.5917401     0.060366829
       3.8000000     0.012617631     0.010166929       1.6815538       1.6804231     0.067289730
       4.0000000     0.011263661  8.5399320E-003       1.7704669       1.7691472     0.074593141
       4.2000000  9.8472085E-003  6.8343559E-003       1.8594433       1.8579147     0.082277996
       4.4000000  8.3695261E-003  5.0509697E-003       1.9484864       1.9467276     0.090345265
       4.6000000  6.8319867E-003  3.1905908E-003       2.0375994       2.0355883     0.098795944
       4.8000000  5.2360909E-003  1.2540863E-003       2.1267856       2.1244990      0.10763106
       5.0000000  3.5834779E-003 -7.5762535E-004       2.2160482       2.2134618      0.11685165
       5.2000000  1.8759357E-003 -2.8435723E-003       2.3053906       2.3024789      0.12645878
       5.4000000  1.1541443E-004 -5.0027273E-003       2.3948159       2.3915526      0.13645353
       5.6000000 -1.6959618E-003 -7.2340056E-003       2.4843276       2.4806851      0.14683700
       5.8000000 -3.5558800E-003 -9.5362626E-003       2.5739290       2.5698786      0.15761027
       6.0000000 -5.4618240E-003    -0.011908291       2.6636234       2.6591354      0.16877444
       6.2000000 -7.4110570E-003    -0.014348820       2.7534141       2.7484578      0.18033061
       6.4000000 -9.4006049E-003    -0.016856508       2.8433045       2.8378479      0.19227985
       6.6000000    -0.011427237    -0.019429947       2.9332979       2.9273080      0.20462322
       6.8000000    -0.013487444    -0.022067649       3.0233979       3.0168404      0.21736177
       7.0000000    -0.015577418    -0.024768055       3.1136076       3.1064474      0.23049651
       7.2000000    -0.017693027    -0.027529520       3.2039307       3.1961312      0.24402839
       7.4000000    -0.019829790    -0.030350318       3.2943704       3.2858942      0.25795834
       7.6000000    -0.021982847    -0.033228629       3.3849303       3.3757385      0.27228721
       7.8000000    -0.024146931    -0.036162544       3.4756137       3.4656667      0.28701580
       8.0000000    -0.026316333    -0.039150054       3.5664241       3.5556808      0.30214481
       8.2000000    -0.028484870    -0.042189046       3.6573651       3.6457833      0.31767485
       8.4000000    -0.030645841    -0.045277300       3.7484400       3.7359765      0.33360644
       8.6000000    -0.032791993    -0.048412480       3.8396524       3.8262628      0.34993997
       8.8000000    -0.034915470    -0.051592130       3.9310058       3.9166444      0.36667567
       9.0000000    -0.037007767    -0.054813669       4.0225036       4.0071237      0.38381366
       9.2000000    -0.039059676    -0.058074378       4.1141495       4.0977032      0.40135385
       9.4000000    -0.041061235    -0.061371400       4.2059469       4.1883851      0.41929598
       9.6000000    -0.043001656    -0.064701727       4.2978993       4.2791719      0.43763957
       9.8000000    -0.044869267    -0.068062194       4.3900103       4.3700660      0.45638390
       10.000000    -0.046651437    -0.071449469       4.4822834       4.4610697      0.47552800
       10.200000    -0.048334495    -0.074860042       4.5747221       4.5521856      0.49507058
       10.400000    -0.049903648    -0.078290217       4.6673300       4.6434159      0.51501006
       10.600000    -0.051342886    -0.081736100       4.7601105       4.7347632      0.53534450
       10.800000    -0.052634883    -0.085193586       4.8530673       4.8262300      0.55607156
       11.000000    -0.053760887    -0.088658348       4.9462037       4.9178186      0.57718848
       11.200000    -0.054700600    -0.092125821       5.0395233       5.0095317      0.59869205
       11.400000    -0.055432053    -0.095591189       5.1330296       5.1013715      0.62057853
       11.600000    -0.055931459    -0.099049370       5.2267259       5.1933408      0.64284360
       11.800000    -0.056173064     -0.10249500       5.3206156       5.2854420      0.66548237
       12.000000    -0.056128981     -0.10592240       5.4147023       5.3776775      0.68848924
       12.200000    -0.055769006     -0.10932559       5.5089891       5.4700501      0.71185788
       12.400000    -0.055060415     -0.11269823       5.6034793       5.5625622      0.73558118
       12.600000    -0.053967778     -0.11603362       5.6981763       5.6552164      0.75965113
       12.800000    -0.052452655     -0.11932468       5.7930831       5.7480152      0.78405875
       13.000000    -0.050473427     -0.12256390       5.8882028       5.8409615      0.80879405
       13.200000    -0.047984950     -0.12574334       5.9835385       5.9340576      0.83384587
       13.400000    -0.044938277     -0.12885457       6.0790930       6.0273063      0.85920182
       13.600000    -0.041280317     -0.13188866       6.1748692       6.1207102      0.88484812
       13.800000    -0.036953473     -0.13483616       6.2708697       6.2142720      0.91076955
       14.000000    -0.031895224     -0.13768701       6.3670971       6.3079944      0.93694925
       14.200000    -0.026037723     -0.14043055       6.4635538       6.4018800      0.96336860
       14.400000    -0.019307292     -0.14305544       6.5602419       6.4959317      0.99000707
       14.600000    -0.011623910     -0.14554966       6.6571635       6.5901521       1.0168420
       14.800000 -2.9006523E-003     -0.14790040       6.7543205       6.6845440       1.0438485
       15.000000  6.9569743E-003     -0.15009404       6.8517144       6.7791102       1.0709992
       15.200000     0.018051661     -0.15211610       6.9493465       6.8738534       1.0982639
       15.400000     0.030495073     -0.15395115       7.0472177       6.9687765       1.1256097
       15.600000     0.044408660     -0.15558276       7.1453289       7.0638823       1.1530001
       15.800000     0.059924544     -0.15699340       7.2436803       7.1591737       1.1803955
       16.000000     0.077186496     -0.15816440       7.3422718       7.2546536       1.2077522
       16.200000     0.096350992     -0.15907583       7.4411029       7.3503247       1.2350225
       16.400000      0.11758838     -0.15970644       7.5401725       7.4461901       1.2621540
       16.600000      0.14108412     -0.16003353       7.6394791       7.5422527       1.2890896
       16.800000      0.16704018     -0.16003283       7.7390204       7.6385154       1.3157666
       17.000000      0.19567651     -0.15967845       7.8387937       7.7349812       1.3421166
       17.200000      0.22723265     -0.15894269       7.9387953       7.8316532       1.3680648
       17.400000      0.26196948     -0.15779593       8.0390207       7.9285343       1.3935296
       17.600000      0.30017113     -0.15620651       8.1394648       8.0256275       1.4184216
       17.800000      0.34214695     -0.15414055       8.2401211       8.1229361       1.4426435
       18.000000      0.38823368     -0.15156178       8.3409823       8.2204630       1.4660890
       18.200000      0.43879778     -0.14843142       8.4420398       8.3182114       1.4886423
       18.400000      0.49423789     -0.14470792       8.5432837       8.4161844       1.5101771
       18.600000      0.55498730     -0.14034684       8.6447026       8.5143852       1.5305558
       18.800000      0.62151674     -0.13530061       8.7462836       8.6128170       1.5496286
       19.000000      0.69433700     -0.12951830       8.8480122       8.7114830       1.5672325
       19.200000      0.77400189     -0.12294546       8.9498716       8.8103864       1.5831904
       19.400000      0.86111085     -0.11552382       9.0518435       8.9095307       1.5973099
       19.600000      0.95631175     -0.10719109       9.1539068       9.0089189       1.6093819
       19.800000       1.0603034    -0.097880712       9.2560385       9.1085546       1.6191802
       20.000000       1.1738378    -0.087521618       9.3582125       9.2084410       1.6264593

Table series: Data for wavelength : 0.656273 µm.
   Y Angle (deg)       Tan Shift       Sag Shift     Real Height     Ref. Height      Distortion
  --------------  --------------  --------------  --------------  --------------  --------------
      0.00000000     0.066055691     0.066055691      0.00000000      0.00000000      0.00000000
      0.20000000     0.066012302     0.066010338     0.088274508     0.088274283  2.5508882E-004
      0.40000000     0.065883914     0.065874293      0.17655217      0.17655072  8.2345354E-004
      0.60000000     0.065670563     0.065647603      0.26483614      0.26483145  1.7707899E-003
      0.80000000     0.065372315     0.065330344      0.35312958      0.35311864  3.0973345E-003
       1.0000000     0.064989264     0.064922625      0.44143565      0.44141444  4.8032617E-003
       1.2000000     0.064521532     0.064424584      0.52975749      0.52972100  6.8888482E-003
       1.4000000     0.063969276     0.063836393      0.61809829      0.61804048  9.3544315E-003
       1.6000000     0.063332684     0.063158252      0.70646120      0.70637502     0.012200409
       1.8000000     0.062611977     0.062390397      0.79484939      0.79472679     0.015427239
       2.0000000     0.061807417     0.061533094      0.88326605      0.88309795     0.019035438
       2.2000000     0.060919301     0.060586643      0.97171434      0.97149065     0.023025580
       2.4000000     0.059947973     0.059551379       1.0601975       1.0599071     0.027398298
       2.6000000     0.058893820     0.058427668       1.1487186       1.1483494     0.032154281
       2.8000000     0.057757279     0.057215913       1.2372810       1.2368197     0.037294274
       3.0000000     0.056538840     0.055916554       1.3258877       1.3253202     0.042819075
       3.2000000     0.055239052     0.054530065       1.4145421       1.4138532     0.048729536
       3.4000000     0.053858527     0.053056959       1.5032474       1.5024207     0.055026560
       3.6000000     0.052397944     0.051497787       1.5920067       1.5910249     0.061711101
       3.8000000     0.050858057     0.049853141       1.6808234       1.6796681     0.068784159
       4.0000000     0.049239700     0.048123651       1.7697006       1.7683523     0.076246783
       4.2000000     0.047543797     0.046309991       1.8586417       1.8570799     0.084100063
       4.4000000     0.045771363     0.044412879       1.9476499       1.9458530     0.092345133
       4.6000000     0.043923519     0.042433078       2.0367285       2.0346738      0.10098317
       4.8000000     0.042001499     0.040371394       2.1258807       2.1235445      0.11001537
       5.0000000     0.040006657     0.038228685       2.2151099       2.2124673      0.11944298
       5.2000000     0.037940480     0.036005859       2.3044194       2.3014444      0.12926728
       5.4000000     0.035804601     0.033703872       2.3938125       2.3904781      0.13948957
       5.6000000     0.033600806     0.031323739       2.4832926       2.4795705      0.15011116
       5.8000000     0.031331053     0.028866528       2.5728631       2.5687240      0.16113339
       6.0000000     0.028997480     0.026333366       2.6625272       2.6579407      0.17255762
       6.2000000     0.026602429     0.023725442       2.7522884       2.7472229      0.18438520
       6.4000000     0.024148453     0.021044008       2.8421500       2.8365728      0.19661751
       6.6000000     0.021638343     0.018290382       2.9321156       2.9259928      0.20925590
       6.8000000     0.019075141     0.015465954       3.0221884       3.0154850      0.22230174
       7.0000000     0.016462163     0.012572185       3.1123720       3.1050517      0.23575634
       7.2000000     0.013803025  9.6106119E-003       3.2026698       3.1946952      0.24962104
       7.4000000     0.011101662  6.5828534E-003       3.2930853       3.2844178      0.26389710
       7.6000000  8.3623584E-003  3.4906115E-003       3.3836220       3.3742219      0.27858577
       7.8000000  5.5897772E-003  3.3567651E-004       3.4742832       3.4641096      0.29368823
       8.0000000  2.7889881E-003 -2.8800684E-003       3.5650727       3.5540833      0.30920562
       8.2000000 -3.4496322E-005 -6.1546425E-003       3.6559938       3.6441453      0.32513900
       8.4000000 -2.8746850E-003 -9.4859621E-003       3.7470502       3.7342980      0.34148932
       8.6000000 -5.7250692E-003    -0.012871836       3.8382454       3.8245437      0.35825747
       8.8000000 -8.5785791E-003    -0.016309957       3.9295829       3.9148847      0.37544420
       9.0000000    -0.011427538    -0.019797900       4.0210663       4.0053234      0.39305014
       9.2000000    -0.014263613    -0.023333111       4.1126992       4.0958621      0.41107578
       9.4000000    -0.017077759    -0.026912903       4.2044852       4.1865033      0.42952143
       9.6000000    -0.019860160    -0.030534447       4.2964280       4.2772493      0.44838724
       9.8000000    -0.022600167    -0.034194764       4.3885310       4.3681025      0.46767312
       10.000000    -0.025286227    -0.037890715       4.4807979       4.4590654      0.48737877
       10.200000    -0.027905808    -0.041618994       4.5732324       4.5501403      0.50750364
       10.400000    -0.030445317    -0.045376117       4.6658381       4.6413297      0.52804686
       10.600000    -0.032890013    -0.049158412       4.7586185       4.7326359      0.54900729
       10.800000    -0.035223907    -0.052962004       4.8515772       4.8240616      0.57038341
       11.000000    -0.037429659    -0.056782808       4.9447180       4.9156091      0.59217332
       11.200000    -0.039488466    -0.060616512       5.0380444       5.0072809      0.61437470
       11.400000    -0.041379932    -0.064458563       5.1315599       5.0990795      0.63698475
       11.600000    -0.043081937    -0.068304154       5.2252681       5.1910075      0.66000018
       11.800000    -0.044570487    -0.072148206       5.3191726       5.2830672      0.68341711
       12.000000    -0.045819555    -0.075985350       5.4132769       5.3752614      0.70723105
       12.200000    -0.046800905    -0.079809910       5.5075844       5.4675924      0.73143683
       12.400000    -0.047483898    -0.083615880       5.6020986       5.5600629      0.75602854
       12.600000    -0.047835284    -0.087396904       5.6968229       5.6526755      0.78099944
       12.800000    -0.047818991    -0.091146253       5.7917605       5.7454327      0.80634190
       13.000000    -0.047395827    -0.094856798       5.8869149       5.8383372      0.83204731
       13.200000    -0.046523264    -0.098520984       5.9822891       5.9313915      0.85810601
       13.400000    -0.045155119     -0.10213080       6.0778863       6.0245983      0.88450713
       13.600000    -0.043241216     -0.10567775       6.1737094       6.1179602      0.91123856
       13.800000    -0.040727043     -0.10915280       6.2697615       6.2114800      0.93828677
       14.000000    -0.037553364     -0.11254639       6.3660452       6.3051603      0.96563670
       14.200000    -0.033655770     -0.11584834       6.4625632       6.3990037      0.99327162
       14.400000    -0.028964250     -0.11904782       6.5593180       6.4930131       1.0211730
       14.600000    -0.023402651     -0.12213333       6.6563119       6.5871912       1.0493203
       14.800000    -0.016888132     -0.12509263       6.7535470       6.6815407       1.0776908
       15.000000 -9.3305309E-003     -0.12791269       6.8510252       6.7760644       1.1062593
       15.200000 -6.3171621E-004     -0.13057962       6.9487481       6.8707650       1.1349983
       15.400000  9.3151614E-003     -0.13307863       7.0467171       6.9656455       1.1638772
       15.600000     0.020626473     -0.13539394       7.1449331       7.0607086       1.1928624
       15.800000     0.033428993     -0.13750873       7.2433970       7.1559572       1.2219169
       16.000000     0.047860865     -0.13940503       7.3421090       7.2513941       1.2510000
       16.200000     0.064072657     -0.14106367       7.4410691       7.3470223       1.2800671
       16.400000     0.082228516     -0.14246416       7.5402766       7.4428446       1.3090690
       16.600000      0.10250743     -0.14358461       7.6397304       7.5388640       1.3379520
       16.800000      0.12510460     -0.14440160       7.7394289       7.6350835       1.3666570
       17.000000      0.15023293     -0.14489008       7.8393697       7.7315060       1.3951191
       17.200000      0.17812469     -0.14502326       7.9395498       7.8281345       1.4232675
       17.400000      0.20903322     -0.14477245       8.0399653       7.9249720       1.4510244
       17.600000      0.24323489     -0.14410692       8.1406116       8.0220217       1.4783047
       17.800000      0.28103121     -0.14299377       8.2414830       8.1192865       1.5050154
       18.000000      0.32275093     -0.14139774       8.3425728       8.2167696       1.5310545
       18.200000      0.36875252     -0.13928103       8.4438731       8.3144741       1.5563107
       18.400000      0.41942669     -0.13660316       8.5453747       8.4124030       1.5806625
       18.600000      0.47519904     -0.13332071       8.6470672       8.5105597       1.6039771
       18.800000      0.53653293     -0.12938715       8.7489382       8.6089473       1.6261094
       19.000000      0.60393241     -0.12475260       8.8509740       8.7075690       1.6469015
       19.200000      0.67794517     -0.11936361       8.9531590       8.8064280       1.6661810
       19.400000      0.75916578     -0.11316290       9.0554754       8.9055277       1.6837603
       19.600000      0.84823854     -0.10608915       9.1579032       9.0048713       1.6994353
       19.800000      0.94586049    -0.098076683       9.2604202       9.1044622       1.7129841
       20.000000       1.0527841    -0.089055254       9.3630011       9.2043037       1.7241659
