Results for:	
File:	C:\Users\User\OneDrive - Massachusetts Institute of Technology\Documents\MIT\Grad School\Classes\2.156\Lens Project\Prime Lenses\US02696758-1.zmx
Title:	
Date:	11/7/2025 5:43:28 PM

0 message(s) in output.
3 series table(s) in output.

Table series: Data for wavelength : 0.486133 µm.
   Y Angle (deg)       Tan Shift       Sag Shift     Real Height     Ref. Height      Distortion
  --------------  --------------  --------------  --------------  --------------  --------------
      0.00000000    -0.067622608    -0.067622608      0.00000000      0.00000000      0.00000000
      0.33000000    -0.067700400    -0.067688249      0.14618045      0.14618078 -2.2837080E-004
      0.66000000    -0.067934477    -0.067885136      0.29236859      0.29237126 -9.1323362E-004
      0.99000000    -0.068324713    -0.068213165      0.43857213      0.43858114 -2.0543142E-003
       1.3200000    -0.068870901    -0.068672159      0.58479877      0.58482012 -3.6510758E-003
       1.6500000    -0.069572744    -0.069261875      0.73105624      0.73109793 -5.7027660E-003
       1.9800000    -0.070429866    -0.069981994      0.87735227      0.87742429 -8.2084160E-003
       2.3100000    -0.071441801    -0.070832130       1.0236946       1.0238089    -0.011166839
       2.6400000    -0.072608002    -0.071811824       1.1700910       1.1702616    -0.014576628
       2.9700000    -0.073927836    -0.072920546       1.3165493       1.3167921    -0.018436156
       3.3000000    -0.075400584    -0.074157691       1.4630773       1.4634102    -0.022743572
       3.6300000    -0.077025443    -0.075522584       1.6096829       1.6101257    -0.027496800
       3.9600000    -0.078801524    -0.077014474       1.7563740       1.7569484    -0.032693533
       4.2900000    -0.080727855    -0.078632536       1.9031585       1.9038883    -0.038331236
       4.6200000    -0.082803374    -0.080375868       2.0500445       2.0509552    -0.044407135
       4.9500000    -0.085026939    -0.082243493       2.1970398       2.1981591    -0.050918222
       5.2800000    -0.087397317    -0.084234353       2.3441528       2.3455099    -0.057861243
       5.6100000    -0.089913194    -0.086347316       2.4913914       2.4930177    -0.065232698
       5.9400000    -0.092573165    -0.088581163       2.6387640       2.6406924    -0.073028835
       6.2700000    -0.095375743    -0.090934599       2.7862787       2.7885443    -0.081245648
       6.6000000    -0.098319352    -0.093406241       2.9339440       2.9365834    -0.089878865
       6.9300000     -0.10140233    -0.095994623       3.0817683       3.0848200    -0.098923949
       7.2600000     -0.10462293    -0.098698192       3.2297601       3.2332642     -0.10837609
       7.5900000     -0.10797932     -0.10151530       3.3779280       3.3819264     -0.11823019
       7.9200000     -0.11146958     -0.10444423       3.5262806       3.5308170     -0.12848087
       8.2500000     -0.11509169     -0.10748314       3.6748268       3.6799464     -0.13912247
       8.5800000     -0.11884356     -0.11063011       3.8235754       3.8293251     -0.15014899
       8.9100000     -0.12272301     -0.11388313       3.9725355       3.9789637     -0.16155415
       9.2400000     -0.12672777     -0.11724007       4.1217161       4.1288727     -0.17333134
       9.5700000     -0.13085548     -0.12069872       4.2711264       4.2790629     -0.18547362
       9.9000000     -0.13510370     -0.12425674       4.4207757       4.4295451     -0.19797371
       10.230000     -0.13946990     -0.12791169       4.5706736       4.5803301     -0.21082399
       10.560000     -0.14395146     -0.13166102       4.7208297       4.7314289     -0.22401646
       10.890000     -0.14854566     -0.13550208       4.8712537       4.8828525     -0.23754276
       11.220000     -0.15324974     -0.13943206       5.0219554       5.0346121     -0.25139413
       11.550000     -0.15806079     -0.14344806       5.1729450       5.1867189     -0.26556144
       11.880000     -0.16297587     -0.14754705       5.3242326       5.3391841     -0.28003513
       12.210000     -0.16799193     -0.15172585       5.4758286       5.4920193     -0.29480520
       12.540000     -0.17310583     -0.15598115       5.6277436       5.6452359     -0.30986124
       12.870000     -0.17831435     -0.16030952       5.7799882       5.7988456     -0.32519235
       13.200000     -0.18361420     -0.16470734       5.9325736       5.9528602     -0.34078718
       13.530000     -0.18900200     -0.16917087       6.0855107       6.1072914     -0.35663387
       13.860000     -0.19447428     -0.17369622       6.2388109       6.2621512     -0.37272005
       14.190000     -0.20002751     -0.17827929       6.3924859       6.4174519     -0.38903283
       14.520000     -0.20565806     -0.18291586       6.5465473       6.5732055     -0.40555876
       14.850000     -0.21136224     -0.18760149       6.7010073       6.7294245     -0.42228381
       15.180000     -0.21713628     -0.19233159       6.8558780       6.8861214     -0.43919336
       15.510000     -0.22297635     -0.19710135       7.0111721       7.0433088     -0.45627216
       15.840000     -0.22887854     -0.20190577       7.1669024       7.2009995     -0.47350430
       16.170000     -0.23483887     -0.20673963       7.3230820       7.3592064     -0.49087323
       16.500000     -0.24085331     -0.21159750       7.4797243       7.5179426     -0.50836166
       16.830000     -0.24691777     -0.21647372       7.6368429       7.6772214     -0.52595156
       17.160000     -0.25302810     -0.22136238       7.7944520       7.8370561     -0.54362416
       17.490000     -0.25918012     -0.22625732       7.9525659       7.9974604     -0.56135987
       17.820000     -0.26536957     -0.23115211       8.1111993       8.1584480     -0.57913825
       18.150000     -0.27159221     -0.23604007       8.2703674       8.3200328     -0.59693800
       18.480000     -0.27784371     -0.24091419       8.4300856       8.4822290     -0.61473689
       18.810000     -0.28411977     -0.24576718       8.5903698       8.6450508     -0.63251173
       19.140000     -0.29041605     -0.25059142       8.7512363       8.8085127     -0.65023833
       19.470000     -0.29672821     -0.25537895       8.9127020       8.9726294     -0.66789143
       19.800000     -0.30305194     -0.26012147       9.0747839       9.1374158     -0.68544468
       20.130000     -0.30938292     -0.26481027       9.2374998       9.3028871     -0.70287054
       20.460000     -0.31571690     -0.26943628       9.4008680       9.4690585     -0.72014029
       20.790000     -0.32204966     -0.27399001       9.5649071       9.6359456     -0.73722389
       21.120000     -0.32837706     -0.27846150       9.7296365       9.8035642     -0.75408998
       21.450000     -0.33469504     -0.28284035       9.8950760       9.9719303     -0.77070578
       21.780000     -0.34099966     -0.28711567       10.061246       10.141060     -0.78703701
       22.110000     -0.34728712     -0.29127604       10.228168       10.310970     -0.80304782
       22.440000     -0.35355376     -0.29530948       10.395864       10.481677     -0.81870073
       22.770000     -0.35979616     -0.29920345       10.564355       10.653198     -0.83395650
       23.100000     -0.36601108     -0.30294475       10.733666       10.825551     -0.84877406
       23.430000     -0.37219556     -0.30651957       10.903821       10.998752     -0.86311039
       23.760000     -0.37834698     -0.30991335       11.074844       11.172820     -0.87692043
       24.090000     -0.38446303     -0.31311082       11.246761       11.347774     -0.89015695
       24.420000     -0.39054185     -0.31609591       11.419598       11.523630     -0.90277045
       24.750000     -0.39658203     -0.31885167       11.593384       11.700409     -0.91470898
       25.080000     -0.40258269     -0.32136029       11.768147       11.878129     -0.92591804
       25.410000     -0.40854360     -0.32360297       11.943917       12.056810     -0.93634039
       25.740000     -0.41446519     -0.32555989       12.120724       12.236471     -0.94591593
       26.070000     -0.42034870     -0.32721010       12.298601       12.417133     -0.95458146
       26.400000     -0.42619628     -0.32853151       12.477581       12.598815     -0.96227054
       26.730000     -0.43201107     -0.32950070       12.657698       12.781540     -0.96891328
       27.060000     -0.43779738     -0.33009295       12.838989       12.965328     -0.97443607
       27.390000     -0.44356085     -0.33028202       13.021491       13.150200     -0.97876139
       27.720000     -0.44930857     -0.33004013       13.205244       13.336179     -0.98180752
       28.050000     -0.45504931     -0.32933776       13.390288       13.523288     -0.98348827
       28.380000     -0.46079373     -0.32814359       13.576666       13.711548     -0.98371268
       28.710000     -0.46655464     -0.32642428       13.764422       13.900984     -0.98238464
       29.040000     -0.47234726     -0.32414437       13.953604       14.091618     -0.97940260
       29.370000     -0.47818957     -0.32126606       14.144261       14.283476     -0.97465911
       29.700000     -0.48410262     -0.31774902       14.336442       14.476581     -0.96804045
       30.030000     -0.49011102     -0.31355017       14.530203       14.670960     -0.95942610
       30.360000     -0.49624333     -0.30862345       14.725599       14.866637     -0.94868827
       30.690000     -0.50253265     -0.30291954       14.922690       15.063639     -0.93569131
       31.020000     -0.50901722     -0.29638555       15.121538       15.261992     -0.92029112
       31.350000     -0.51574112     -0.28896469       15.322208       15.461725     -0.90233445
       31.680000     -0.52275509     -0.28059591       15.524770       15.662863     -0.88165816
       32.010000     -0.53011744     -0.27121346       15.729298       15.865437     -0.85808839
       32.340000     -0.53789513     -0.26074643       15.935867       16.069475     -0.83143965
       32.670000     -0.54616503     -0.24911821       16.144560       16.275006     -0.80151383
       33.000000     -0.55501531     -0.23624591       16.355463       16.482061     -0.76809903

Table series: Data for wavelength : 0.587562 µm.
   Y Angle (deg)       Tan Shift       Sag Shift     Real Height     Ref. Height      Distortion
  --------------  --------------  --------------  --------------  --------------  --------------
      0.00000000     0.036402232     0.036402232      0.00000000      0.00000000      0.00000000
      0.33000000     0.036328568     0.036336696      0.14638818      0.14638852 -2.3458153E-004
      0.66000000     0.036107257     0.036140121      0.29278401      0.29278676 -9.3821967E-004
      0.99000000     0.035738439     0.035812615      0.43919515      0.43920442 -2.1106036E-003
       1.3200000     0.035222348     0.035354357      0.58562926      0.58565123 -3.7512135E-003
       1.6500000     0.034559313     0.034765594      0.73209402      0.73213692 -5.8593204E-003
       1.9800000     0.033749757     0.034046649      0.87859711      0.87867122 -8.4339858E-003
       2.3100000     0.032794198     0.033197915       1.0251463       1.0252639    -0.011474060
       2.6400000     0.031693250     0.032219857       1.1717492       1.1719247    -0.014978181
       2.9700000     0.030447620     0.031113015       1.3184136       1.3186634    -0.018944771
       3.3000000     0.029058112     0.029878000       1.4651474       1.4654899    -0.023372038
       3.6300000     0.027525626     0.028515501       1.6119582       1.6124139    -0.028257971
       3.9600000     0.025851155     0.027026279       1.7588541       1.7594453    -0.033600336
       4.2900000     0.024035792     0.025411171       1.9058429       1.9065940    -0.039396675
       4.6200000     0.022080722     0.023671092       2.0529324       2.0538699    -0.045644305
       4.9500000     0.019987231     0.021807036       2.2001308       2.2012830    -0.052340309
       5.2800000     0.017756699     0.019820074       2.3474461       2.3488432    -0.059481536
       5.6100000     0.015390606     0.017711359       2.4948863       2.4965606    -0.067064596
       5.9400000     0.012890526     0.015482123       2.6424596       2.6444452    -0.075085856
       6.2700000     0.010258135     0.013133685       2.7901743       2.7925072    -0.083541434
       6.6000000  7.4952069E-003     0.010667444       2.9380386       2.9407567    -0.092427195
       6.9300000  4.6036132E-003  8.0848908E-003       3.0860610       3.0892039     -0.10173874
       7.2600000  1.5853264E-003  5.3875993E-003       3.2342498       3.2378591     -0.11147142
       7.5900000 -1.5575813E-003  2.5772361E-003       3.3826136       3.3867326     -0.12162028
       7.9200000 -4.8229368E-003 -3.4444091E-004       3.5311611       3.5358348     -0.13218014
       8.2500000 -8.2084664E-003 -3.3755796E-003       3.6799010       3.6851761     -0.14314548
       8.5800000    -0.011711794 -6.5142312E-003       3.8288420       3.8347671     -0.15451052
       8.9100000    -0.015330443 -9.7583483E-003       3.9779931       3.9846183     -0.16626917
       9.2400000    -0.019061831    -0.013105782       4.1273633       4.1347403     -0.17841503
       9.5700000    -0.022903275    -0.016554278       4.2769619       4.2851440     -0.19094137
       9.9000000    -0.026851988    -0.020101476       4.4267980       4.4358400     -0.20384116
       10.230000    -0.030905078    -0.023744905       4.5768810       4.5868393     -0.21710700
       10.560000    -0.035059548    -0.027481980       4.7272205       4.7381529     -0.23073115
       10.890000    -0.039312296    -0.031310000       4.8778261       4.8897917     -0.24470553
       11.220000    -0.043660114    -0.035226141       5.0287077       5.0417670     -0.25902166
       11.550000    -0.048099689    -0.039227456       5.1798752       5.1940899     -0.27367068
       11.880000    -0.052627600    -0.043310868       5.3313387       5.3467718     -0.28864335
       12.210000    -0.057240320    -0.047473167       5.4831086       5.4998242     -0.30392999
       12.540000    -0.061934215    -0.051711006       5.6351952       5.6532586     -0.31952052
       12.870000    -0.066705542    -0.056020893       5.7876093       5.8070866     -0.33540439
       13.200000    -0.071550451    -0.060399190       5.9403617       5.9613200     -0.35157062
       13.530000    -0.076464986    -0.064842104       6.0934634       6.1159706     -0.36800774
       13.860000    -0.081445081    -0.069345681       6.2469256       6.2710506     -0.38470376
       14.190000    -0.086486564    -0.073905805       6.4007598       6.4265719     -0.40164623
       14.520000    -0.091585156    -0.078518184       6.5549777       6.5825469     -0.41882212
       14.850000    -0.096736470    -0.083178348       6.7095912       6.7389879     -0.43621787
       15.180000     -0.10193601    -0.087881640       6.8646125       6.8959075     -0.45381932
       15.510000     -0.10717919    -0.092623209       7.0200540       7.0533182     -0.47161174
       15.840000     -0.11246129    -0.097397999       7.1759283       7.2112330     -0.48957974
       16.170000     -0.11777752     -0.10220075       7.3322484       7.3696648     -0.50770730
       16.500000     -0.12312296     -0.10702596       7.4890277       7.5286266     -0.52597771
       16.830000     -0.12849261     -0.11186792       7.6462795       7.6881317     -0.54437354
       17.160000     -0.13388137     -0.11672067       7.8040179       7.8481936     -0.56287665
       17.490000     -0.13928404     -0.12157800       7.9622571       8.0088258     -0.58146809
       17.820000     -0.14469533     -0.12643341       8.1210115       8.1700422     -0.60012811
       18.150000     -0.15010985     -0.13128017       8.2802961       8.3318567     -0.61883614
       18.480000     -0.15552216     -0.13611121       8.4401263       8.4942833     -0.63757068
       18.810000     -0.16092670     -0.14091918       8.6005176       8.6573365     -0.65630935
       19.140000     -0.16631787     -0.14569641       8.7614862       8.8210307     -0.67502876
       19.470000     -0.17168999     -0.15043488       8.9230487       8.9853807     -0.69370454
       19.800000     -0.17703731     -0.15512622       9.0852219       9.1504013     -0.71231122
       20.130000     -0.18235404     -0.15976168       9.2480235       9.3161077     -0.73082223
       20.460000     -0.18763436     -0.16433212       9.4114713       9.4825153     -0.74920984
       20.790000     -0.19287239     -0.16882799       9.5755839       9.6496395     -0.76744507
       21.120000     -0.19806227     -0.17323929       9.7403801       9.8174963     -0.78549766
       21.450000     -0.20319810     -0.17755557       9.9058797       9.9861017     -0.80333597
       21.780000     -0.20827400     -0.18176586       10.072103       10.155472     -0.82092695
       22.110000     -0.21328414     -0.18585870       10.239070       10.325623     -0.83823605
       22.440000     -0.21822272     -0.18982207       10.406804       10.496573     -0.85522711
       22.770000     -0.22308401     -0.19364337       10.575325       10.668338     -0.87186232
       23.100000     -0.22786239     -0.19730938       10.744657       10.840935     -0.88810211
       23.430000     -0.23255236     -0.20080622       10.914823       11.014383     -0.90390504
       23.760000     -0.23714858     -0.20411933       11.085849       11.188698     -0.91922773
       24.090000     -0.24164591     -0.20723339       11.257759       11.363900     -0.93402470
       24.420000     -0.24603943     -0.21013229       11.430579       11.540007     -0.94824831
       24.750000     -0.25032454     -0.21279910       11.604337       11.717037     -0.96184857
       25.080000     -0.25449694     -0.21521598       11.779060       11.895009     -0.97477308
       25.410000     -0.25855276     -0.21736414       11.954778       12.073944     -0.98696679
       25.740000     -0.26248856     -0.21922376       12.131521       12.253860     -0.99837195
       26.070000     -0.26630148     -0.22077392       12.309321       12.434779      -1.0089278
       26.400000     -0.26998926     -0.22199256       12.488210       12.616720      -1.0185706
       26.730000     -0.27355037     -0.22285633       12.668221       12.799704      -1.0272333
       27.060000     -0.27698412     -0.22334056       12.849391       12.983753      -1.0348451
       27.390000     -0.28029078     -0.22341911       13.031757       13.168888      -1.0413318
       27.720000     -0.28347171     -0.22306430       13.215355       13.355132      -1.0466149
       28.050000     -0.28652954     -0.22224677       13.400227       13.542506      -1.0506120
       28.380000     -0.28946835     -0.22093535       13.586414       13.731034      -1.0532359
       28.710000     -0.29229384     -0.21909692       13.773959       13.920739      -1.0543945
       29.040000     -0.29501363     -0.21669625       13.962909       14.111644      -1.0539908
       29.370000     -0.29763747     -0.21369582       14.153310       14.303774      -1.0519221
       29.700000     -0.30017756     -0.21005565       14.345213       14.497154      -1.0480795
       30.030000     -0.30264892     -0.20573304       14.538669       14.691809      -1.0423481
       30.360000     -0.30506977     -0.20068240       14.733735       14.887764      -1.0346060
       30.690000     -0.30746198     -0.19485494       14.930466       15.085046      -1.0247236
       31.020000     -0.30985161     -0.18819838       15.128925       15.283682      -1.0125639
       31.350000     -0.31226948     -0.18065666       15.329173       15.483698     -0.99798068
       31.680000     -0.31475191     -0.17216956       15.531280       15.685122     -0.98081890
       32.010000     -0.31734145     -0.16267229       15.735314       15.887984     -0.96091324
       32.340000     -0.32008787     -0.15209506       15.941352       16.092312     -0.93808754
       32.670000     -0.32304916     -0.14036255       16.149471       16.298135     -0.91215381
       33.000000     -0.32629280     -0.12739335       16.359756       16.505485     -0.88291119

Table series: Data for wavelength : 0.656273 µm.
   Y Angle (deg)       Tan Shift       Sag Shift     Real Height     Ref. Height      Distortion
  --------------  --------------  --------------  --------------  --------------  --------------
      0.00000000      0.11230220      0.11230220      0.00000000      0.00000000      0.00000000
      0.33000000      0.11223063      0.11223679      0.14650347      0.14650388 -2.8511176E-004
      0.66000000      0.11201575      0.11204059      0.29301457      0.29301749 -9.9538868E-004
      0.99000000      0.11165770      0.11171371      0.43954096      0.43955053 -2.1788415E-003
       1.3200000      0.11115674      0.11125634      0.58609027      0.58611275 -3.8349566E-003
       1.6500000      0.11051320      0.11066872      0.73267019      0.73271388 -5.9630140E-003
       1.9800000      0.10972753      0.10995117      0.87928837      0.87936366 -8.5620865E-003
       2.3100000      0.10880027      0.10910410       1.0259525       1.0260719    -0.011631038
       2.6400000      0.10773207      0.10812798       1.1726703       1.1728482    -0.015168524
       2.9700000      0.10652366      0.10702334       1.3194496       1.3197026    -0.019172986
       3.3000000      0.10517590      0.10579081       1.4662980       1.4666447    -0.023642653
       3.6300000      0.10368972      0.10443108       1.6132234       1.6136845    -0.028575538
       3.9600000      0.10206617      0.10294492       1.7602337       1.7608318    -0.033969434
       4.2900000      0.10030640      0.10133317       1.9073366       1.9080965    -0.039821916
       4.6200000     0.098411639     0.099596754       2.0545403       2.0554885    -0.046130330
       4.9500000     0.096383247     0.097736681       2.2018525       2.2030177    -0.052891796
       5.2800000     0.094222673     0.095754028       2.3492814       2.3506942    -0.060103202
       5.6100000     0.091931469     0.093649958       2.4968350       2.4985280    -0.067761199
       5.9400000     0.089511291     0.091425717       2.6445215       2.6465292    -0.075862199
       6.2700000     0.086963900     0.089082632       2.7923490       2.7947078    -0.084402365
       6.6000000     0.084291159     0.086622119       2.9403260       2.9430741    -0.093377614
       6.9300000     0.081495039     0.084045678       3.0884606       3.0916383     -0.10278360
       7.2600000     0.078577614     0.081354898       3.2367615       3.2404107     -0.11261573
       7.5900000     0.075541065     0.078551462       3.3852370       3.3894015     -0.12286912
       7.9200000     0.072387680     0.075637142       3.5338958       3.5386212     -0.13353864
       8.2500000     0.069119855     0.072613807       3.6827466       3.6880802     -0.14461884
       8.5800000     0.065740092     0.069483423       3.8317981       3.8377891     -0.15610402
       8.9100000     0.062251006     0.066248055       3.9810594       3.9877584     -0.16798815
       9.2400000     0.058655319     0.062909870       4.1305394       4.1379987     -0.18026492
       9.5700000     0.054955864     0.059471142       4.2802472       4.2885209     -0.19292769
       9.9000000     0.051155584     0.055934252       4.4301920       4.4393357     -0.20596949
       10.230000     0.047257538     0.052301692       4.5803833       4.5904540     -0.21938304
       10.560000     0.043264893     0.048576069       4.7308305       4.7418868     -0.23316068
       10.890000     0.039180932     0.044760106       4.8815434       4.8936451     -0.24729443
       11.220000     0.035009054     0.040856652       5.0325316       5.0457401     -0.26177592
       11.550000     0.030752770     0.036868677       5.1838051       5.1981831     -0.27659641
       11.880000     0.026415710     0.032799284       5.3353740       5.3509853     -0.29174675
       12.210000     0.022001617     0.028651708       5.4872486       5.5041583     -0.30721740
       12.540000     0.017514354     0.024429325       5.6394393       5.6577136     -0.32299840
       12.870000     0.012957903     0.020135654       5.7919567       5.8116628     -0.33907934
       13.200000  8.3363607E-003     0.015774364       5.9448116       5.9660178     -0.35544936
       13.530000  3.6539465E-003     0.011349275       6.0980150       6.1207903     -0.37209714
       13.860000 -1.0850018E-003  6.8643734E-003       6.2515782       6.2759925     -0.38901086
       14.190000 -5.8760269E-003  2.3238075E-003       6.4055125       6.4316364     -0.40617821
       14.520000    -0.010714550 -2.2680985E-003       6.5598295       6.5877343     -0.42358632
       14.850000    -0.015595874 -6.9068408E-003       6.7145413       6.7442986     -0.44122180
       15.180000    -0.020515178    -0.011587727       6.8696598       6.9013418     -0.45907070
       15.510000    -0.025467523    -0.016305871       7.0251974       7.0588766     -0.47711844
       15.840000    -0.030447850    -0.021056179       7.1811668       7.2169158     -0.49534985
       16.170000    -0.035450979    -0.025833348       7.3375810       7.3754724     -0.51374910
       16.500000    -0.040471612    -0.030631851       7.4944531       7.5345595     -0.53229971
       16.830000    -0.045504333    -0.035445928       7.6517965       7.6941903     -0.55098448
       17.160000    -0.050543610    -0.040269577       7.8096253       7.8543784     -0.56978549
       17.490000    -0.055583795    -0.045096540       7.9679534       8.0151372     -0.58868403
       17.820000    -0.060619127    -0.049920296       8.1267954       8.1764806     -0.60766064
       18.150000    -0.065643736    -0.054734042       8.2861661       8.3384226     -0.62669498
       18.480000    -0.070651643    -0.059530682       8.4460808       8.5009772     -0.64576587
       18.810000    -0.075636766    -0.064302815       8.6065551       8.6641589     -0.66485119
       19.140000    -0.080592922    -0.069042715       8.7676051       8.8279821     -0.68392789
       19.470000    -0.085513836    -0.073742319       8.9292471       8.9924616     -0.70297191
       19.800000    -0.090393141    -0.078393203       9.0914981       9.1576123     -0.72195813
       20.130000    -0.095224389    -0.082986572       9.2543755       9.3234493     -0.74086034
       20.460000     -0.10000106    -0.087513232       9.4178971       9.4899880     -0.75965118
       20.790000     -0.10471655    -0.091963573       9.5820814       9.6572439     -0.77830206
       21.120000     -0.10936423    -0.096327543       9.7469472       9.8252330     -0.79678314
       21.450000     -0.11393741     -0.10059463       9.9125140       9.9939712     -0.81506323
       21.780000     -0.11842936     -0.10475382       10.078802       10.163475     -0.83310972
       22.110000     -0.12283334     -0.10879358       10.245832       10.333760     -0.85088854
       22.440000     -0.12714263     -0.11270185       10.413625       10.504845     -0.86836406
       22.770000     -0.13135049     -0.11646595       10.582203       10.676745     -0.88549899
       23.100000     -0.13545027     -0.12007261       10.751589       10.849479     -0.90225433
       23.430000     -0.13943536     -0.12350790       10.921806       11.023063     -0.91858923
       23.760000     -0.14329924     -0.12675717       11.092879       11.197516     -0.93446094
       24.090000     -0.14703554     -0.12980505       11.264833       11.372856     -0.94982465
       24.420000     -0.15063804     -0.13263538       11.437694       11.549101     -0.96463340
       24.750000     -0.15410074     -0.13523116       11.611489       11.726270     -0.97883798
       25.080000     -0.15741788     -0.13757448       11.786246       11.904383     -0.99238673
       25.410000     -0.16058403     -0.13964648       11.961993       12.083459      -1.0052255
       25.740000     -0.16359409     -0.14142730       12.138761       12.263517      -1.0172973
       26.070000     -0.16644345     -0.14289597       12.316580       12.444578      -1.0285424
       26.400000     -0.16912797     -0.14403033       12.495484       12.626662      -1.0388981
       26.730000     -0.17164413     -0.14480700       12.675506       12.809791      -1.0482981
       27.060000     -0.17398912     -0.14520125       12.856681       12.993985      -1.0566732
       27.390000     -0.17616094     -0.14518689       13.039045       13.179266      -1.0639500
       27.720000     -0.17815854     -0.14473619       13.222637       13.365656      -1.0700515
       28.050000     -0.17998195     -0.14381975       13.407496       13.553178      -1.0748965
       28.380000     -0.18163248     -0.14240636       13.593663       13.741855      -1.0783993
       28.710000     -0.18311288     -0.14046286       13.781181       13.931709      -1.0804695
       29.040000     -0.18442758     -0.13795401       13.970096       14.122765      -1.0810115
       29.370000     -0.18558290     -0.13484228       14.160455       14.315047      -1.0799244
       29.700000     -0.18658737     -0.13108766       14.352307       14.508579      -1.0771015
       30.030000     -0.18745205     -0.12664750       14.545704       14.703387      -1.0724296
       30.360000     -0.18819089     -0.12147620       14.740699       14.899497      -1.0657891
       30.690000     -0.18882113     -0.11552504       14.937351       15.096934      -1.0570529
       31.020000     -0.18936384     -0.10874179       15.135719       15.295726      -1.0460862
       31.350000     -0.18984444     -0.10107050       15.335866       15.495900      -1.0327460
       31.680000     -0.19029335    -0.092451059       15.537858       15.697483      -1.0168798
       32.010000     -0.19074676    -0.082818839       15.741766       15.900504     -0.99832581
       32.340000     -0.19124747    -0.072104243       15.947662       16.104993     -0.97691120
       32.670000     -0.19184586    -0.060232201       16.155625       16.310979     -0.95245181
       33.000000     -0.19260111    -0.047121608       16.365737       16.518492     -0.92475092
